latitude,longitude,brightness,acq_date,acq_time,daynight,type
-17.9821,29.9083,320.3,2023-01-04,1201,D,0
-19.7624,32.9303,314.2,2023-01-19,1111,D,0
-21.713,30.496,324.8,2023-01-20,1153,D,0
-21.7116,30.5057,345.1,2023-01-20,1153,D,0
-21.7138,30.4985,319.7,2023-01-22,1139,D,0
-21.7122,30.5116,318.1,2023-01-22,1139,D,0
-18.6893,32.7925,312.0,2023-01-28,753,D,0
-21.3831,30.7026,332.6,2023-01-28,754,D,0
-21.3728,30.6946,355.5,2023-01-28,754,D,0
-21.3742,30.7041,330.4,2023-01-28,754,D,0
-21.3817,30.6931,338.1,2023-01-28,754,D,0
-18.6161,32.8611,319.5,2023-01-29,1143,D,0
-18.6877,32.8791,317.3,2023-01-29,1143,D,0
-17.3987,30.5578,313.9,2023-01-29,1143,D,0
-17.6687,30.4922,311.7,2023-02-02,802,D,0
-18.434,26.4845,326.8,2023-02-03,1159,D,0
-20.6193,30.8029,313.1,2023-02-07,812,D,0
-21.2978,31.327,312.4,2023-02-07,812,D,0
-18.3588,26.4257,326.2,2023-02-08,1215,D,0
-21.142,31.4121,322.7,2023-02-09,756,D,0
-21.146,31.4164,325.8,2023-02-23,1951,N,0
-21.1439,31.4357,306.8,2023-02-23,1951,N,0
-18.4275,26.4904,303.4,2023-02-23,2354,N,0
-18.4334,26.4832,315.0,2023-02-24,823,D,0
-18.4348,26.494,314.6,2023-02-24,823,D,0
-18.437,26.4894,304.2,2023-02-24,2033,N,0
-18.3732,26.4814,317.3,2023-02-26,807,D,0
-18.4287,26.4254,320.4,2023-02-26,807,D,0
-18.4379,26.4851,320.0,2023-02-26,807,D,0
-18.441,26.4799,319.7,2023-02-26,1152,D,0
-18.4491,26.5274,314.2,2023-03-01,831,D,0
-18.4326,26.4834,317.1,2023-03-01,831,D,0
-18.4329,26.4911,304.5,2023-03-02,2356,N,0
-18.4356,26.483,317.7,2023-03-03,815,D,0
-18.4369,26.4924,317.4,2023-03-03,815,D,0
-18.3708,26.4802,318.7,2023-03-03,815,D,0
-18.4326,26.4871,303.4,2023-03-03,2026,N,0
-18.4354,26.4837,322.5,2023-03-06,1236,D,0
-18.4304,26.483,300.6,2023-03-06,2051,N,0
-17.9727,29.9189,316.3,2023-03-07,743,D,0
-18.436,26.4848,320.8,2023-03-08,824,D,0
-19.0372,30.1875,322.5,2023-03-08,1222,D,0
-19.0246,30.185,335.9,2023-03-08,1222,D,0
-19.0368,30.1802,325.3,2023-03-08,1222,D,0
-19.0206,30.1977,320.7,2023-03-08,1222,D,0
-18.4408,26.4818,323.4,2023-03-08,1222,D,0
-18.4364,26.4856,310.0,2023-03-08,2035,N,0
-18.6939,32.7887,311.7,2023-03-09,727,D,0
-18.6965,32.8043,317.8,2023-03-09,727,D,0
-18.6955,32.7985,322.9,2023-03-09,727,D,0
-18.1295,32.8375,310.1,2023-03-09,1126,D,0
-18.7413,32.7765,326.7,2023-03-09,1126,D,0
-18.1312,32.8236,315.9,2023-03-09,1126,D,0
-17.984,29.9062,311.2,2023-03-09,1126,D,0
-18.4317,26.495,307.0,2023-03-09,2357,N,0
-18.4303,26.4844,306.1,2023-03-09,2357,N,0
-18.4302,26.4882,324.7,2023-03-10,808,D,0
-18.4392,26.4868,321.9,2023-03-10,808,D,0
-18.445,26.525,320.7,2023-03-10,808,D,0
-18.4366,26.49,306.1,2023-03-10,2019,N,0
-18.4304,26.4834,305.6,2023-03-10,2019,N,0
-21.1421,31.4273,302.7,2023-03-10,2302,N,0
-18.4306,26.4924,310.8,2023-03-11,2344,N,0
-18.4359,26.4887,319.9,2023-03-12,752,D,0
-18.4365,26.4931,318.6,2023-03-13,833,D,0
-18.4376,26.4881,308.4,2023-03-13,2043,N,0
-18.4341,26.4818,309.8,2023-03-13,2043,N,0
-18.4384,26.4878,320.3,2023-03-15,817,D,0
-18.4337,26.4865,310.7,2023-03-15,2027,N,0
-18.432,26.4896,310.0,2023-03-16,2359,N,0
-21.1347,31.3894,317.2,2023-03-17,801,D,0
-18.3732,26.4771,324.5,2023-03-17,1210,D,0
-20.2242,29.4914,319.2,2023-03-19,1156,D,0
-20.2138,29.4997,319.5,2023-03-19,1156,D,0
-20.2151,29.49,357.8,2023-03-19,1156,D,0
-18.3714,26.4812,319.4,2023-03-20,825,D,0
-18.4334,26.4846,320.6,2023-03-20,825,D,0
-18.4323,26.484,307.1,2023-03-20,2036,N,0
-20.0401,32.636,313.7,2023-03-21,1142,D,0
-18.4329,26.4881,322.9,2023-03-22,809,D,0
-18.4474,26.5243,314.3,2023-03-22,809,D,0
-18.4384,26.4807,325.1,2023-03-22,1225,D,0
-18.4391,26.4845,324.0,2023-03-24,1211,D,0
-18.4364,26.4851,312.1,2023-03-25,2045,N,0
-18.3693,26.4829,303.7,2023-03-25,2346,N,0
-18.9418,30.1653,318.0,2023-03-26,737,D,0
-18.9408,30.1587,310.0,2023-03-26,737,D,0
-18.9435,30.1741,314.5,2023-03-26,737,D,0
-18.946,30.167,320.9,2023-03-26,1157,D,0
-18.372,26.4763,322.2,2023-03-27,818,D,0
-18.4297,26.4877,322.3,2023-03-27,818,D,0
-18.4389,26.4864,323.0,2023-03-27,818,D,0
-18.4445,26.5262,320.9,2023-03-27,818,D,0
-17.8561,27.5931,307.9,2023-03-27,2028,N,0
-18.1276,31.3218,317.7,2023-03-31,745,D,0
-18.1334,31.3143,314.1,2023-03-31,745,D,0
-18.135,31.3244,313.5,2023-03-31,745,D,0
-18.4362,26.4839,329.0,2023-03-31,1212,D,0
-18.3731,26.4777,325.2,2023-03-31,1212,D,0
-18.438,26.4887,304.0,2023-04-01,2037,N,0
-18.429,26.4872,302.3,2023-04-01,2037,N,0
-18.3696,26.4787,303.3,2023-04-01,2347,N,0
-18.4352,26.4902,302.3,2023-04-01,2347,N,0
-18.4327,26.4869,317.1,2023-04-03,810,D,0
-18.1301,32.8288,329.4,2023-04-04,1144,D,0
-18.3903,30.411,316.8,2023-04-04,1144,D,0
-18.3815,31.8827,327.5,2023-04-04,1144,D,0
-18.3751,31.8759,318.1,2023-04-04,1144,D,0
-18.1263,32.8342,306.4,2023-04-05,754,D,0
-18.4379,26.4841,306.4,2023-04-06,2045,N,0
-21.1115,31.5306,327.8,2023-04-07,738,D,0
-21.1121,31.5212,332.0,2023-04-07,1212,D,0
-18.4366,26.4923,319.7,2023-04-08,818,D,0
-21.1075,31.521,311.1,2023-04-08,819,D,0
-18.4336,26.4837,306.6,2023-04-08,2029,N,0
-18.3701,26.4778,303.2,2023-04-08,2029,N,0
-18.4344,26.4885,300.8,2023-04-08,2347,N,0
-21.1122,31.5225,333.1,2023-04-09,1158,D,0
-16.9936,29.6098,314.1,2023-04-09,1159,D,0
-17.5672,31.6036,311.5,2023-04-10,802,D,0
-18.0441,29.9167,312.7,2023-04-10,802,D,0
-18.372,26.4796,321.3,2023-04-10,802,D,0
-21.1129,31.5246,311.2,2023-04-10,803,D,0
-18.44,26.4869,311.9,2023-04-13,827,D,0
-18.4913,25.9931,326.6,2023-04-13,1131,D,0
-18.4927,26.0008,322.0,2023-04-13,1131,D,0
-18.4752,25.9993,324.1,2023-04-13,1131,D,0
-18.4788,25.9577,325.5,2023-04-13,1131,D,0
-18.4738,25.9917,327.8,2023-04-13,1131,D,0
-18.4777,25.95,319.3,2023-04-13,1131,D,0
-18.4354,26.4839,305.8,2023-04-13,2037,N,0
-18.3721,26.4776,308.0,2023-04-13,2037,N,0
-18.3232,32.6973,306.9,2023-04-14,730,D,0
-20.1122,29.2413,307.7,2023-04-14,730,D,0
-18.2933,29.8464,321.3,2023-04-14,1213,D,0
-18.4977,25.9018,320.8,2023-04-14,2118,N,0
-18.4718,25.9398,301.8,2023-04-14,2118,N,0
-18.4885,25.9368,319.7,2023-04-14,2118,N,0
-18.4969,25.8943,315.0,2023-04-14,2118,N,0
-18.4714,25.9324,303.9,2023-04-14,2118,N,0
-18.489,25.9441,312.7,2023-04-14,2118,N,0
-18.2839,30.7707,312.8,2023-04-15,810,D,0
-17.5104,30.3686,318.9,2023-04-15,810,D,0
-18.0988,30.1048,314.2,2023-04-15,1117,D,0
-18.0933,30.097,313.1,2023-04-15,1117,D,0
-17.2829,29.9785,309.0,2023-04-17,754,D,0
-17.2844,29.9879,310.3,2023-04-17,754,D,0
-18.5466,30.8596,312.1,2023-04-17,754,D,0
-21.1203,31.5427,326.7,2023-04-18,1144,D,0
-18.184,26.1059,351.2,2023-04-19,1227,D,0
-17.2779,30.232,311.0,2023-04-20,818,D,0
-18.209,30.395,314.7,2023-04-20,819,D,0
-18.2111,30.4131,317.2,2023-04-20,819,D,0
-18.4848,25.892,358.5,2023-04-20,1131,D,0
-18.4857,25.8996,351.0,2023-04-20,1131,D,0
-18.5213,25.8192,309.3,2023-04-20,2029,N,0
-18.5109,25.8276,310.9,2023-04-20,2029,N,0
-18.4875,25.864,303.4,2023-04-20,2029,N,0
-18.4888,25.8542,311.1,2023-04-20,2029,N,0
-18.4901,25.8444,306.6,2023-04-20,2029,N,0
-18.3684,26.4754,304.9,2023-04-20,2029,N,0
-18.5019,25.9117,322.0,2023-04-21,2,N,0
-18.4863,25.8692,301.7,2023-04-21,2,N,0
-20.3062,32.3387,312.1,2023-04-21,722,D,0
-18.5445,25.8311,353.0,2023-04-21,1213,D,0
-18.5459,25.8217,347.8,2023-04-21,1213,D,0
-18.5262,25.8953,333.1,2023-04-21,1213,D,0
-18.5343,25.839,332.1,2023-04-21,1213,D,0
-18.5356,25.8296,371.6,2023-04-21,1213,D,0
-18.489,25.8356,332.2,2023-04-21,1213,D,0
-18.1754,29.8973,328.3,2023-04-21,1213,D,0
-18.5432,25.8405,327.4,2023-04-21,1213,D,0
-17.2435,31.3476,315.5,2023-04-22,802,D,0
-17.3025,30.4901,311.3,2023-04-22,802,D,0
-18.4998,25.801,331.7,2023-04-22,803,D,0
-18.5279,25.8912,324.2,2023-04-22,803,D,0
-18.5198,25.7801,325.7,2023-04-22,803,D,0
-18.4867,25.8006,309.1,2023-04-22,2013,N,0
-18.1986,25.9728,315.2,2023-04-23,843,D,0
-18.2126,25.9719,326.5,2023-04-23,843,D,0
-18.2037,25.9657,318.7,2023-04-23,843,D,0
-18.2062,25.991,318.5,2023-04-23,843,D,0
-18.5659,31.028,322.4,2023-04-23,1159,D,0
-20.0545,31.1812,325.0,2023-04-23,1159,D,0
-19.8914,31.3374,325.9,2023-04-23,1159,D,0
-20.2573,28.2039,324.3,2023-04-23,1159,D,0
-20.2587,28.1936,318.7,2023-04-23,1159,D,0
-19.4352,29.753,317.7,2023-04-23,1159,D,0
-18.2994,31.3286,315.3,2023-04-23,1159,D,0
-18.1255,31.0125,326.9,2023-04-23,1159,D,0
-17.6299,31.1207,328.1,2023-04-23,1159,D,0
-17.8115,29.1425,316.9,2023-04-23,1159,D,0
-18.2241,25.9612,331.9,2023-04-23,1200,D,0
-18.228,25.9562,325.3,2023-04-23,1200,D,0
-17.6008,30.3389,317.3,2023-04-23,1200,D,0
-17.6022,30.3294,324.1,2023-04-23,1200,D,0
-17.5524,30.2922,319.7,2023-04-23,1200,D,0
-16.6598,30.829,315.7,2023-04-23,1200,D,0
-17.7532,31.3206,315.1,2023-04-24,746,D,0
-17.9773,29.899,320.5,2023-04-24,746,D,0
-18.4232,32.5926,311.8,2023-04-24,746,D,0
-20.1028,29.253,315.6,2023-04-24,747,D,0
-20.1125,29.2512,313.3,2023-04-24,747,D,0
-18.1426,30.016,325.6,2023-04-25,1145,D,0
-20.16,28.8759,320.0,2023-04-25,1145,D,0
-20.1571,28.8836,317.4,2023-04-25,1145,D,0
-20.1589,28.869,316.6,2023-04-25,1145,D,0
-19.027,29.7918,321.7,2023-04-25,1145,D,0
-18.8017,30.9564,322.1,2023-04-25,1145,D,0
-18.9006,29.8176,325.7,2023-04-25,1145,D,0
-18.7455,30.6213,339.1,2023-04-25,1145,D,0
-18.7591,29.7349,324.8,2023-04-25,1145,D,0
-18.3925,32.058,325.8,2023-04-25,1145,D,0
-18.5832,29.9162,324.1,2023-04-25,1145,D,0
-18.5847,29.9041,321.9,2023-04-25,1145,D,0
-18.3924,31.0542,320.1,2023-04-25,1145,D,0
-18.3102,30.8428,321.1,2023-04-25,1145,D,0
-17.8599,30.1576,322.6,2023-04-25,1145,D,0
-17.4726,30.2382,319.9,2023-04-25,1146,D,0
-17.2994,31.0597,323.8,2023-04-25,1146,D,0
-17.4404,30.5566,370.2,2023-04-25,1146,D,0
-17.4389,30.5673,322.5,2023-04-25,1146,D,0
-17.1019,30.7368,318.6,2023-04-25,1146,D,0
-16.6741,31.3261,321.6,2023-04-25,1146,D,0
-16.5969,31.3589,315.7,2023-04-25,1146,D,0
-16.7118,30.1188,314.7,2023-04-25,1146,D,0
-17.4418,30.5458,352.8,2023-04-25,1146,D,0
-18.0767,30.0846,316.2,2023-04-26,730,D,0
-18.064,30.0869,331.1,2023-04-26,730,D,0
-18.3228,29.7798,320.7,2023-04-26,1227,D,0
-18.3112,29.7953,317.3,2023-04-26,1227,D,0
-18.4572,25.5861,327.6,2023-04-26,1227,D,0
-18.459,25.5747,325.3,2023-04-26,1227,D,0
-17.514,30.6473,315.6,2023-04-26,1227,D,0
-17.7653,29.156,318.0,2023-04-26,1228,D,0
-17.4159,30.1918,316.3,2023-04-26,1228,D,0
-17.3472,28.9182,318.6,2023-04-26,1228,D,0
-16.6996,31.3388,310.1,2023-04-27,810,D,0
-18.0284,30.8982,331.5,2023-04-27,811,D,0
-18.0267,30.884,337.8,2023-04-27,811,D,0
-18.0375,30.8827,322.4,2023-04-27,811,D,0
-18.0393,30.8968,322.5,2023-04-27,811,D,0
-18.3499,31.5702,316.0,2023-04-27,811,D,0
-19.3653,30.2194,320.6,2023-04-27,1131,D,0
-18.7397,32.7655,355.4,2023-04-27,1131,D,0
-18.7328,32.7718,333.8,2023-04-27,1131,D,0
-18.7345,32.7582,338.4,2023-04-27,1131,D,0
-18.5189,32.6755,339.0,2023-04-27,1131,D,0
-18.5206,32.6617,308.8,2023-04-27,1131,D,0
-18.4402,29.7628,315.5,2023-04-27,1131,D,0
-18.4441,29.7584,313.9,2023-04-27,1131,D,0
-18.1126,31.0989,316.0,2023-04-27,1131,D,0
-18.1186,31.0947,315.8,2023-04-27,1131,D,0
-17.8556,31.2709,317.3,2023-04-27,1132,D,0
-17.8646,30.7224,313.3,2023-04-27,1132,D,0
-17.4073,30.1981,319.3,2023-04-27,1132,D,0
-17.4035,30.2102,319.6,2023-04-27,1132,D,0
-17.2853,30.2293,316.4,2023-04-27,1132,D,0
-16.6551,31.3854,314.2,2023-04-27,1132,D,0
-18.0685,30.3716,317.9,2023-04-28,1213,D,0
-17.8162,31.4988,315.0,2023-04-28,1213,D,0
-16.4942,28.8519,316.4,2023-04-28,1214,D,0
-17.3824,30.3229,318.0,2023-04-28,1214,D,0
-17.39,30.2106,318.7,2023-04-28,1214,D,0
-17.0081,29.0982,318.7,2023-04-28,1214,D,0
-18.254,30.9676,314.8,2023-04-29,754,D,0
-18.0004,31.2605,319.7,2023-04-29,754,D,0
-18.0441,29.912,315.8,2023-04-29,754,D,0
-17.999,31.2511,332.9,2023-04-29,754,D,0
-18.2059,29.794,315.1,2023-04-29,1117,D,0
-18.0745,30.4663,326.9,2023-04-29,1117,D,0
-18.0779,30.4303,318.2,2023-04-29,1117,D,0
-18.0841,30.463,333.7,2023-04-29,1117,D,0
-18.0878,30.4271,315.6,2023-04-29,1117,D,0
-19.8895,32.8668,309.6,2023-04-29,1117,D,0
-19.8953,32.8852,308.4,2023-04-29,1117,D,0
-17.6316,30.3139,311.4,2023-04-29,1118,D,0
-17.6387,30.3223,312.2,2023-04-29,1118,D,0
-17.6279,30.3504,311.2,2023-04-29,1118,D,0
-18.3364,25.9228,324.9,2023-04-29,1255,D,0
-18.3412,25.9315,326.0,2023-04-29,1255,D,0
-18.3288,25.9608,317.6,2023-04-29,1255,D,0
-19.9922,32.7753,317.0,2023-04-29,2004,N,0
-18.3661,26.4797,304.5,2023-04-29,2348,N,0
-18.3708,26.45,301.0,2023-04-29,2348,N,0
-18.3303,25.9502,321.4,2023-04-30,835,D,0
-18.3323,25.9678,322.9,2023-04-30,835,D,0
-18.1554,30.0169,325.2,2023-04-30,1159,D,0
-18.1568,30.0076,337.7,2023-04-30,1159,D,0
-18.1869,29.8017,319.8,2023-04-30,1159,D,0
-20.288,30.0343,319.6,2023-04-30,1159,D,0
-19.5,29.8219,322.5,2023-04-30,1159,D,0
-19.5013,29.8125,321.4,2023-04-30,1159,D,0
-19.4104,29.8007,352.2,2023-04-30,1159,D,0
-19.4117,29.7913,343.2,2023-04-30,1159,D,0
-19.0229,30.8693,333.6,2023-04-30,1159,D,0
-19.2696,27.965,319.8,2023-04-30,1159,D,0
-19.2603,27.9636,324.0,2023-04-30,1159,D,0
-19.2616,27.9533,320.0,2023-04-30,1159,D,0
-18.9019,29.8227,320.1,2023-04-30,1159,D,0
-18.8886,29.8428,319.9,2023-04-30,1159,D,0
-18.4129,29.7642,323.9,2023-04-30,1159,D,0
-18.4143,29.7549,320.1,2023-04-30,1159,D,0
-18.3168,30.2964,319.5,2023-04-30,1159,D,0
-18.3182,30.2869,326.2,2023-04-30,1159,D,0
-18.3092,30.2855,337.5,2023-04-30,1159,D,0
-18.3541,29.9176,317.5,2023-04-30,1159,D,2
-18.3146,29.8663,324.1,2023-04-30,1159,D,0
-18.2892,29.8526,317.6,2023-04-30,1159,D,0
-18.1657,30.009,321.0,2023-04-30,1159,D,0
-18.1958,29.8031,340.8,2023-04-30,1159,D,0
-17.2861,30.2236,336.1,2023-04-30,1200,D,0
-17.9447,31.292,315.6,2023-04-30,1200,D,0
-17.9366,31.2942,315.2,2023-04-30,1200,D,0
-17.9303,31.2114,320.8,2023-04-30,1200,D,0
-17.9211,31.2099,327.5,2023-04-30,1200,D,0
-17.9226,31.1999,338.2,2023-04-30,1200,D,0
-18.0645,30.13,321.6,2023-04-30,1200,D,0
-17.9737,30.3121,355.8,2023-04-30,1200,D,0
-17.975,30.3027,323.8,2023-04-30,1200,D,0
-17.9647,30.3106,319.2,2023-04-30,1200,D,0
-17.9661,30.3012,316.4,2023-04-30,1200,D,0
-17.8221,31.1973,317.9,2023-04-30,1200,D,0
-17.6595,31.5267,320.4,2023-04-30,1200,D,0
-17.3484,30.1758,316.7,2023-04-30,1200,D,0
-17.2847,30.233,318.9,2023-04-30,1200,D,0
-16.7062,30.899,314.1,2023-04-30,1200,D,0
-16.8586,29.686,325.4,2023-04-30,1200,D,0
-16.7471,29.0581,324.0,2023-04-30,1200,D,0
-16.3563,29.1523,323.6,2023-04-30,1200,D,0
-16.3447,29.1693,341.8,2023-04-30,1200,D,0
-16.3473,29.1509,372.0,2023-04-30,1200,D,0
-16.2071,29.1638,326.4,2023-04-30,1200,D,0
-16.2084,29.1546,327.5,2023-04-30,1200,D,0
-16.3218,29.2004,300.5,2023-05-01,2334,N,0
-18.3721,26.4797,319.1,2023-05-02,819,D,0
-19.3835,30.6404,339.0,2023-05-02,1145,D,0
-19.4555,29.8228,314.4,2023-05-02,1145,D,2
-18.3095,32.0189,323.0,2023-05-02,1145,D,0
-18.3109,32.0093,312.3,2023-05-02,1145,D,0
-18.1612,31.9641,317.2,2023-05-02,1145,D,0
-18.1131,31.4476,316.1,2023-05-02,1145,D,0
-18.2147,30.3918,328.9,2023-05-02,1145,D,0
-18.0748,31.0487,333.8,2023-05-02,1145,D,0
-21.159,27.8646,318.0,2023-05-02,1145,D,0
-19.382,30.6518,351.1,2023-05-02,1145,D,0
-17.8972,30.8604,314.3,2023-05-02,1146,D,0
-17.8986,30.8498,340.0,2023-05-02,1146,D,0
-19.9386,30.6803,312.9,2023-05-03,1227,D,0
-18.7168,30.6369,331.7,2023-05-03,1227,D,0
-18.7215,30.6122,319.2,2023-05-03,1227,D,0
-18.4539,29.8016,314.2,2023-05-03,1227,D,0
-18.3925,25.9603,347.5,2023-05-03,1228,D,0
-18.4065,25.9382,328.8,2023-05-03,1228,D,0
-18.3886,25.9842,325.4,2023-05-03,1228,D,0
-18.3906,25.9723,340.5,2023-05-03,1228,D,0
-18.3907,25.9789,332.4,2023-05-03,1228,D,0
-18.3926,25.9669,343.1,2023-05-03,1228,D,0
-18.3806,25.9771,323.8,2023-05-03,1228,D,0
-16.277,29.158,310.1,2023-05-03,2320,N,0
-16.2798,29.1741,314.4,2023-05-03,2320,N,0
-16.2886,29.1559,326.3,2023-05-03,2320,N,0
-16.2914,29.1721,327.6,2023-05-03,2320,N,0
-16.2961,29.1643,316.1,2023-05-04,802,D,0
-16.2975,29.1735,313.7,2023-05-04,802,D,0
-16.69,29.7333,309.1,2023-05-04,802,D,0
-17.6931,31.2332,308.3,2023-05-04,802,D,0
-18.8322,29.5894,334.3,2023-05-04,803,D,0
-18.8336,29.5992,329.1,2023-05-04,803,D,0
-18.8413,29.5881,312.7,2023-05-04,803,D,0
-18.8427,29.5979,310.2,2023-05-04,803,D,0
-18.9372,29.9471,312.6,2023-05-04,803,D,0
-18.41,25.9395,319.8,2023-05-04,803,D,0
-18.4117,25.9502,317.0,2023-05-04,803,D,0
-20.0388,32.6235,306.2,2023-05-04,803,D,0
-19.7727,28.8767,310.4,2023-05-04,803,D,0
-18.7321,32.7388,342.9,2023-05-04,1131,D,0
-20.0505,32.6208,308.1,2023-05-04,1131,D,0
-20.0493,32.6144,312.4,2023-05-04,1131,D,0
-19.397,29.8235,317.8,2023-05-04,1131,D,0
-19.3994,29.8005,312.2,2023-05-04,1131,D,0
-18.8254,32.5434,314.6,2023-05-04,1131,D,0
-18.8271,32.5294,314.8,2023-05-04,1131,D,0
-18.7304,32.7526,363.4,2023-05-04,1131,D,0
-18.4694,31.1374,313.9,2023-05-04,1131,D,0
-18.381,31.4852,314.5,2023-05-04,1131,D,0
-18.3173,31.5545,319.2,2023-05-04,1131,D,0
-18.3193,31.5382,314.8,2023-05-04,1131,D,0
-18.2544,29.9597,311.8,2023-05-04,1131,D,0
-17.9121,31.8868,316.1,2023-05-04,1132,D,0
-17.7846,31.4313,334.1,2023-05-04,1132,D,0
-17.7865,31.4154,315.9,2023-05-04,1132,D,0
-18.3757,25.4987,327.5,2023-05-05,2,N,0
-18.3771,25.5091,307.9,2023-05-05,2,N,0
-16.3167,29.1634,311.4,2023-05-05,843,D,0
-18.6807,26.157,317.7,2023-05-05,844,D,0
-18.6833,26.1515,311.3,2023-05-05,844,D,0
-18.3747,25.5128,315.7,2023-05-05,844,D,0
-18.726,29.7291,320.2,2023-05-05,1213,D,0
-19.4712,30.1915,316.1,2023-05-05,1213,D,0
-19.4388,29.7596,317.5,2023-05-05,1213,D,0
-18.7369,32.7534,321.5,2023-05-05,1213,D,0
-18.7403,32.7343,313.9,2023-05-05,1213,D,0
-18.9917,30.8494,318.1,2023-05-05,1213,D,0
-18.5452,31.4894,319.9,2023-05-05,1213,D,0
-18.549,31.4845,315.6,2023-05-05,1213,D,0
-16.821,30.1597,317.5,2023-05-05,1214,D,0
-18.4136,25.9164,326.0,2023-05-05,1214,D,0
-17.8148,29.4037,314.8,2023-05-05,1214,D,0
-18.3295,26.0562,328.6,2023-05-05,1214,D,0
-18.3192,26.0642,321.8,2023-05-05,1214,D,0
-18.3891,25.5078,325.5,2023-05-05,1214,D,0
-18.371,25.5088,339.0,2023-05-05,1214,D,0
-17.3237,31.4903,321.9,2023-05-05,1214,D,0
-17.3266,31.4734,314.6,2023-05-05,1214,D,0
-17.449,29.1984,319.6,2023-05-05,1214,D,0
-16.3142,29.1793,331.3,2023-05-05,1214,D,0
-16.3161,29.1673,320.8,2023-05-05,1214,D,0
-16.3041,29.1774,326.3,2023-05-05,1214,D,0
-16.3061,29.1654,320.4,2023-05-05,1214,D,0
-16.2897,29.138,319.7,2023-05-05,1214,D,0
-16.2798,29.1196,311.4,2023-05-06,746,D,0
-16.282,29.1325,316.8,2023-05-06,746,D,0
-17.584,31.0348,328.5,2023-05-06,746,D,0
-17.5856,31.0447,320.5,2023-05-06,746,D,0
-18.0453,29.8901,311.2,2023-05-06,746,D,0
-18.047,29.9011,312.7,2023-05-06,746,D,0
-18.7821,29.7294,348.9,2023-05-06,746,D,0
-18.7838,29.7403,350.4,2023-05-06,746,D,0
-19.115,30.9633,335.0,2023-05-06,746,D,0
-19.1165,30.973,325.6,2023-05-06,746,D,0
-18.3523,25.4959,315.4,2023-05-06,746,D,0
-18.3085,30.92,331.2,2023-05-06,1117,D,0
-18.299,30.9597,325.7,2023-05-06,1117,D,0
-18.3023,30.9265,349.6,2023-05-06,1117,D,0
-18.305,30.9533,334.5,2023-05-06,1117,D,0
-16.2803,29.1287,313.0,2023-05-06,1118,D,0
-16.2796,29.121,312.3,2023-05-06,1118,D,0
-16.3447,29.394,311.8,2023-05-06,1118,D,0
-18.3561,25.5007,323.6,2023-05-06,1255,D,0
-18.3708,26.4799,304.4,2023-05-06,2348,N,0
-18.3412,25.5116,308.1,2023-05-06,2348,N,0
-18.3504,25.51,307.5,2023-05-06,2348,N,0
-16.2983,29.1905,301.3,2023-05-06,2348,N,0
-18.3595,25.5085,306.8,2023-05-06,2348,N,0
-16.2701,29.1241,303.3,2023-05-06,2348,N,0
-16.2687,29.1142,304.8,2023-05-06,2348,N,0
-17.9981,31.5021,315.1,2023-05-07,827,D,0
-18.3567,25.5121,323.6,2023-05-07,827,D,0
-18.3668,25.5107,320.8,2023-05-07,827,D,0
-18.3985,25.5187,318.0,2023-05-07,827,D,0
-18.3987,25.5243,315.8,2023-05-07,827,D,0
-18.6109,26.1605,312.3,2023-05-07,827,D,0
-17.1832,30.2994,311.4,2023-05-07,827,D,0
-18.0038,31.5085,316.7,2023-05-07,827,D,0
-18.1265,30.6785,330.0,2023-05-07,1159,D,0
-18.0907,30.1149,325.8,2023-05-07,1159,D,0
-18.1969,29.8886,323.1,2023-05-07,1159,D,0
-18.0921,30.1055,329.2,2023-05-07,1159,D,0
-19.503,29.8308,326.2,2023-05-07,1159,D,0
-19.415,29.7433,317.9,2023-05-07,1159,D,0
-19.229,30.7605,326.6,2023-05-07,1159,D,0
-19.2304,30.7509,317.9,2023-05-07,1159,D,0
-19.2239,29.7291,324.2,2023-05-07,1159,D,0
-19.0749,30.5566,328.2,2023-05-07,1159,D,0
-19.0221,29.915,320.8,2023-05-07,1159,D,0
-18.599,32.1011,323.8,2023-05-07,1159,D,0
-18.7784,29.5589,321.1,2023-05-07,1159,D,0
-18.5872,30.1849,326.9,2023-05-07,1159,D,0
-18.5677,30.0597,324.1,2023-05-07,1159,D,0
-18.4054,30.9668,319.8,2023-05-07,1159,D,0
-18.3963,30.9653,319.0,2023-05-07,1159,D,0
-18.1856,31.0769,331.5,2023-05-07,1159,D,0
-18.1871,31.0672,317.3,2023-05-07,1159,D,0
-18.0593,31.829,314.2,2023-05-07,1159,D,0
-18.0116,31.5034,319.3,2023-05-07,1159,D,0
-17.2225,30.4384,322.2,2023-05-07,1200,D,0
-18.5804,26.141,323.9,2023-05-07,1200,D,0
-18.5819,26.1284,323.7,2023-05-07,1200,D,0
-18.5835,26.1348,325.2,2023-05-07,1200,D,0
-17.877,30.7424,315.5,2023-05-07,1200,D,0
-17.8932,30.205,339.8,2023-05-07,1200,D,0
-17.8946,30.1956,331.9,2023-05-07,1200,D,0
-17.6079,31.8938,318.5,2023-05-07,1200,D,0
-17.6095,31.8832,316.7,2023-05-07,1200,D,0
-17.5984,31.8922,324.9,2023-05-07,1200,D,0
-17.8615,30.171,324.5,2023-05-07,1200,D,0
-17.8629,30.1616,321.7,2023-05-07,1200,D,0
-17.886,29.5561,345.5,2023-05-07,1200,D,0
-17.8873,29.5467,340.7,2023-05-07,1200,D,0
-17.4578,31.3212,326.7,2023-05-07,1200,D,0
-17.4594,31.3112,318.2,2023-05-07,1200,D,0
-17.5764,30.2884,319.5,2023-05-07,1200,D,0
-17.4633,30.9164,313.3,2023-05-07,1200,D,0
-17.3436,30.3097,318.7,2023-05-07,1200,D,0
-17.2132,30.747,316.2,2023-05-07,1200,D,0
-17.2135,30.4369,326.2,2023-05-07,1200,D,0
-17.1868,30.3065,337.1,2023-05-07,1200,D,0
-17.1793,30.2995,331.9,2023-05-07,1200,D,0
-17.1806,30.2901,319.1,2023-05-07,1200,D,0
-16.8543,31.4,320.9,2023-05-07,1200,D,0
-16.8559,31.3898,330.9,2023-05-07,1200,D,0
-16.72,31.3861,314.4,2023-05-07,1200,D,0
-16.2705,29.1427,343.7,2023-05-07,1200,D,0
-16.2745,29.1149,320.0,2023-05-07,1200,D,0
-16.26,29.1092,300.9,2023-05-07,2038,N,0
-18.3772,26.446,301.7,2023-05-07,2038,N,0
-17.2882,29.9666,311.1,2023-05-08,730,D,0
-18.9413,30.133,326.2,2023-05-08,730,D,0
-18.9447,30.152,328.3,2023-05-08,730,D,0
-18.3268,25.8002,324.8,2023-05-08,1241,D,0
-18.3232,25.8129,324.0,2023-05-08,1242,D,0
-18.3268,25.7927,317.2,2023-05-08,1242,D,0
-17.2773,29.963,345.2,2023-05-09,810,D,0
-16.2136,29.1631,317.1,2023-05-09,810,D,0
-16.215,29.1734,314.4,2023-05-09,810,D,0
-16.2259,29.1823,312.8,2023-05-09,810,D,0
-17.3677,31.4608,319.8,2023-05-09,810,D,0
-17.3664,31.4543,310.9,2023-05-09,810,D,0
-17.3682,31.4698,315.8,2023-05-09,810,D,0
-17.2789,29.9753,353.4,2023-05-09,810,D,0
-18.3708,26.4823,316.7,2023-05-09,811,D,0
-18.8977,29.8031,309.8,2023-05-09,811,D,0
-18.0664,32.8353,308.1,2023-05-09,1145,D,0
-17.8689,31.3367,316.2,2023-05-09,1145,D,0
-18.8694,32.5555,311.2,2023-05-09,1145,D,0
-18.7028,30.2458,317.6,2023-05-09,1145,D,0
-18.4087,32.2278,311.4,2023-05-09,1145,D,0
-18.5752,30.0524,316.5,2023-05-09,1145,D,0
-18.5767,30.0403,317.4,2023-05-09,1145,D,0
-18.5761,30.0459,322.9,2023-05-09,1145,D,0
-18.3314,31.5185,336.1,2023-05-09,1145,D,0
-18.5093,29.9252,322.1,2023-05-09,1145,D,0
-18.5109,29.9129,316.4,2023-05-09,1145,D,0
-18.3315,30.2043,312.9,2023-05-09,1145,D,0
-17.4502,31.5891,323.5,2023-05-09,1146,D,0
-17.8792,30.6334,345.7,2023-05-09,1146,D,0
-17.8807,30.6225,317.5,2023-05-09,1146,D,0
-17.8696,30.632,363.9,2023-05-09,1146,D,0
-17.871,30.6211,335.8,2023-05-09,1146,D,0
-17.7038,31.3405,313.6,2023-05-09,1146,D,0
-17.58,31.0382,338.4,2023-05-09,1146,D,0
-17.5813,31.0279,311.7,2023-05-09,1146,D,0
-17.5705,31.0369,361.8,2023-05-09,1146,D,0
-17.5719,31.0266,322.4,2023-05-09,1146,D,0
-17.441,31.5877,324.9,2023-05-09,1146,D,0
-17.4903,30.3329,317.7,2023-05-09,1146,D,0
-17.3245,30.5935,320.7,2023-05-09,1146,D,0
-17.3219,30.443,318.7,2023-05-09,1146,D,0
-17.2027,30.4971,314.5,2023-05-09,1146,D,0
-17.2042,30.4862,319.1,2023-05-09,1146,D,0
-16.7659,30.337,312.6,2023-05-09,1146,D,0
-16.4549,31.0695,314.2,2023-05-09,1146,D,0
-16.218,29.1638,317.4,2023-05-09,1146,D,0
-18.5994,25.8888,320.8,2023-05-10,852,D,0
-18.6031,25.9265,313.2,2023-05-10,852,D,0
-18.6053,25.8814,312.7,2023-05-10,852,D,0
-18.6088,25.9192,312.1,2023-05-10,852,D,0
-19.5853,30.1217,310.9,2023-05-10,1227,D,0
-18.3853,32.6869,322.7,2023-05-10,1227,D,0
-18.3799,32.6803,318.7,2023-05-10,1227,D,0
-18.3871,32.6437,314.2,2023-05-10,1227,D,0
-18.6386,25.8527,329.1,2023-05-10,1227,D,0
-16.3103,29.1918,333.7,2023-05-10,2320,N,0
-16.3132,29.2085,306.9,2023-05-10,2320,N,0
-16.3238,29.1917,316.6,2023-05-11,754,D,0
-16.3253,29.2016,351.2,2023-05-11,754,D,0
-16.8588,29.6179,327.4,2023-05-11,754,D,0
-18.5375,31.2039,338.1,2023-05-11,754,D,0
-18.5388,31.2134,320.7,2023-05-11,754,D,0
-18.3534,26.3452,317.4,2023-05-12,835,D,0
-18.3553,26.3392,318.8,2023-05-12,835,D,0
-18.4591,25.6285,380.3,2023-05-12,1213,D,0
-20.0357,30.5285,317.2,2023-05-12,1213,D,0
-20.2695,28.4729,334.5,2023-05-12,1213,D,0
-18.3296,29.7956,322.9,2023-05-12,1213,D,0
-18.5873,25.8929,328.4,2023-05-12,1213,D,0
-17.7655,30.7331,312.6,2023-05-12,1213,D,0
-18.3742,26.4759,326.7,2023-05-12,1213,D,0
-18.4654,25.6488,333.3,2023-05-12,1213,D,0
-18.4667,25.6394,349.6,2023-05-12,1213,D,0
-18.4681,25.6299,346.1,2023-05-12,1213,D,0
-18.357,26.3429,324.4,2023-05-12,1213,D,0
-18.3583,26.3335,326.5,2023-05-12,1213,D,0
-18.4604,25.619,335.0,2023-05-12,1213,D,0
-18.4554,25.5891,323.6,2023-05-12,1213,D,0
-16.571,29.5185,355.0,2023-05-12,1214,D,0
-16.5587,29.5293,328.4,2023-05-12,1214,D,0
-16.5608,29.5168,333.1,2023-05-12,1214,D,0
-16.5339,29.361,321.6,2023-05-12,1214,D,0
-16.5358,29.3492,353.0,2023-05-12,1214,D,0
-16.2407,29.1497,320.2,2023-05-12,1214,D,0
-16.5356,29.3546,342.4,2023-05-12,1214,D,0
-16.5375,29.3428,329.7,2023-05-12,1214,D,0
-16.3331,29.2081,327.5,2023-05-12,1214,D,0
-18.3729,26.473,301.5,2023-05-12,2046,N,0
-18.6049,31.3753,320.7,2023-05-13,738,D,0
-16.1954,29.185,314.0,2023-05-13,738,D,0
-16.2884,29.0807,311.7,2023-05-13,738,D,0
-18.6003,31.3587,323.8,2023-05-13,738,D,0
-18.6021,31.3703,343.0,2023-05-13,738,D,0
-18.603,31.3638,340.7,2023-05-13,738,D,0
-20.214,32.3876,303.1,2023-05-13,1948,N,0
-18.2116,25.9237,300.9,2023-05-13,2348,N,0
-18.3712,26.4796,304.3,2023-05-13,2348,N,0
-16.3131,29.5398,311.8,2023-05-14,818,D,0
-16.3123,29.5342,308.8,2023-05-14,818,D,0
-18.0133,30.1551,311.9,2023-05-14,819,D,0
-18.1014,29.9639,311.3,2023-05-14,819,D,0
-18.1067,29.9567,312.1,2023-05-14,819,D,0
-18.8935,31.0911,309.9,2023-05-14,819,D,0
-18.3515,26.3376,317.4,2023-05-14,819,D,0
-19.4068,30.6702,308.4,2023-05-14,819,D,0
-19.409,30.6911,309.1,2023-05-14,819,D,0
-19.5391,29.7788,314.1,2023-05-14,819,D,0
-19.5438,29.7716,312.5,2023-05-14,819,D,0
-19.576,29.8417,308.6,2023-05-14,819,D,0
-19.6548,32.9362,317.5,2023-05-14,1159,D,0
-19.8708,27.8657,322.9,2023-05-14,1159,D,0
-18.3834,29.8928,322.3,2023-05-14,1159,D,0
-18.0555,30.4996,324.5,2023-05-14,1159,D,0
-17.997,28.3266,343.7,2023-05-14,1159,D,0
-17.9864,28.335,338.3,2023-05-14,1159,D,0
-17.9878,28.3252,375.0,2023-05-14,1159,D,0
-17.9891,28.3153,376.7,2023-05-14,1159,D,0
-17.495,30.3074,354.8,2023-05-14,1200,D,0
-18.2878,29.9925,308.0,2023-05-15,722,D,0
-18.074,30.0935,318.9,2023-05-15,1241,D,0
-18.5124,29.9252,313.9,2023-05-15,1241,D,0
-18.0742,30.0888,317.5,2023-05-15,1241,D,0
-18.2943,26.271,319.8,2023-05-15,1241,D,0
-18.2982,26.2495,330.3,2023-05-15,1241,D,0
-18.2813,26.2685,318.3,2023-05-15,1241,D,0
-18.2225,25.8023,333.3,2023-05-15,1241,D,0
-18.2099,25.7997,335.5,2023-05-15,1241,D,0
-18.2183,25.8147,326.8,2023-05-15,1241,D,0
-18.2219,25.7946,330.6,2023-05-15,1241,D,0
-18.2022,25.8319,318.8,2023-05-15,1241,D,0
-18.2057,25.812,326.3,2023-05-15,1241,D,0
-18.2093,25.7919,328.7,2023-05-15,1241,D,0
-18.0908,25.7972,324.6,2023-05-15,2110,N,0
-18.2268,25.734,324.2,2023-05-15,2110,N,0
-18.2227,25.7399,325.3,2023-05-15,2110,N,0
-18.2116,25.7304,309.8,2023-05-15,2110,N,0
-18.2288,25.7089,305.0,2023-05-15,2110,N,0
-18.2301,25.7472,345.6,2023-05-15,2334,N,0
-18.2074,25.7428,310.5,2023-05-15,2334,N,0
-18.2162,25.7342,305.7,2023-05-15,2334,N,0
-18.2189,25.7495,332.4,2023-05-15,2334,N,0
-18.2243,25.7797,307.8,2023-05-15,2334,N,0
-18.2269,25.7947,317.9,2023-05-15,2334,N,0
-18.2274,25.732,310.9,2023-05-15,2334,N,0
-17.4429,30.3265,317.3,2023-05-16,802,D,0
-17.3467,30.502,314.1,2023-05-16,802,D,0
-18.0562,30.382,310.1,2023-05-16,802,D,0
-18.2158,25.7561,324.0,2023-05-16,803,D,0
-18.2175,25.7668,341.8,2023-05-16,803,D,0
-18.1907,25.7825,323.7,2023-05-16,803,D,0
-18.2192,25.7776,327.4,2023-05-16,803,D,0
-18.189,25.7718,323.6,2023-05-16,803,D,0
-18.2209,25.7883,323.6,2023-05-16,803,D,0
-18.3742,26.4804,315.8,2023-05-16,803,D,0
-18.5872,26.2977,318.2,2023-05-16,803,D,0
-18.5888,26.3079,355.9,2023-05-16,803,D,0
-18.5904,26.3181,340.0,2023-05-16,803,D,0
-18.5981,26.3063,322.1,2023-05-16,803,D,0
-18.5996,26.3165,320.3,2023-05-16,803,D,0
-18.2284,25.7783,329.7,2023-05-16,1145,D,0
-18.5335,32.6613,380.3,2023-05-16,1145,D,0
-18.5348,32.6517,348.0,2023-05-16,1145,D,0
-18.5667,32.1537,312.5,2023-05-16,1145,D,0
-17.7701,31.9372,329.0,2023-05-16,1145,D,0
-17.7714,31.9275,316.3,2023-05-16,1145,D,0
-17.9097,30.8554,312.1,2023-05-16,1145,D,0
-18.2424,25.7796,323.0,2023-05-16,1145,D,0
-18.2449,25.7554,364.5,2023-05-16,1145,D,0
-18.2309,25.754,344.4,2023-05-16,1145,D,0
-18.2374,25.7745,345.7,2023-05-16,1145,D,0
-18.24,25.7503,368.3,2023-05-16,1145,D,0
-18.1956,25.7702,325.9,2023-05-16,1145,D,0
-18.1817,25.7684,343.0,2023-05-16,1145,D,0
-17.7219,29.1674,322.4,2023-05-16,1145,D,0
-17.7112,29.166,322.6,2023-05-16,1145,D,0
-17.2581,31.2464,318.7,2023-05-16,1145,D,0
-17.3473,30.5026,322.7,2023-05-16,1145,D,0
-19.4719,29.8025,323.1,2023-05-16,1145,D,2
-19.3865,29.7582,316.1,2023-05-16,1145,D,0
-19.1348,31.4855,314.0,2023-05-16,1145,D,0
-17.3062,30.0386,334.0,2023-05-16,1146,D,0
-17.3077,30.0269,319.6,2023-05-16,1146,D,0
-17.2962,30.0372,330.0,2023-05-16,1146,D,0
-17.2977,30.0254,317.3,2023-05-16,1146,D,0
-16.9422,30.1744,314.0,2023-05-16,1146,D,0
-16.9338,30.1617,314.2,2023-05-16,1146,D,0
-16.5967,30.0893,312.3,2023-05-16,1146,D,0
-16.5982,30.0779,315.1,2023-05-16,1146,D,0
-16.3374,29.4253,314.2,2023-05-16,1146,D,0
-18.2976,25.991,302.2,2023-05-16,2013,N,0
-18.3011,25.9596,311.7,2023-05-16,2013,N,0
-18.299,25.9847,308.9,2023-05-16,2013,N,0
-18.3009,25.9691,328.3,2023-05-16,2013,N,0
-18.1901,25.7408,304.3,2023-05-16,2013,N,0
-18.1767,25.7554,301.3,2023-05-16,2013,N,0
-18.1785,25.7395,302.9,2023-05-16,2013,N,0
-18.2994,25.9753,326.6,2023-05-16,2013,N,0
-18.1672,25.7799,323.8,2023-05-17,843,D,0
-18.1623,25.7861,318.3,2023-05-17,843,D,0
-18.1763,25.7845,320.0,2023-05-17,843,D,0
-19.5307,28.9405,335.1,2023-05-17,1227,D,0
-18.2942,25.9867,326.2,2023-05-17,1227,D,0
-16.8922,29.3227,313.5,2023-05-17,1228,D,0
-16.5512,29.3021,317.0,2023-05-17,1228,D,0
-16.5548,29.2821,316.8,2023-05-17,1228,D,0
-16.5323,29.2728,314.0,2023-05-17,1228,D,0
-16.2344,29.2359,328.3,2023-05-17,1228,D,0
-16.2307,29.2569,334.2,2023-05-17,1228,D,0
-16.8891,29.3272,317.9,2023-05-17,1228,D,0
-18.2909,25.9929,300.7,2023-05-17,2054,N,0
-18.2868,26.0105,300.9,2023-05-17,2320,N,0
-17.0569,31.2833,310.7,2023-05-18,746,D,0
-17.2912,31.1268,308.5,2023-05-18,746,D,0
-17.3218,31.0215,315.1,2023-05-18,746,D,0
-17.6112,30.8685,308.6,2023-05-18,746,D,0
-17.667,31.2299,319.8,2023-05-18,746,D,0
-20.7925,31.8578,316.6,2023-05-18,1130,D,0
-17.5777,30.2918,327.9,2023-05-18,1131,D,0
-18.3302,29.9364,313.8,2023-05-18,1131,D,0
-18.3206,29.9285,314.7,2023-05-18,1131,D,0
-17.4402,31.486,314.1,2023-05-18,1131,D,0
-17.5754,30.3122,318.3,2023-05-18,1131,D,0
-17.2716,30.6891,312.2,2023-05-18,1131,D,0
-16.9997,30.1145,318.0,2023-05-18,1132,D,0
-16.9973,30.1348,320.1,2023-05-18,1132,D,0
-16.6864,31.2168,317.0,2023-05-18,1132,D,0
-16.6063,30.1441,311.7,2023-05-18,1132,D,0
-16.6344,29.4133,311.2,2023-05-18,1132,D,0
-16.5345,29.2953,310.9,2023-05-18,1132,D,0
-20.0533,32.6439,311.4,2023-05-18,1956,N,0
-18.2651,29.8448,312.5,2023-05-19,827,D,0
-18.2701,29.8388,313.3,2023-05-19,827,D,0
-18.5227,29.9786,311.5,2023-05-19,827,D,0
-18.9123,29.964,318.4,2023-05-19,827,D,0
-18.9157,29.9568,315.3,2023-05-19,827,D,0
-18.0849,32.8087,311.7,2023-05-19,1213,D,0
-17.8907,29.9702,326.6,2023-05-19,1213,D,0
-17.3435,29.9821,322.2,2023-05-19,1213,D,0
-17.0444,29.5594,320.8,2023-05-19,1213,D,0
-19.9456,29.0473,320.8,2023-05-19,1213,D,0
-18.3877,29.8074,319.9,2023-05-19,1213,D,0
-18.33,29.8534,320.8,2023-05-19,1213,D,0
-17.8132,30.8084,323.5,2023-05-19,1213,D,0
-17.8155,30.7942,314.3,2023-05-19,1213,D,0
-16.7402,29.0887,329.5,2023-05-19,1214,D,0
-18.3772,26.4487,301.4,2023-05-19,2038,N,0
-18.3727,26.4786,301.9,2023-05-19,2038,N,0
-18.0315,30.1502,317.0,2023-05-21,810,D,0
-16.5812,30.7412,308.9,2023-05-21,810,D,0
-17.2926,30.9239,311.0,2023-05-21,810,D,0
-18.158,30.121,313.4,2023-05-21,810,D,0
-20.2329,28.5694,312.1,2023-05-21,811,D,0
-18.2604,26.0175,314.7,2023-05-21,811,D,0
-18.4578,26.1073,322.4,2023-05-21,811,D,0
-18.4592,26.1167,329.7,2023-05-21,811,D,0
-20.2315,28.5582,335.5,2023-05-21,811,D,0
-19.9125,32.6342,335.4,2023-05-21,1158,D,0
-19.9142,32.6236,313.1,2023-05-21,1158,D,0
-21.1346,27.877,330.3,2023-05-21,1158,D,0
-16.9547,29.5789,316.5,2023-05-21,1159,D,0
-19.8158,29.0455,336.0,2023-05-21,1159,D,0
-19.8053,29.0539,324.6,2023-05-21,1159,D,0
-19.8066,29.0441,339.2,2023-05-21,1159,D,0
-19.4485,29.8354,324.0,2023-05-21,1159,D,0
-18.5256,29.9818,328.2,2023-05-21,1159,D,0
-18.527,29.9724,334.2,2023-05-21,1159,D,0
-18.3148,30.6038,318.4,2023-05-21,1159,D,0
-18.3162,30.5944,319.8,2023-05-21,1159,D,0
-18.4579,26.1132,332.3,2023-05-21,1159,D,0
-18.4596,26.1001,332.7,2023-05-21,1159,D,0
-17.4927,31.5339,323.3,2023-05-21,1159,D,0
-16.2808,29.2722,317.8,2023-05-21,1200,D,0
-16.2898,29.2736,321.0,2023-05-21,1200,D,0
-16.2795,29.2814,315.6,2023-05-21,1200,D,0
-18.4487,26.1207,305.5,2023-05-21,2021,N,0
-18.4417,26.1271,300.7,2023-05-22,30,N,0
-18.4621,26.136,324.3,2023-05-22,1241,D,0
-18.4639,26.0519,344.7,2023-05-22,1241,D,0
-18.4807,25.8116,328.7,2023-05-22,1241,D,0
-18.4683,25.8092,330.6,2023-05-22,1241,D,0
-17.9876,29.8839,317.0,2023-05-22,1241,D,0
-18.4601,26.1409,323.4,2023-05-22,1241,D,0
-18.4626,26.0569,348.8,2023-05-22,1241,D,0
-18.4603,26.0721,325.9,2023-05-22,1241,D,0
-18.4643,26.0359,303.4,2023-05-22,2102,N,0
-18.451,26.0328,326.3,2023-05-22,2102,N,0
-18.4552,26.0099,319.9,2023-05-22,2102,N,0
-18.4435,26.0255,318.1,2023-05-22,2102,N,0
-18.0901,30.1158,303.5,2023-05-22,2334,N,0
-18.4362,26.0346,315.4,2023-05-22,2334,N,0
-18.4387,26.0493,306.7,2023-05-22,2334,N,0
-18.4472,26.0326,325.8,2023-05-22,2334,N,0
-18.4463,26.0261,319.7,2023-05-22,2334,N,0
-18.4489,26.0408,320.2,2023-05-22,2334,N,0
-17.003,31.4448,320.3,2023-05-23,754,D,0
-16.5679,29.0545,315.4,2023-05-23,754,D,0
-16.5694,29.0644,328.3,2023-05-23,754,D,0
-17.1047,30.7424,307.8,2023-05-23,754,D,0
-17.2901,30.2419,310.6,2023-05-23,754,D,0
-17.8693,31.9166,312.5,2023-05-23,754,D,0
-17.9893,30.168,321.0,2023-05-23,754,D,0
-18.1309,30.6333,319.6,2023-05-23,754,D,0
-18.4741,31.9628,308.9,2023-05-23,754,D,0
-18.4833,31.9614,327.1,2023-05-23,754,D,0
-18.3757,30.9943,315.5,2023-05-23,754,D,0
-18.377,31.0038,329.2,2023-05-23,754,D,0
-18.3433,30.3883,349.3,2023-05-23,754,D,0
-18.3447,30.3976,347.9,2023-05-23,754,D,0
-18.4599,25.9968,321.5,2023-05-23,754,D,0
-18.4622,26.0104,324.4,2023-05-23,754,D,0
-18.4727,26.0082,336.6,2023-05-23,754,D,0
-18.4773,26.0354,321.8,2023-05-23,754,D,0
-18.4795,26.0489,320.0,2023-05-23,754,D,0
-20.4991,28.5121,314.3,2023-05-23,1144,D,0
-17.0518,30.4282,337.5,2023-05-23,1145,D,0
-16.8201,32.005,314.8,2023-05-23,1145,D,0
-16.811,32.0036,313.3,2023-05-23,1145,D,0
-16.8599,29.6233,323.7,2023-05-23,1145,D,0
-16.6707,30.152,324.2,2023-05-23,1145,D,0
-16.6703,30.1455,321.5,2023-05-23,1145,D,0
-18.7036,32.8037,308.5,2023-05-23,1145,D,0
-18.7373,30.3873,317.8,2023-05-23,1145,D,0
-18.7388,30.3754,319.6,2023-05-23,1145,D,0
-18.3816,30.9947,319.5,2023-05-23,1145,D,0
-18.511,29.8442,322.8,2023-05-23,1145,D,0
-18.3657,29.8575,325.7,2023-05-23,1145,D,0
-18.3327,29.8072,334.3,2023-05-23,1145,D,0
-17.9032,30.8507,325.9,2023-05-23,1145,D,0
-18.4757,26.0435,341.9,2023-05-23,1145,D,0
-18.4783,26.0191,344.8,2023-05-23,1145,D,0
-18.4808,25.9951,326.1,2023-05-23,1145,D,0
-18.453,25.9924,334.1,2023-05-23,1145,D,0
-18.4555,25.9679,346.9,2023-05-23,1145,D,0
-18.4391,25.991,323.7,2023-05-23,1145,D,0
-18.4416,25.9665,335.0,2023-05-23,1145,D,0
-18.447,25.9848,353.7,2023-05-23,1145,D,0
-18.4497,25.9605,342.1,2023-05-23,1145,D,0
-17.4792,31.4225,314.0,2023-05-23,1145,D,0
-17.5132,30.8037,312.3,2023-05-23,1145,D,0
-17.4544,30.9209,320.1,2023-05-23,1145,D,0
-17.4559,30.91,319.3,2023-05-23,1145,D,0
-17.3688,30.2575,319.4,2023-05-23,1145,D,0
-17.8325,27.9346,315.6,2023-05-23,1145,D,0
-16.4666,29.2101,304.0,2023-05-23,2005,N,0
-18.4197,25.9381,304.8,2023-05-23,2005,N,0
-18.4241,25.932,312.4,2023-05-23,2005,N,0
-17.4908,30.5225,306.0,2023-05-23,2005,N,0
-17.3854,30.2496,319.5,2023-05-23,2005,N,0
-17.3812,30.2537,315.4,2023-05-23,2005,N,0
-18.4353,25.9173,305.5,2023-05-23,2005,N,0
-16.242,29.2435,309.6,2023-05-24,834,D,0
-16.2395,29.2382,309.6,2023-05-24,834,D,0
-17.0364,30.493,318.2,2023-05-24,835,D,0
-17.0403,30.5318,318.9,2023-05-24,835,D,0
-17.0405,30.4859,314.0,2023-05-24,835,D,0
-17.0441,30.5248,328.5,2023-05-24,835,D,0
-18.5024,25.9813,339.8,2023-05-24,835,D,0
-18.5045,25.9999,328.9,2023-05-24,835,D,0
-20.3325,29.0461,317.2,2023-05-24,1226,D,0
-20.2919,29.0035,315.0,2023-05-24,1226,D,0
-20.2804,29.0009,316.3,2023-05-24,1226,D,0
-19.7398,29.2633,314.6,2023-05-24,1226,D,0
-19.743,29.2454,321.1,2023-05-24,1226,D,0
-18.533,25.9515,366.7,2023-05-24,1227,D,0
-19.0255,30.7681,315.1,2023-05-24,1227,D,0
-19.032,30.7622,315.0,2023-05-24,1227,D,0
-18.6433,31.4563,313.4,2023-05-24,1227,D,0
-18.8323,30.468,311.3,2023-05-24,1227,D,0
-18.6432,31.4511,315.0,2023-05-24,1227,D,0
-18.2822,30.8641,313.4,2023-05-24,1227,D,0
-18.1769,29.8758,338.6,2023-05-24,1227,D,0
-18.1804,29.8714,327.8,2023-05-24,1227,D,0
-18.1637,29.8898,319.8,2023-05-24,1227,D,0
-18.1675,29.8688,320.6,2023-05-24,1227,D,0
-17.8897,30.7225,323.0,2023-05-24,1227,D,0
-18.5507,25.9663,344.3,2023-05-24,1227,D,0
-18.5355,25.9989,363.3,2023-05-24,1227,D,0
-18.5373,25.9875,350.0,2023-05-24,1227,D,0
-18.5391,25.976,377.3,2023-05-24,1227,D,0
-18.541,25.9646,357.7,2023-05-24,1227,D,0
-18.5312,25.9629,331.7,2023-05-24,1227,D,0
-18.5178,25.9838,334.5,2023-05-24,1227,D,0
-18.5232,25.9497,340.4,2023-05-24,1227,D,0
-18.5251,25.9384,328.0,2023-05-24,1227,D,0
-18.5043,26.0049,362.0,2023-05-24,1227,D,0
-18.5062,25.9934,352.2,2023-05-24,1227,D,0
-18.5117,25.9592,383.5,2023-05-24,1227,D,0
-18.5135,25.948,398.5,2023-05-24,1227,D,0
-18.5153,25.9367,354.9,2023-05-24,1227,D,0
-18.4871,26.0491,326.3,2023-05-24,1227,D,0
-18.4982,25.9803,358.4,2023-05-24,1227,D,0
-18.5001,25.9688,460.7,2023-05-24,1227,D,0
-18.5019,25.9575,444.4,2023-05-24,1227,D,0
-18.4903,25.9672,323.9,2023-05-24,1227,D,0
-18.4273,25.9151,323.7,2023-05-24,1227,D,0
-17.5688,30.2378,322.6,2023-05-24,1227,D,0
-17.5761,30.2345,322.9,2023-05-24,1227,D,0
-18.2522,26.1082,338.8,2023-05-24,1227,D,0
-18.254,26.0965,321.9,2023-05-24,1227,D,0
-18.2,26.3053,326.7,2023-05-24,1227,D,0
-18.1899,26.3037,327.1,2023-05-24,1227,D,0
-17.3845,30.2361,326.2,2023-05-24,1227,D,0
-17.3922,30.2325,317.3,2023-05-24,1227,D,0
-17.3786,30.23,317.3,2023-05-24,1227,D,0
-17.3525,30.2967,312.9,2023-05-24,1227,D,0
-17.2427,30.0063,331.0,2023-05-24,1227,D,0
-17.2469,29.9838,314.7,2023-05-24,1227,D,0
-17.249,30.0025,327.1,2023-05-24,1227,D,0
-16.5694,29.226,314.9,2023-05-24,1227,D,0
-16.4895,29.2249,317.6,2023-05-24,1227,D,0
-16.2517,29.2267,317.3,2023-05-24,1227,D,0
-18.2808,29.7959,317.7,2023-05-25,738,D,0
-17.5742,30.0718,313.2,2023-05-25,738,D,0
-17.5786,30.0789,307.7,2023-05-25,738,D,0
-18.2833,29.8103,322.7,2023-05-25,738,D,0
-18.3586,29.7754,310.7,2023-05-25,738,D,0
-18.9897,30.2197,311.4,2023-05-25,738,D,0
-18.9919,30.2329,324.7,2023-05-25,738,D,0
-18.141,30.2167,310.5,2023-05-25,738,D,0
-18.2491,26.0951,315.1,2023-05-25,1131,D,0
-18.9738,30.1199,322.2,2023-05-25,1131,D,0
-18.9604,30.1182,331.8,2023-05-25,1131,D,0
-18.9632,30.1362,315.9,2023-05-25,1131,D,0
-18.9657,30.1137,331.2,2023-05-25,1131,D,0
-18.6662,31.2646,317.5,2023-05-25,1131,D,0
-18.5604,26.0145,314.9,2023-05-25,1131,D,0
-18.0782,30.1322,316.9,2023-05-25,1131,D,0
-17.613,31.1351,312.7,2023-05-25,1131,D,0
-16.9667,29.514,317.2,2023-05-25,1131,D,0
-16.46,29.2126,302.7,2023-05-25,1949,N,0
-18.372,26.4808,301.0,2023-05-26,2,N,0
-17.059,29.479,313.3,2023-05-26,818,D,0
-16.5687,29.2045,312.3,2023-05-26,818,D,0
-16.6546,29.0701,314.2,2023-05-26,818,D,0
-18.5085,26.0525,317.6,2023-05-26,819,D,0
-18.5165,26.0407,319.3,2023-05-26,819,D,0
-18.5178,26.051,330.9,2023-05-26,819,D,0
-18.543,26.0265,315.4,2023-05-26,819,D,0
-18.5814,25.9105,320.1,2023-05-26,819,D,0
-18.2392,26.0996,317.7,2023-05-26,819,D,0
-18.2458,26.0777,322.7,2023-05-26,819,D,0
-18.3717,26.4797,319.4,2023-05-26,819,D,0
-18.469,25.9496,319.4,2023-05-26,819,D,0
-19.7275,32.8009,312.4,2023-05-26,1212,D,0
-21.4402,32.1374,318.0,2023-05-26,1212,D,0
-21.4428,32.1224,317.4,2023-05-26,1212,D,0
-20.2732,29.8354,324.2,2023-05-26,1212,D,0
-20.3652,28.5953,318.0,2023-05-26,1212,D,0
-20.3668,28.5853,335.8,2023-05-26,1212,D,0
-20.3683,28.5753,321.5,2023-05-26,1212,D,0
-20.1139,28.6629,318.3,2023-05-26,1212,D,0
-19.8756,28.7791,314.9,2023-05-26,1212,D,0
-19.8771,28.7689,316.4,2023-05-26,1212,D,0
-19.7239,29.2289,338.7,2023-05-26,1212,D,0
-19.7094,29.2594,327.6,2023-05-26,1212,D,0
-19.7111,29.2487,374.4,2023-05-26,1212,D,0
-19.7128,29.2379,358.0,2023-05-26,1212,D,0
-19.7144,29.2272,368.6,2023-05-26,1212,D,0
-19.7161,29.2166,315.0,2023-05-26,1212,D,0
-19.3903,29.7924,318.8,2023-05-26,1212,D,0
-16.6393,29.6819,315.6,2023-05-26,1213,D,0
-17.253,31.3812,314.3,2023-05-26,1213,D,0
-17.1234,29.6012,340.8,2023-05-26,1213,D,0
-17.2139,28.9761,319.4,2023-05-26,1213,D,0
-16.6679,29.1173,322.1,2023-05-26,1213,D,0
-16.6349,29.1353,320.0,2023-05-26,1213,D,0
-16.5717,29.211,324.5,2023-05-26,1213,D,0
-16.4946,29.2388,342.7,2023-05-26,1213,D,0
-16.4965,29.2272,319.8,2023-05-26,1213,D,0
-16.0325,29.9394,324.3,2023-05-26,1213,D,0
-19.1729,29.6057,318.2,2023-05-26,1213,D,0
-19.1632,29.6039,324.9,2023-05-26,1213,D,0
-18.9315,30.3989,317.1,2023-05-26,1213,D,0
-18.2851,32.9091,311.2,2023-05-26,1213,D,0
-18.5161,31.555,314.8,2023-05-26,1213,D,0
-18.283,32.9008,313.5,2023-05-26,1213,D,0
-18.5162,31.5481,317.3,2023-05-26,1213,D,0
-18.3291,30.2571,315.8,2023-05-26,1213,D,0
-18.3311,30.2446,319.9,2023-05-26,1213,D,0
-18.3311,29.9915,318.4,2023-05-26,1213,D,0
-18.0987,30.5999,317.1,2023-05-26,1213,D,0
-18.1498,30.2247,314.8,2023-05-26,1213,D,0
-18.1519,30.2122,315.6,2023-05-26,1213,D,0
-18.1215,30.079,318.7,2023-05-26,1213,D,0
-18.1248,30.074,319.7,2023-05-26,1213,D,0
-18.0094,30.1482,326.1,2023-05-26,1213,D,0
-18.0115,30.1356,318.8,2023-05-26,1213,D,0
-18.5848,25.9166,320.9,2023-05-26,1213,D,0
-18.5861,25.9071,328.3,2023-05-26,1213,D,0
-18.544,26.0787,331.2,2023-05-26,1213,D,0
-18.5211,26.0461,331.0,2023-05-26,1213,D,0
-18.4705,25.9446,321.9,2023-05-26,1213,D,0
-18.4718,25.9351,325.0,2023-05-26,1213,D,0
-18.376,26.478,326.0,2023-05-26,1213,D,0
-17.6866,30.3714,315.4,2023-05-26,1213,D,0
-17.6887,30.3585,324.3,2023-05-26,1213,D,0
-18.2551,26.101,326.7,2023-05-26,1213,D,0
-18.2564,26.0916,323.2,2023-05-26,1213,D,0
-18.2488,26.0807,331.0,2023-05-26,1213,D,0
-17.5467,30.0976,313.6,2023-05-26,1213,D,0
-18.3705,26.479,307.4,2023-05-26,2029,N,0
-18.5222,26.0458,300.5,2023-05-26,2029,N,0
-16.6131,29.2731,314.2,2023-05-27,1117,D,0
-16.6152,29.2691,312.8,2023-05-27,1117,D,0
-17.4596,30.2314,314.5,2023-05-27,1117,D,0
-17.4558,30.2232,320.3,2023-05-27,1117,D,0
-18.2244,30.7086,312.5,2023-05-27,1117,D,0
-18.2192,30.7038,312.2,2023-05-27,1117,D,0
-18.2514,26.0419,315.5,2023-05-27,1255,D,0
-18.9481,30.0739,334.7,2023-05-27,2348,N,0
-18.3675,26.4853,301.7,2023-05-27,2348,N,0
-18.9466,30.0626,313.1,2023-05-27,2348,N,0
-18.9563,30.0612,305.2,2023-05-27,2348,N,0
-18.9578,30.0725,331.6,2023-05-27,2348,N,0
-16.8712,29.5142,318.4,2023-05-28,802,D,0
-17.0062,29.6237,341.3,2023-05-28,802,D,0
-17.0075,29.6332,314.6,2023-05-28,802,D,0
-17.0152,29.6224,322.0,2023-05-28,802,D,0
-17.1665,30.1181,314.3,2023-05-28,802,D,0
-17.1678,30.128,313.4,2023-05-28,802,D,0
-18.0003,30.1663,327.1,2023-05-28,802,D,0
-18.0161,30.1434,319.8,2023-05-28,802,D,0
-18.4007,32.7853,325.7,2023-05-28,802,D,0
-18.4028,32.8019,322.0,2023-05-28,802,D,0
-18.4042,32.7942,331.9,2023-05-28,802,D,0
-18.2456,29.8058,316.0,2023-05-28,802,D,0
-18.3347,27.0445,309.8,2023-05-28,802,D,0
-18.3361,27.0542,315.7,2023-05-28,802,D,0
-18.3678,26.4833,313.2,2023-05-28,802,D,0
-18.5163,26.0703,316.3,2023-05-28,802,D,0
-19.709,29.1412,318.4,2023-05-28,1158,D,0
-19.0337,32.6637,314.2,2023-05-28,1158,D,0
-19.9634,30.3465,324.5,2023-05-28,1158,D,0
-19.733,29.3056,314.0,2023-05-28,1158,D,0
-19.7076,29.1511,328.6,2023-05-28,1158,D,0
-19.7002,29.1434,320.8,2023-05-28,1158,D,0
-17.4379,30.2419,351.7,2023-05-28,1159,D,0
-17.3902,30.506,325.3,2023-05-28,1159,D,0
-17.4271,30.2536,345.0,2023-05-28,1159,D,0
-17.4284,30.2443,341.1,2023-05-28,1159,D,0
-17.4325,30.2164,320.7,2023-05-28,1159,D,0
-17.2328,29.5561,318.2,2023-05-28,1159,D,0
-16.837,31.4312,313.0,2023-05-28,1159,D,0
-17.2422,28.3132,315.4,2023-05-28,1159,D,0
-17.0207,29.6248,314.1,2023-05-28,1159,D,0
-17.022,29.6155,320.3,2023-05-28,1159,D,0
-16.8388,29.2886,313.4,2023-05-28,1159,D,0
-16.8295,29.291,313.8,2023-05-28,1159,D,0
-16.7153,29.0555,338.7,2023-05-28,1159,D,0
-16.7063,29.0541,336.4,2023-05-28,1159,D,0
-16.7103,29.0257,330.5,2023-05-28,1159,D,0
-16.5424,30.1321,311.6,2023-05-28,1159,D,0
-16.5864,29.126,316.2,2023-05-28,1159,D,0
-16.5877,29.1166,323.8,2023-05-28,1159,D,0
-16.0181,30.0025,318.5,2023-05-28,1159,D,0
-16.0105,29.9918,319.5,2023-05-28,1159,D,0
-18.4075,32.7838,326.3,2023-05-28,1159,D,0
-18.3963,32.7929,334.8,2023-05-28,1159,D,0
-18.398,32.782,330.4,2023-05-28,1159,D,0
-18.3867,32.7911,323.2,2023-05-28,1159,D,0
-18.3363,31.932,311.7,2023-05-28,1159,D,0
-18.195,31.5889,312.3,2023-05-28,1159,D,0
-18.378,29.9802,313.0,2023-05-28,1159,D,0
-18.3182,30.2676,316.3,2023-05-28,1159,D,0
-18.1743,31.1819,319.6,2023-05-28,1159,D,0
-18.2324,30.41,316.8,2023-05-28,1159,D,0
-18.2337,30.4006,319.1,2023-05-28,1159,D,0
-18.1751,30.2379,335.1,2023-05-28,1159,D,0
-18.1764,30.2286,326.1,2023-05-28,1159,D,0
-17.9578,31.5817,313.0,2023-05-28,1159,D,0
-18.1981,29.8242,318.4,2023-05-28,1159,D,0
-18.1994,29.8148,349.5,2023-05-28,1159,D,0
-18.1891,29.8228,318.2,2023-05-28,1159,D,0
-18.0068,30.9461,312.6,2023-05-28,1159,D,0
-18.0908,30.3143,337.3,2023-05-28,1159,D,0
-18.0805,30.3222,323.1,2023-05-28,1159,D,0
-18.0819,30.3129,328.1,2023-05-28,1159,D,0
-17.9806,30.6833,313.4,2023-05-28,1159,D,0
-18.0251,29.9377,316.1,2023-05-28,1159,D,0
-17.6065,31.6967,316.7,2023-05-28,1159,D,0
-17.5972,31.6954,320.1,2023-05-28,1159,D,0
-17.6284,31.0737,312.0,2023-05-28,1159,D,0
-17.8428,29.5418,328.9,2023-05-28,1159,D,0
-18.241,26.0839,328.5,2023-05-28,1159,D,0
-17.8141,29.1538,315.1,2023-05-28,1159,D,0
-17.5834,30.4441,320.6,2023-05-28,1159,D,0
-17.5796,30.1568,328.5,2023-05-28,1159,D,0
-17.5809,30.1475,321.3,2023-05-28,1159,D,0
-17.2982,31.6108,314.8,2023-05-28,1159,D,0
-17.4566,30.3022,318.8,2023-05-28,1159,D,0
-17.4352,30.2606,334.1,2023-05-28,1159,D,0
-17.4366,30.2512,389.2,2023-05-28,1159,D,0
-18.4062,32.7776,304.8,2023-05-28,2013,N,0
-17.5991,31.5742,303.8,2023-05-28,2013,N,0
-20.8596,32.3242,309.7,2023-05-29,706,D,0
-18.0657,30.4601,309.4,2023-05-29,1240,D,0
-18.0641,30.4522,310.9,2023-05-29,1241,D,0
-16.2204,29.2497,314.6,2023-05-30,745,D,0
-16.2184,29.2374,315.5,2023-05-30,745,D,0
-18.0465,30.167,340.6,2023-05-30,746,D,0
-18.1104,30.4149,358.4,2023-05-30,746,D,0
-18.112,30.4251,311.7,2023-05-30,746,D,0
-18.2893,30.851,318.3,2023-05-30,746,D,0
-18.9273,30.3256,306.5,2023-05-30,746,D,0
-19.0126,29.9762,312.5,2023-05-30,746,D,0
-19.0143,29.9867,310.4,2023-05-30,746,D,0
-20.3625,32.336,311.3,2023-05-30,746,D,0
-17.851,31.1837,307.7,2023-05-30,746,D,0
-18.0914,31.0065,314.0,2023-05-30,746,D,0
-18.0928,31.0162,318.2,2023-05-30,746,D,0
-18.0371,30.1686,321.4,2023-05-30,746,D,0
-18.7322,31.2004,312.0,2023-05-30,1144,D,0
-20.3119,32.3519,319.1,2023-05-30,1144,D,0
-19.9568,32.7358,308.8,2023-05-30,1144,D,0
-20.0603,31.1711,311.9,2023-05-30,1144,D,0
-20.0618,31.1594,323.8,2023-05-30,1144,D,0
-20.0332,28.63,321.6,2023-05-30,1144,D,2
-19.6013,31.2616,316.3,2023-05-30,1144,D,0
-18.9725,32.4041,309.3,2023-05-30,1144,D,0
-18.992,31.085,316.4,2023-05-30,1144,D,0
-18.9935,31.0738,337.3,2023-05-30,1144,D,0
-18.8724,29.7718,315.7,2023-05-30,1144,D,0
-18.7361,30.1331,314.6,2023-05-30,1144,D,0
-18.7376,30.1203,338.7,2023-05-30,1144,D,0
-18.3757,32.8049,316.6,2023-05-30,1144,D,0
-18.5095,31.2008,313.7,2023-05-30,1144,D,0
-18.3115,31.5326,351.7,2023-05-30,1144,D,0
-18.3129,31.522,324.5,2023-05-30,1144,D,0
-18.5204,29.8348,323.1,2023-05-30,1144,D,0
-17.9197,30.0804,329.5,2023-05-30,1145,D,0
-18.0891,31.1309,315.9,2023-05-30,1145,D,0
-18.1448,30.5495,320.2,2023-05-30,1145,D,0
-18.0516,30.1677,316.4,2023-05-30,1145,D,0
-18.0414,30.1663,332.9,2023-05-30,1145,D,0
-18.0226,30.1511,317.5,2023-05-30,1145,D,0
-18.0241,30.1388,321.2,2023-05-30,1145,D,0
-17.8325,31.4624,310.8,2023-05-30,1145,D,0
-17.8545,30.7499,337.0,2023-05-30,1145,D,0
-17.9299,30.0818,322.7,2023-05-30,1145,D,0
-17.5316,30.0906,312.9,2023-05-30,1145,D,0
-17.5331,30.0782,315.8,2023-05-30,1145,D,0
-17.5335,30.0844,318.5,2023-05-30,1145,D,0
-17.4951,30.1412,319.0,2023-05-30,1145,D,0
-17.2341,31.0618,316.6,2023-05-30,1145,D,0
-16.8864,30.438,317.9,2023-05-30,1145,D,0
-16.8879,30.4265,318.5,2023-05-30,1145,D,0
-16.9626,28.8531,316.1,2023-05-30,1145,D,0
-16.9594,28.8605,314.7,2023-05-30,1145,D,0
-16.8627,29.2753,319.0,2023-05-30,1145,D,0
-16.241,29.217,321.9,2023-05-30,1145,D,0
-16.2253,29.2552,318.6,2023-05-30,1145,D,0
-16.2181,29.227,328.8,2023-05-30,1145,D,0
-16.0526,29.9608,318.2,2023-05-30,1145,D,0
-18.1042,31.3102,312.3,2023-05-30,1145,D,0
-17.3995,30.2543,319.0,2023-05-31,826,D,0
-17.4027,30.2484,318.2,2023-05-31,826,D,0
-17.589,31.0456,308.7,2023-05-31,826,D,0
-18.0226,30.111,312.8,2023-05-31,826,D,0
-16.2019,29.2122,311.7,2023-05-31,826,D,0
-18.2596,30.3719,334.2,2023-05-31,827,D,0
-17.9647,30.6945,320.5,2023-05-31,1226,D,0
-17.9454,32.3285,310.0,2023-05-31,1226,D,0
-17.9609,32.3314,311.0,2023-05-31,1226,D,0
-20.4502,29.2935,316.1,2023-05-31,1226,D,0
-19.8339,28.3325,314.5,2023-05-31,1226,D,0
-19.832,28.3418,317.0,2023-05-31,1226,D,0
-17.9549,32.3349,317.7,2023-05-31,1226,D,0
-18.3491,31.9864,309.8,2023-05-31,1226,D,0
-17.7073,31.2613,316.6,2023-05-31,1226,D,0
-17.946,30.6858,324.6,2023-05-31,1226,D,0
-17.951,30.692,343.9,2023-05-31,1226,D,0
-16.7864,29.8048,314.7,2023-05-31,1227,D,0
-17.7046,31.2532,313.2,2023-05-31,1227,D,0
-17.7509,29.4917,312.8,2023-05-31,1227,D,0
-17.4799,30.2493,315.3,2023-05-31,1227,D,0
-17.4195,30.2319,315.5,2023-05-31,1227,D,0
-17.1127,31.0653,314.1,2023-05-31,1227,D,0
-17.1116,31.0601,312.2,2023-05-31,1227,D,0
-16.5892,29.2021,319.1,2023-05-31,1227,D,0
-16.3081,30.1061,323.9,2023-05-31,1227,D,0
-16.2964,30.1201,314.0,2023-05-31,1227,D,0
-16.3004,30.0975,318.2,2023-05-31,1227,D,0
-18.4423,31.3232,302.1,2023-05-31,2037,N,0
-18.3549,32.7994,306.2,2023-05-31,2037,N,0
-18.3677,26.4748,307.5,2023-05-31,2037,N,0
-18.3608,32.8225,300.5,2023-05-31,2037,N,0
-18.3654,32.7969,305.3,2023-05-31,2037,N,0
-16.1895,29.2118,310.2,2023-05-31,2038,N,0
-16.1918,29.1976,311.5,2023-05-31,2038,N,0
-18.3578,32.8065,303.2,2023-05-31,2319,N,0
-18.3695,32.8075,322.6,2023-06-01,729,D,0
-17.1496,30.7054,311.2,2023-06-01,729,D,0
-16.9098,29.5101,316.7,2023-06-01,729,D,0
-16.914,29.5326,312.9,2023-06-01,729,D,0
-17.1405,30.699,308.5,2023-06-01,729,D,0
-18.3674,32.7948,320.6,2023-06-01,729,D,0
-18.0743,30.0973,310.2,2023-06-01,729,D,0
-18.0778,30.1166,316.5,2023-06-01,729,D,0
-21.3154,30.6373,316.1,2023-06-01,730,D,0
-18.7623,30.3771,318.0,2023-06-01,1130,D,0
-18.7646,30.3556,321.1,2023-06-01,1130,D,0
-18.7668,30.3729,322.9,2023-06-01,1130,D,0
-18.7693,30.3514,314.5,2023-06-01,1130,D,0
-18.3407,32.8081,352.4,2023-06-01,1130,D,0
-18.425,29.9368,311.1,2023-06-01,1130,D,0
-18.1519,31.0996,317.7,2023-06-01,1130,D,0
-18.1504,31.0942,314.1,2023-06-01,1130,D,0
-18.2021,30.0637,313.7,2023-06-01,1130,D,0
-18.2046,30.0407,314.0,2023-06-01,1130,D,0
-16.9147,29.5142,314.0,2023-06-01,1131,D,0
-17.3609,31.0781,321.1,2023-06-01,1131,D,0
-17.4573,30.1093,315.6,2023-06-01,1131,D,0
-17.222,31.1648,316.5,2023-06-01,1131,D,0
-17.2241,31.1468,313.9,2023-06-01,1131,D,0
-17.2188,31.1594,320.0,2023-06-01,1131,D,0
-17.014,31.1411,315.4,2023-06-01,1131,D,0
-17.0794,29.6649,318.1,2023-06-01,1131,D,0
-17.082,29.6413,318.5,2023-06-01,1131,D,0
-16.7798,31.5715,314.9,2023-06-01,1131,D,0
-16.5645,29.2717,314.0,2023-06-01,1131,D,0
-16.1808,29.2198,316.4,2023-06-02,810,D,0
-16.8239,29.0474,327.6,2023-06-02,810,D,0
-17.3843,30.2385,313.4,2023-06-02,810,D,0
-17.8984,30.8772,311.3,2023-06-02,810,D,0
-18.3388,32.7933,313.4,2023-06-02,810,D,0
-18.3442,30.2508,310.6,2023-06-02,810,D,0
-18.3748,26.4832,314.7,2023-06-02,810,D,0
-21.0203,31.7645,308.2,2023-06-02,811,D,0
-19.7889,29.2332,344.7,2023-06-02,1212,D,0
-18.2114,26.0834,319.0,2023-06-02,1212,D,0
-18.0524,29.7835,317.2,2023-06-02,1212,D,0
-17.7558,31.5994,317.3,2023-06-02,1212,D,0
-18.3202,30.2851,325.4,2023-06-02,1212,D,0
-19.1695,30.6699,319.4,2023-06-02,1212,D,0
-18.3759,26.4781,325.9,2023-06-02,1212,D,0
-19.7905,29.2228,328.1,2023-06-02,1212,D,0
-20.3566,28.6028,313.1,2023-06-02,1212,D,0
-19.8524,30.388,355.2,2023-06-02,1212,D,0
-20.0743,28.5755,331.6,2023-06-02,1212,D,0
-20.0758,28.5656,327.1,2023-06-02,1212,D,0
-16.1855,29.2205,323.3,2023-06-02,1213,D,0
-17.7666,27.6844,331.2,2023-06-02,1213,D,0
-17.7681,27.6749,327.7,2023-06-02,1213,D,0
-17.759,27.6733,316.8,2023-06-02,1213,D,0
-17.7605,27.6638,316.4,2023-06-02,1213,D,0
-16.8808,31.913,316.5,2023-06-02,1213,D,0
-16.8838,31.8962,319.2,2023-06-02,1213,D,0
-16.8866,31.9085,323.4,2023-06-02,1213,D,0
-16.7353,32.6479,314.4,2023-06-02,1213,D,0
-16.4985,30.1415,327.9,2023-06-02,1213,D,0
-16.5006,30.1288,321.9,2023-06-02,1213,D,0
-16.5861,29.0191,319.8,2023-06-02,1213,D,0
-16.4899,28.8511,319.4,2023-06-02,1213,D,0
-20.5889,28.3953,303.5,2023-06-02,2020,N,0
-18.3719,26.4723,304.8,2023-06-02,2021,N,0
-19.8451,33.0121,309.2,2023-06-03,713,D,0
-18.8537,32.2217,311.3,2023-06-03,1116,D,0
-16.9328,31.245,312.2,2023-06-03,1117,D,0
-18.368,26.4772,305.9,2023-06-03,2347,N,0
-17.2239,31.8329,311.3,2023-06-04,753,D,0
-16.8574,28.8957,314.4,2023-06-04,753,D,0
-16.8666,28.8942,313.7,2023-06-04,753,D,0
-16.8681,28.904,317.8,2023-06-04,753,D,0
-17.0382,29.6577,345.8,2023-06-04,753,D,0
-17.0396,29.6671,326.6,2023-06-04,753,D,0
-16.9962,29.1981,315.4,2023-06-04,753,D,0
-16.9977,29.2078,312.3,2023-06-04,753,D,0
-17.3492,31.0221,309.9,2023-06-04,753,D,0
-17.1555,29.578,319.2,2023-06-04,753,D,0
-17.1923,29.4556,311.2,2023-06-04,753,D,0
-16.5891,29.4922,315.3,2023-06-04,753,D,0
-16.5967,29.4811,311.7,2023-06-04,753,D,0
-16.5981,29.4907,314.9,2023-06-04,753,D,0
-16.5802,29.127,318.1,2023-06-04,753,D,0
-16.5914,29.0275,315.1,2023-06-04,753,D,0
-16.6628,29.1873,314.0,2023-06-04,753,D,0
-16.5691,30.7836,312.4,2023-06-04,753,D,0
-16.491,29.1472,315.4,2023-06-04,753,D,0
-16.4925,29.1571,332.5,2023-06-04,753,D,0
-18.3692,26.4842,312.9,2023-06-04,754,D,0
-18.14,30.059,311.1,2023-06-04,754,D,0
-18.0737,30.3607,315.2,2023-06-04,754,D,0
-18.0724,30.3514,328.6,2023-06-04,754,D,0
-17.6663,31.3778,307.8,2023-06-04,754,D,0
-19.3289,29.6259,308.2,2023-06-04,754,D,0
-19.8204,29.5188,310.7,2023-06-04,754,D,0
-19.8293,29.5174,315.7,2023-06-04,754,D,0
-17.4784,30.124,336.5,2023-06-04,1158,D,0
-17.1072,32.4647,318.4,2023-06-04,1158,D,0
-17.9277,26.1843,324.1,2023-06-04,1158,D,0
-17.9294,26.1705,319.5,2023-06-04,1158,D,0
-17.1827,30.8868,314.9,2023-06-04,1158,D,0
-17.2334,30.0948,325.1,2023-06-04,1158,D,0
-17.2348,30.0855,322.8,2023-06-04,1158,D,0
-17.0033,31.2804,319.1,2023-06-04,1158,D,0
-17.2245,30.0934,317.4,2023-06-04,1158,D,0
-17.0336,31.0793,317.0,2023-06-04,1158,D,0
-20.0424,32.6272,313.2,2023-06-04,1158,D,0
-20.39,29.9547,326.3,2023-06-04,1158,D,0
-20.3914,29.945,319.7,2023-06-04,1158,D,0
-20.326,30.0826,329.3,2023-06-04,1158,D,0
-20.3273,30.0729,318.9,2023-06-04,1158,D,2
-20.089,30.9726,342.9,2023-06-04,1158,D,0
-20.0904,30.9631,329.6,2023-06-04,1158,D,0
-19.7616,32.994,318.2,2023-06-04,1158,D,0
-20.0628,29.3285,328.6,2023-06-04,1158,D,0
-19.7792,31.1351,318.2,2023-06-04,1158,D,0
-20.1189,28.626,314.3,2023-06-04,1158,D,0
-19.8326,29.5324,314.6,2023-06-04,1158,D,0
-19.8339,29.5227,319.1,2023-06-04,1158,D,0
-19.8248,29.5213,335.6,2023-06-04,1158,D,0
-19.8261,29.5115,359.3,2023-06-04,1158,D,0
-19.0971,30.6391,332.8,2023-06-04,1158,D,0
-17.9696,30.2298,321.9,2023-06-04,1158,D,0
-17.9709,30.2204,326.0,2023-06-04,1158,D,0
-17.679,31.141,327.7,2023-06-04,1158,D,0
-17.6805,31.1315,325.3,2023-06-04,1158,D,0
-17.6904,31.0651,316.4,2023-06-04,1158,D,0
-17.5126,32.0473,316.1,2023-06-04,1158,D,0
-17.6445,30.2486,327.6,2023-06-04,1158,D,0
-17.649,30.154,319.1,2023-06-04,1158,D,0
-17.6504,30.1446,317.6,2023-06-04,1158,D,0
-17.4593,31.0668,317.9,2023-06-04,1158,D,0
-17.3223,31.3724,318.8,2023-06-04,1158,D,0
-17.4416,30.5664,336.4,2023-06-04,1158,D,0
-17.4326,30.565,354.7,2023-06-04,1158,D,0
-17.434,30.5556,324.8,2023-06-04,1158,D,0
-17.486,30.1348,323.8,2023-06-04,1158,D,0
-17.4874,30.1255,338.9,2023-06-04,1158,D,0
-16.9139,29.8931,329.6,2023-06-04,1159,D,0
-17.1971,29.4534,322.8,2023-06-04,1159,D,0
-17.1984,29.444,325.1,2023-06-04,1159,D,0
-17.1695,29.5834,363.9,2023-06-04,1159,D,0
-17.1709,29.574,374.0,2023-06-04,1159,D,0
-17.1606,29.582,381.0,2023-06-04,1159,D,0
-17.1619,29.5726,339.4,2023-06-04,1159,D,0
-17.1503,29.59,314.7,2023-06-04,1159,D,0
-17.1516,29.5806,324.0,2023-06-04,1159,D,0
-17.0384,29.6614,321.0,2023-06-04,1159,D,0
-17.0397,29.6521,326.9,2023-06-04,1159,D,0
-16.9212,29.4494,315.7,2023-06-04,1159,D,0
-16.9773,28.9839,319.3,2023-06-04,1159,D,0
-16.8361,29.7261,318.1,2023-06-04,1159,D,0
-16.7993,29.6633,346.2,2023-06-04,1159,D,0
-16.8007,29.654,374.7,2023-06-04,1159,D,0
-16.7904,29.6619,338.9,2023-06-04,1159,D,0
-16.7917,29.6526,354.7,2023-06-04,1159,D,0
-16.8798,28.8947,328.8,2023-06-04,1159,D,0
-16.5951,30.812,323.1,2023-06-04,1159,D,0
-16.8707,28.8934,326.5,2023-06-04,1159,D,0
-16.8614,28.8953,324.3,2023-06-04,1159,D,0
-16.8628,28.8857,320.4,2023-06-04,1159,D,0
-16.6818,29.5183,319.3,2023-06-04,1159,D,0
-16.6337,29.4057,323.3,2023-06-04,1159,D,0
-16.6038,29.487,323.1,2023-06-04,1159,D,0
-16.6051,29.4777,321.1,2023-06-04,1159,D,0
-16.6446,29.0639,337.6,2023-06-04,1159,D,0
-16.6459,29.0543,319.5,2023-06-04,1159,D,0
-16.5905,29.3162,316.9,2023-06-04,1159,D,0
-16.5922,29.2394,320.6,2023-06-04,1159,D,0
-16.6015,29.1735,336.2,2023-06-04,1159,D,0
-16.6028,29.1639,328.7,2023-06-04,1159,D,0
-16.6054,29.1451,325.1,2023-06-04,1159,D,0
-16.6068,29.1357,328.5,2023-06-04,1159,D,0
-16.5301,29.6119,314.8,2023-06-04,1159,D,0
-16.5818,29.2474,324.0,2023-06-04,1159,D,0
-16.5638,29.2447,319.1,2023-06-04,1159,D,0
-16.5957,29.0175,322.3,2023-06-04,1159,D,0
-16.5011,29.1714,340.8,2023-06-04,1159,D,0
-16.5025,29.162,336.3,2023-06-04,1159,D,0
-16.3058,30.3392,316.1,2023-06-04,1159,D,0
-16.045,30.7934,318.4,2023-06-04,1159,D,0
-16.0464,30.784,322.8,2023-06-04,1159,D,0
-16.0214,30.7637,333.0,2023-06-04,1159,D,0
-16.0124,30.7622,327.0,2023-06-04,1159,D,0
-16.0154,30.6181,319.2,2023-06-04,1159,D,0
-16.5862,29.1341,306.4,2023-06-04,2005,N,0
-16.9071,29.4586,313.1,2023-06-05,834,D,0
-16.9104,29.4905,321.1,2023-06-05,834,D,0
-16.9205,29.4827,312.6,2023-06-05,834,D,0
-17.0723,29.5675,325.4,2023-06-05,834,D,0
-17.0663,29.5625,323.5,2023-06-05,834,D,0
-17.0695,29.5954,311.9,2023-06-05,834,D,0
-17.4841,30.4014,312.2,2023-06-05,834,D,0
-17.4883,30.3957,310.9,2023-06-05,834,D,0
-19.5056,29.8306,308.5,2023-06-05,835,D,0
-20.0198,29.1682,314.9,2023-06-05,835,D,0
-20.1159,28.5618,311.9,2023-06-05,835,D,0
-20.1158,28.5865,311.5,2023-06-05,835,D,0
-21.3805,30.617,311.2,2023-06-05,835,D,0
-21.379,30.6095,311.8,2023-06-05,835,D,0
-18.1885,26.3535,322.9,2023-06-05,1240,D,0
-20.0703,28.6102,316.8,2023-06-05,1240,D,0
-19.5102,29.7865,316.4,2023-06-05,1240,D,0
-19.5102,29.8136,315.7,2023-06-05,1240,D,0
-18.9361,30.7432,312.0,2023-06-05,1240,D,0
-19.0672,29.6899,317.1,2023-06-05,1240,D,0
-19.0742,29.6558,323.0,2023-06-05,1240,D,0
-19.0828,29.6526,312.1,2023-06-05,1240,D,0
-19.0602,29.6836,315.0,2023-06-05,1240,D,0
-19.067,29.6494,314.7,2023-06-05,1240,D,0
-18.1762,29.8661,316.8,2023-06-05,1240,D,0
-17.7336,30.6907,312.2,2023-06-05,1240,D,0
-17.7349,30.6864,313.1,2023-06-05,1240,D,0
-17.4819,30.392,313.8,2023-06-05,1240,D,0
-17.4818,30.3875,314.5,2023-06-05,1240,D,0
-18.1923,26.3328,323.2,2023-06-05,1240,D,0
-18.1758,26.3513,326.6,2023-06-05,1240,D,0
-18.1795,26.3308,329.8,2023-06-05,1240,D,0
-17.6413,27.8831,313.4,2023-06-05,1240,D,0
-16.7198,29.105,312.1,2023-06-05,1240,D,0
-16.5898,29.5142,311.8,2023-06-05,1240,D,0
-18.37,26.4805,303.2,2023-06-05,2045,N,0
-16.8122,29.4343,319.0,2023-06-05,2332,N,0
-16.8138,29.4447,310.3,2023-06-05,2332,N,0
-16.4814,29.1613,306.3,2023-06-05,2332,N,0
-16.4832,29.1723,308.1,2023-06-05,2332,N,0
-17.284,31.3277,311.6,2023-06-06,737,D,0
-17.6391,31.303,308.4,2023-06-06,737,D,0
-17.695,30.581,308.5,2023-06-06,737,D,0
-16.5713,29.187,314.0,2023-06-06,737,D,0
-16.6953,29.1172,314.4,2023-06-06,737,D,0
-16.8221,29.4376,316.0,2023-06-06,737,D,0
-16.8185,29.4314,314.4,2023-06-06,737,D,0
-19.9856,32.7233,307.1,2023-06-06,738,D,0
-17.5036,30.1182,357.0,2023-06-06,1144,D,0
-17.35,30.5303,324.3,2023-06-06,1144,D,0
-17.2933,30.8059,324.7,2023-06-06,1144,D,0
-17.6613,27.8797,314.7,2023-06-06,1144,D,0
-17.3815,30.0503,319.3,2023-06-06,1144,D,0
-17.1381,31.5345,325.0,2023-06-06,1144,D,0
-17.0683,31.8617,315.7,2023-06-06,1144,D,0
-17.0697,31.8517,317.6,2023-06-06,1144,D,0
-17.1306,30.7251,319.3,2023-06-06,1144,D,0
-17.1322,30.7134,343.7,2023-06-06,1144,D,0
-17.1208,30.7235,327.0,2023-06-06,1144,D,0
-17.1224,30.7118,353.0,2023-06-06,1144,D,0
-17.1768,30.137,316.3,2023-06-06,1144,D,0
-17.0861,30.4448,323.8,2023-06-06,1144,D,0
-17.0876,30.4329,322.8,2023-06-06,1144,D,0
-17.0866,30.4383,325.0,2023-06-06,1144,D,0
-17.0766,30.4369,354.3,2023-06-06,1144,D,0
-17.0782,30.4249,353.4,2023-06-06,1144,D,0
-17.0396,30.4074,315.4,2023-06-06,1144,D,0
-16.9335,30.7532,313.8,2023-06-06,1144,D,0
-16.935,30.7418,316.8,2023-06-06,1144,D,0
-16.7936,31.7209,314.2,2023-06-06,1144,D,0
-16.8084,31.398,326.3,2023-06-06,1144,D,0
-16.7832,30.2687,316.2,2023-06-06,1144,D,0
-16.6016,31.3558,321.9,2023-06-06,1144,D,0
-16.603,31.3454,354.1,2023-06-06,1144,D,0
-16.5971,31.3484,323.9,2023-06-06,1144,D,0
-16.5985,31.338,324.2,2023-06-06,1144,D,0
-16.5966,31.2092,320.7,2023-06-06,1144,D,0
-16.7984,29.6793,321.0,2023-06-06,1144,D,0
-16.8,29.6664,336.3,2023-06-06,1144,D,0
-16.8864,28.8043,317.9,2023-06-06,1144,D,0
-16.5395,31.201,314.9,2023-06-06,1144,D,0
-19.6902,29.78,318.0,2023-06-06,1144,D,0
-19.6919,29.7656,319.9,2023-06-06,1144,D,0
-19.4906,29.8285,338.8,2023-06-06,1144,D,0
-19.4923,29.8143,398.2,2023-06-06,1144,D,0
-19.4941,29.8,316.6,2023-06-06,1144,D,0
-19.4798,29.827,317.8,2023-06-06,1144,D,0
-19.4815,29.8129,337.8,2023-06-06,1144,D,0
-19.4837,29.608,328.2,2023-06-06,1144,D,0
-19.4727,29.6065,314.7,2023-06-06,1144,D,0
-19.4811,29.6173,316.7,2023-06-06,1144,D,0
-19.4829,29.6026,326.1,2023-06-06,1144,D,0
-19.0113,32.6232,316.7,2023-06-06,1144,D,0
-18.9997,32.5129,312.2,2023-06-06,1144,D,0
-19.3459,29.6067,322.5,2023-06-06,1144,D,0
-19.3477,29.5921,327.2,2023-06-06,1144,D,0
-18.86,31.9788,317.9,2023-06-06,1144,D,0
-18.9825,30.8899,318.6,2023-06-06,1144,D,0
-18.984,30.8779,331.5,2023-06-06,1144,D,0
-18.9564,30.6213,313.3,2023-06-06,1144,D,0
-18.9463,30.6199,314.5,2023-06-06,1144,D,0
-19.0073,30.1346,322.3,2023-06-06,1144,D,0
-19.009,30.1213,316.3,2023-06-06,1144,D,0
-18.7075,32.1517,315.3,2023-06-06,1144,D,0
-18.7089,32.1414,316.3,2023-06-06,1144,D,0
-18.9383,30.037,323.8,2023-06-06,1144,D,0
-18.7874,29.509,315.3,2023-06-06,1144,D,0
-18.5578,30.0682,321.7,2023-06-06,1144,D,0
-18.3847,31.1102,316.2,2023-06-06,1144,D,0
-18.6487,28.2595,318.6,2023-06-06,1144,D,0
-18.1143,32.4661,321.1,2023-06-06,1144,D,0
-18.1156,32.4564,315.2,2023-06-06,1144,D,0
-18.3718,30.1757,317.8,2023-06-06,1144,D,0
-18.6811,26.9258,315.7,2023-06-06,1144,D,0
-18.1463,31.1388,316.1,2023-06-06,1144,D,0
-18.0206,32.0109,330.2,2023-06-06,1144,D,0
-18.022,32.0007,317.3,2023-06-06,1144,D,0
-18.2884,29.9466,318.1,2023-06-06,1144,D,0
-18.0573,31.4113,316.8,2023-06-06,1144,D,0
-18.0587,31.4006,321.9,2023-06-06,1144,D,0
-18.0477,31.4099,328.9,2023-06-06,1144,D,0
-18.0491,31.3992,352.1,2023-06-06,1144,D,0
-18.2161,29.8755,318.5,2023-06-06,1144,D,0
-18.0441,31.1402,320.4,2023-06-06,1144,D,0
-18.2055,29.874,324.9,2023-06-06,1144,D,0
-17.9744,30.1745,316.0,2023-06-06,1144,D,0
-17.8715,30.8254,323.7,2023-06-06,1144,D,0
-17.7815,31.4457,322.9,2023-06-06,1144,D,0
-17.8868,30.6248,328.6,2023-06-06,1144,D,0
-17.8883,30.6129,347.4,2023-06-06,1144,D,0
-17.8898,30.601,321.3,2023-06-06,1144,D,0
-17.8882,30.6195,341.0,2023-06-06,1144,D,0
-17.8897,30.6076,325.6,2023-06-06,1144,D,0
-17.8913,30.5957,322.7,2023-06-06,1144,D,0
-17.7867,30.8549,313.1,2023-06-06,1144,D,0
-17.7249,31.2557,315.8,2023-06-06,1144,D,0
-17.8444,30.17,328.9,2023-06-06,1144,D,0
-17.846,30.1573,317.5,2023-06-06,1144,D,0
-17.8341,30.1687,326.0,2023-06-06,1144,D,0
-17.8357,30.156,319.4,2023-06-06,1144,D,0
-17.7041,30.1454,332.3,2023-06-06,1144,D,0
-17.6922,30.1567,322.4,2023-06-06,1144,D,0
-17.6938,30.144,328.6,2023-06-06,1144,D,0
-17.3636,32.0434,321.4,2023-06-06,1144,D,0
-17.3649,32.0334,326.4,2023-06-06,1144,D,0
-17.4485,30.9436,322.1,2023-06-06,1144,D,0
-17.45,30.9324,312.8,2023-06-06,1144,D,0
-17.3679,31.2565,313.6,2023-06-06,1144,D,0
-17.3693,31.2456,314.9,2023-06-06,1144,D,0
-17.3825,31.0693,314.3,2023-06-06,1144,D,0
-17.502,30.1308,364.1,2023-06-06,1144,D,0
-17.5051,30.1057,328.8,2023-06-06,1144,D,0
-17.4917,30.1293,323.6,2023-06-06,1144,D,0
-17.4933,30.1168,322.5,2023-06-06,1144,D,0
-17.4946,30.1233,328.8,2023-06-06,1144,D,0
-17.4963,30.1108,323.3,2023-06-06,1144,D,0
-17.7155,27.8732,317.4,2023-06-06,1144,D,0
-17.7033,27.8715,329.0,2023-06-06,1144,D,0
-17.7054,27.8533,320.4,2023-06-06,1144,D,0
-17.3487,30.5359,315.4,2023-06-06,1144,D,0
-17.3502,30.524,321.6,2023-06-06,1144,D,0
-17.6646,27.8852,319.0,2023-06-06,1144,D,0
-16.712,29.1202,321.7,2023-06-06,1145,D,0
-16.5687,29.1595,350.2,2023-06-06,1145,D,0
-16.285,30.1102,339.6,2023-06-06,1145,D,0
-16.2866,30.0979,319.7,2023-06-06,1145,D,0
-16.0111,30.3358,320.8,2023-06-06,1145,D,0
-16.0126,30.3242,318.1,2023-06-06,1145,D,0
-15.9979,30.351,320.0,2023-06-06,1145,D,0
-16.5669,29.1737,325.7,2023-06-06,1145,D,0
-16.5476,29.3276,321.0,2023-06-06,1145,D,0
-16.5795,29.1613,324.2,2023-06-06,1145,D,0
-16.5778,29.1753,327.0,2023-06-06,1145,D,0
-16.5582,29.3294,320.3,2023-06-06,1145,D,0
-16.6898,29.0959,328.9,2023-06-06,1145,D,0
-16.7193,29.0394,319.5,2023-06-06,1145,D,0
-16.7208,29.0471,319.1,2023-06-06,1145,D,0
-17.1411,30.7172,301.7,2023-06-06,1948,N,0
-17.6764,30.1163,300.0,2023-06-06,1948,N,0
-18.3693,26.4807,320.1,2023-06-07,818,D,0
-19.8124,32.789,308.4,2023-06-07,818,D,0
-19.8153,32.8205,322.8,2023-06-07,818,D,0
-16.5401,29.305,313.5,2023-06-07,818,D,0
-16.708,29.0919,318.6,2023-06-07,818,D,0
-16.5419,29.3196,308.8,2023-06-07,818,D,0
-18.8668,27.1736,311.1,2023-06-07,818,D,0
-18.0671,25.7404,328.2,2023-06-07,818,D,0
-17.9604,25.7015,316.7,2023-06-07,818,D,0
-18.294,30.2513,311.3,2023-06-07,818,D,0
-18.0568,30.5699,309.4,2023-06-07,818,D,0
-17.2187,31.2102,308.9,2023-06-07,818,D,0
-21.0466,31.5716,310.6,2023-06-07,1225,D,0
-20.974,29.0815,314.6,2023-06-07,1225,D,0
-19.8062,30.7356,311.9,2023-06-07,1225,D,0
-19.2461,30.6222,313.8,2023-06-07,1226,D,0
-19.2446,30.6367,314.2,2023-06-07,1226,D,0
-18.3268,30.6118,312.4,2023-06-07,1226,D,0
-18.0965,31.3722,312.7,2023-06-07,1226,D,0
-18.1012,31.3468,319.9,2023-06-07,1226,D,0
-17.9856,30.1602,314.2,2023-06-07,1226,D,0
-18.1744,26.319,321.3,2023-06-07,1226,D,0
-17.3654,29.2234,319.0,2023-06-07,1226,D,0
-17.3687,29.2052,318.5,2023-06-07,1226,D,0
-17.9627,25.7002,326.3,2023-06-07,1226,D,0
-17.9644,25.6895,324.9,2023-06-07,1226,D,0
-17.3632,29.2178,319.0,2023-06-07,1226,D,0
-16.6627,31.0108,314.6,2023-06-07,1226,D,0
-16.5295,30.1252,310.3,2023-06-07,1226,D,0
-15.6963,30.3891,319.8,2023-06-07,1227,D,0
-15.7007,30.3948,324.4,2023-06-07,1227,D,0
-18.3695,26.476,313.4,2023-06-07,2029,N,0
-18.9558,31.9939,324.8,2023-06-08,721,D,0
-18.9572,31.9873,326.9,2023-06-08,721,D,0
-18.9523,31.9743,317.2,2023-06-08,721,D,0
-17.6848,31.2383,310.8,2023-06-08,721,D,0
-19.7715,32.9438,314.3,2023-06-08,1129,D,0
-19.1168,30.9748,328.7,2023-06-08,1130,D,0
-19.1038,30.9732,310.9,2023-06-08,1130,D,0
-18.633,32.1457,316.3,2023-06-08,1130,D,0
-18.1295,32.8365,336.5,2023-06-08,1130,D,0
-18.0514,30.4012,321.9,2023-06-08,1130,D,0
-17.506,32.1267,313.8,2023-06-08,1130,D,0
-17.311,31.4011,312.9,2023-06-08,1130,D,0
-17.3132,31.3829,323.1,2023-06-08,1130,D,0
-16.5496,29.3489,314.0,2023-06-08,1130,D,0
-18.9508,31.9752,322.1,2023-06-08,1130,D,0
-18.9957,32.3655,322.9,2023-06-08,1130,D,0
-18.9976,32.3491,341.5,2023-06-08,1130,D,0
-18.986,32.3478,340.9,2023-06-08,1130,D,0
-19.1124,30.9999,327.4,2023-06-08,1130,D,0
-19.1146,30.9794,345.4,2023-06-08,1130,D,0
-18.91,32.6005,314.6,2023-06-08,1130,D,0
-19.1144,30.9953,333.5,2023-06-08,1130,D,0
-18.3682,26.4848,301.3,2023-06-09,1,N,0
-20.1994,28.6499,311.3,2023-06-09,802,D,0
-20.2084,28.6485,327.2,2023-06-09,802,D,0
-20.4266,28.4984,311.8,2023-06-09,802,D,0
-20.428,28.5079,311.3,2023-06-09,802,D,0
-18.9506,31.9841,320.7,2023-06-09,802,D,0
-19.8553,28.3415,346.3,2023-06-09,1211,D,0
-19.465,30.5464,312.5,2023-06-09,1211,D,0
-19.8483,28.3346,327.1,2023-06-09,1211,D,0
-19.8568,28.3319,338.0,2023-06-09,1211,D,0
-21.0327,31.6021,319.5,2023-06-09,1211,D,0
-16.9951,30.843,319.7,2023-06-09,1212,D,0
-18.9922,29.7979,318.0,2023-06-09,1212,D,0
-18.8601,27.2296,329.7,2023-06-09,1212,D,0
-18.0896,30.6167,343.5,2023-06-09,1212,D,0
-18.3088,25.9894,300.6,2023-06-09,2012,N,0
-18.0394,30.9449,306.4,2023-06-09,2012,N,0
-18.3098,25.9838,300.2,2023-06-09,2012,N,0
-17.5511,30.3513,301.1,2023-06-09,2013,N,0
-20.0433,30.8449,310.6,2023-06-10,1115,D,0
-20.062,30.8503,314.3,2023-06-10,1115,D,0
-20.0606,30.8464,314.7,2023-06-10,1115,D,0
-19.0006,32.4892,316.4,2023-06-10,1115,D,0
-19.0034,32.4847,320.0,2023-06-10,1115,D,0
-18.1758,31.8446,318.1,2023-06-10,1116,D,0
-18.1663,31.8391,316.8,2023-06-10,1116,D,0
-17.9896,30.3437,311.1,2023-06-10,1116,D,0
-17.9387,30.7107,311.4,2023-06-10,1116,D,0
-17.7172,30.7942,312.8,2023-06-10,1116,D,0
-17.4359,30.125,338.8,2023-06-10,1116,D,0
-17.4361,30.1208,337.6,2023-06-10,1116,D,0
-17.2109,31.1487,315.3,2023-06-10,1116,D,0
-17.2144,31.1137,311.4,2023-06-10,1116,D,0
-17.2985,30.055,319.5,2023-06-10,1116,D,0
-17.2045,31.144,316.1,2023-06-10,1116,D,0
-17.299,30.0513,321.5,2023-06-10,1116,D,0
-17.2242,30.0872,316.0,2023-06-10,1116,D,0
-17.2236,30.0792,315.1,2023-06-10,1116,D,0
-16.9678,31.2888,315.7,2023-06-10,1116,D,0
-16.9764,31.2856,317.0,2023-06-10,1116,D,0
-20.5631,28.0657,318.9,2023-06-10,1253,D,0
-20.5618,28.0569,315.9,2023-06-10,1253,D,0
-18.4395,30.6307,307.4,2023-06-10,2346,N,0
-16.0171,30.7445,310.7,2023-06-11,745,D,0
-16.7853,29.458,335.0,2023-06-11,745,D,0
-17.0842,31.1383,322.1,2023-06-11,745,D,0
-17.0857,31.148,327.3,2023-06-11,745,D,0
-17.0796,30.5179,310.2,2023-06-11,745,D,0
-17.108,30.5763,309.0,2023-06-11,745,D,0
-16.9362,29.2476,310.8,2023-06-11,745,D,0
-17.1766,30.7118,316.9,2023-06-11,745,D,0
-17.1057,29.6676,331.3,2023-06-11,745,D,0
-17.1075,29.679,316.5,2023-06-11,745,D,0
-17.2529,30.6086,322.0,2023-06-11,745,D,2
-17.4072,30.4128,326.2,2023-06-11,745,D,0
-17.4088,30.423,329.9,2023-06-11,745,D,0
-17.4165,30.4112,317.3,2023-06-11,745,D,0
-17.4181,30.4215,318.2,2023-06-11,745,D,0
-17.5492,31.1616,311.0,2023-06-11,745,D,0
-17.4476,30.1419,336.1,2023-06-11,745,D,0
-17.4492,30.1525,324.9,2023-06-11,745,D,0
-17.4554,30.1296,317.7,2023-06-11,745,D,0
-17.457,30.1403,320.6,2023-06-11,745,D,0
-17.5891,30.5806,308.0,2023-06-11,745,D,0
-18.0559,31.891,310.0,2023-06-11,745,D,0
-18.3359,29.5281,310.6,2023-06-11,745,D,0
-18.3377,29.5393,307.3,2023-06-11,745,D,0
-19.555,28.8854,318.8,2023-06-11,746,D,0
-19.5569,28.8971,306.1,2023-06-11,746,D,0
-19.4156,29.7852,342.8,2023-06-11,1157,D,0
-18.9961,32.5163,318.8,2023-06-11,1157,D,0
-21.0334,31.5969,318.2,2023-06-11,1157,D,0
-20.0394,32.6302,313.1,2023-06-11,1157,D,0
-19.5659,28.8903,325.3,2023-06-11,1157,D,0
-19.4143,29.7949,341.2,2023-06-11,1157,D,0
-17.6191,30.9607,320.1,2023-06-11,1158,D,0
-17.5189,31.1981,319.3,2023-06-11,1158,D,0
-17.412,30.9916,328.6,2023-06-11,1158,D,0
-17.3264,31.5033,313.7,2023-06-11,1158,D,0
-17.2837,31.4797,313.9,2023-06-11,1158,D,0
-17.2832,31.2348,317.0,2023-06-11,1158,D,0
-17.1796,30.8771,329.4,2023-06-11,1158,D,0
-17.0956,31.1334,316.4,2023-06-11,1158,D,0
-16.8717,31.8833,317.1,2023-06-11,1158,D,0
-16.8733,31.8734,321.0,2023-06-11,1158,D,0
-16.8651,31.8756,331.2,2023-06-11,1158,D,0
-16.8666,31.8657,318.7,2023-06-11,1158,D,0
-17.135,29.656,328.5,2023-06-11,1158,D,0
-17.1247,29.664,328.5,2023-06-11,1158,D,0
-17.126,29.6546,350.2,2023-06-11,1158,D,0
-17.1274,29.6452,335.2,2023-06-11,1158,D,0
-16.9352,30.9116,317.8,2023-06-11,1158,D,0
-17.1356,29.5213,330.3,2023-06-11,1158,D,0
-16.8743,30.1941,315.6,2023-06-11,1158,D,0
-16.9448,29.7007,337.9,2023-06-11,1158,D,0
-16.9358,29.6992,328.1,2023-06-11,1158,D,0
-16.9372,29.6899,314.1,2023-06-11,1158,D,0
-16.9595,29.3407,321.4,2023-06-11,1158,D,0
-16.8725,29.3015,329.7,2023-06-11,1158,D,0
-16.8738,29.292,321.8,2023-06-11,1158,D,0
-16.8001,29.6182,329.3,2023-06-11,1158,D,0
-16.7898,29.6262,321.0,2023-06-11,1158,D,0
-16.7911,29.6168,325.5,2023-06-11,1158,D,0
-16.7808,29.6248,320.2,2023-06-11,1158,D,0
-16.7867,29.4528,317.9,2023-06-11,1158,D,0
-16.8612,28.9167,321.7,2023-06-11,1158,D,0
-16.7641,29.3566,334.1,2023-06-11,1158,D,0
-16.7654,29.3471,322.1,2023-06-11,1158,D,0
-16.6083,30.0013,320.6,2023-06-11,1158,D,0
-16.6667,29.3253,316.6,2023-06-11,1158,D,0
-18.5197,31.16,340.1,2023-06-11,1158,D,0
-18.5108,31.1585,350.9,2023-06-11,1158,D,0
-18.5122,31.1491,396.6,2023-06-11,1158,D,0
-18.7885,29.1378,323.0,2023-06-11,1158,D,0
-18.1803,30.5234,325.3,2023-06-11,1158,D,0
-18.183,30.5047,320.1,2023-06-11,1158,D,0
-18.1698,30.5247,324.2,2023-06-11,1158,D,0
-17.99,31.4981,314.4,2023-06-11,1158,D,0
-17.9182,31.3046,310.6,2023-06-11,1158,D,0
-17.7827,32.0158,313.6,2023-06-11,1158,D,0
-17.697,31.3048,319.5,2023-06-11,1158,D,0
-17.7027,31.2669,314.2,2023-06-11,1158,D,0
-17.7041,31.2574,344.4,2023-06-11,1158,D,0
-17.6177,30.9701,326.9,2023-06-11,1158,D,0
-17.5346,31.1589,315.1,2023-06-11,1158,D,0
-18.0452,30.1993,302.4,2023-06-11,1956,N,0
-18.0451,30.1929,302.4,2023-06-11,1956,N,0
-18.0192,29.7874,310.8,2023-06-12,826,D,0
-18.0139,29.7948,314.3,2023-06-12,826,D,0
-16.8541,28.9549,312.3,2023-06-12,826,D,0
-20.2902,29.1026,338.4,2023-06-12,1239,D,0
-20.4374,28.4957,313.8,2023-06-12,1239,D,0
-20.4235,28.4924,334.4,2023-06-12,1239,D,0
-20.4267,28.4986,337.6,2023-06-12,1239,D,0
-18.9875,29.5355,311.2,2023-06-12,1239,D,0
-20.4096,28.4894,317.5,2023-06-12,1239,D,0
-20.2957,29.0744,351.1,2023-06-12,1239,D,0
-17.8018,30.8375,336.7,2023-06-12,1240,D,0
-17.8103,30.7961,320.9,2023-06-12,1240,D,0
-17.8025,30.8336,334.0,2023-06-12,1240,D,0
-18.3199,26.0315,329.7,2023-06-12,1240,D,0
-18.1337,25.7374,361.0,2023-06-12,1240,D,0
-17.2612,28.9401,314.1,2023-06-12,1240,D,0
-18.0408,29.7925,313.3,2023-06-12,1240,D,0
-18.1573,25.7562,301.7,2023-06-12,2037,N,0
-18.373,26.4802,304.6,2023-06-12,2037,N,0
-18.1417,25.7887,300.7,2023-06-12,2332,N,0
-18.1387,25.7715,302.2,2023-06-12,2332,N,0
-18.115,25.7759,313.7,2023-06-12,2332,N,0
-18.3074,26.0621,305.3,2023-06-12,2332,N,0
-18.3046,26.0457,303.1,2023-06-12,2332,N,0
-20.0352,32.6372,313.4,2023-06-12,2333,N,0
-18.3275,26.0468,306.1,2023-06-13,729,D,0
-18.3444,31.468,309.5,2023-06-13,729,D,0
-17.5152,30.7697,316.9,2023-06-13,729,D,0
-19.8136,33.0124,327.0,2023-06-13,729,D,0
-17.5225,30.7741,319.8,2023-06-13,729,D,0
-19.9759,32.8121,305.8,2023-06-13,729,D,0
-18.339,26.0784,304.2,2023-06-13,729,D,0
-20.4115,28.498,307.5,2023-06-13,730,D,0
-20.8782,32.308,314.9,2023-06-13,730,D,0
-20.8862,32.2936,419.6,2023-06-13,730,D,0
-20.8883,32.3061,422.3,2023-06-13,730,D,0
-20.4191,28.4903,314.0,2023-06-13,730,D,0
-21.3839,30.6083,308.5,2023-06-13,730,D,0
-19.9097,32.8673,311.7,2023-06-13,1143,D,0
-19.8638,32.7875,310.7,2023-06-13,1143,D,0
-20.0424,32.6318,316.5,2023-06-13,1143,D,0
-19.8247,33.0087,311.6,2023-06-13,1143,D,0
-20.2373,29.4936,360.7,2023-06-13,1143,D,0
-20.2391,29.4777,359.3,2023-06-13,1143,D,0
-20.2258,29.4922,333.3,2023-06-13,1143,D,0
-20.2277,29.4763,318.3,2023-06-13,1143,D,0
-20.8844,31.739,318.4,2023-06-13,1143,D,0
-19.6835,32.9032,312.7,2023-06-13,1143,D,0
-19.6849,32.8933,314.2,2023-06-13,1143,D,0
-20.0713,28.8333,318.3,2023-06-13,1143,D,0
-20.0783,28.8292,315.1,2023-06-13,1143,D,0
-19.7824,29.3898,330.7,2023-06-13,1143,D,0
-19.7843,29.3741,316.7,2023-06-13,1143,D,0
-19.771,29.3883,312.2,2023-06-13,1143,D,0
-19.7472,29.189,322.5,2023-06-13,1143,D,0
-19.749,29.1724,325.8,2023-06-13,1143,D,0
-19.7503,29.1825,316.3,2023-06-13,1143,D,0
-19.7388,29.1809,324.1,2023-06-13,1143,D,0
-19.4169,31.3622,313.0,2023-06-13,1143,D,0
-19.393,31.2335,326.2,2023-06-13,1143,D,0
-19.3945,31.2217,336.7,2023-06-13,1143,D,0
-20.925,30.3397,315.2,2023-06-13,1143,D,0
-19.3846,31.2202,313.2,2023-06-13,1143,D,0
-19.528,29.5123,314.3,2023-06-13,1143,D,0
-19.0234,32.4939,323.4,2023-06-13,1143,D,0
-19.014,32.4925,319.3,2023-06-13,1143,D,0
-18.9848,32.4986,348.5,2023-06-13,1143,D,0
-18.9861,32.4883,319.8,2023-06-13,1143,D,0
-19.3127,29.7986,311.4,2023-06-13,1143,D,0
-19.3144,29.7842,337.2,2023-06-13,1143,D,0
-18.9798,32.3446,315.0,2023-06-13,1143,D,0
-19.311,29.7918,328.2,2023-06-13,1143,D,0
-19.3128,29.7773,323.2,2023-06-13,1143,D,0
-18.9044,32.4801,332.1,2023-06-13,1143,D,0
-18.9058,32.4698,327.4,2023-06-13,1143,D,0
-18.8951,32.4786,316.2,2023-06-13,1143,D,0
-18.9076,32.3128,316.1,2023-06-13,1143,D,0
-18.909,32.3025,326.8,2023-06-13,1143,D,0
-19.215,29.7434,316.1,2023-06-13,1143,D,0
-18.5286,32.0787,313.0,2023-06-13,1143,D,0
-18.6123,31.1342,313.3,2023-06-13,1143,D,0
-18.218,31.5054,311.7,2023-06-13,1143,D,0
-18.2889,30.2245,313.0,2023-06-13,1143,D,0
-18.1261,31.1112,326.6,2023-06-13,1143,D,0
-18.0731,31.438,338.9,2023-06-13,1143,D,0
-18.0745,31.427,346.3,2023-06-13,1143,D,0
-18.0011,31.2844,310.7,2023-06-13,1143,D,0
-18.0026,31.2731,313.1,2023-06-13,1143,D,0
-17.8642,31.846,317.8,2023-06-13,1144,D,0
-18.3352,26.0687,327.9,2023-06-13,1144,D,0
-18.3208,26.0672,324.2,2023-06-13,1144,D,0
-17.7743,30.6014,326.7,2023-06-13,1144,D,0
-18.2749,26.088,316.6,2023-06-13,1144,D,0
-18.2775,26.0616,321.0,2023-06-13,1144,D,0
-18.2605,26.0864,333.0,2023-06-13,1144,D,0
-18.2631,26.0599,371.3,2023-06-13,1144,D,0
-18.272,26.0809,327.5,2023-06-13,1144,D,0
-18.2749,26.0544,328.8,2023-06-13,1144,D,0
-18.2576,26.0793,345.9,2023-06-13,1144,D,0
-18.2604,26.0527,351.3,2023-06-13,1144,D,0
-17.307,31.6073,316.9,2023-06-13,1144,D,0
-17.4163,30.3053,340.5,2023-06-13,1144,D,0
-17.709,27.4005,316.1,2023-06-13,1144,D,0
-17.1353,31.8052,314.3,2023-06-13,1144,D,0
-17.1136,31.823,325.2,2023-06-13,1144,D,0
-17.1505,30.5445,377.6,2023-06-13,1144,D,0
-17.152,30.5324,355.5,2023-06-13,1144,D,0
-17.1536,30.5202,329.3,2023-06-13,1144,D,0
-17.1388,30.5552,338.1,2023-06-13,1144,D,0
-17.1403,30.5431,385.0,2023-06-13,1144,D,0
-17.1419,30.531,338.4,2023-06-13,1144,D,0
-16.7675,32.7981,317.2,2023-06-13,1144,D,0
-16.7689,32.7887,333.3,2023-06-13,1144,D,0
-16.8461,32.0209,328.9,2023-06-13,1144,D,0
-16.853,31.8981,328.7,2023-06-13,1144,D,0
-16.8544,31.8878,337.6,2023-06-13,1144,D,0
-16.8253,32.0525,318.8,2023-06-13,1144,D,0
-16.8267,32.0423,318.0,2023-06-13,1144,D,0
-16.8396,31.879,314.3,2023-06-13,1144,D,0
-17.0504,30.14,337.6,2023-06-13,1144,D,0
-17.04,30.1385,326.0,2023-06-13,1144,D,0
-17.0416,30.1257,334.4,2023-06-13,1144,D,0
-16.8757,30.86,319.6,2023-06-13,1144,D,0
-16.8089,30.9881,331.3,2023-06-13,1144,D,0
-16.6109,29.0961,319.4,2023-06-13,1144,D,0
-16.6128,29.0812,319.0,2023-06-13,1144,D,0
-16.3036,30.087,317.8,2023-06-13,1144,D,0
-16.3051,30.0749,322.0,2023-06-13,1144,D,0
-16.0215,30.7712,318.5,2023-06-13,1144,D,0
-15.7864,30.3915,320.3,2023-06-13,1144,D,0
-15.7764,30.3901,345.6,2023-06-13,1144,D,0
-16.5891,29.7592,318.9,2023-06-14,809,D,0
-15.9677,30.3963,320.1,2023-06-14,809,D,0
-16.3908,29.9579,310.6,2023-06-14,809,D,0
-16.5906,29.7709,331.3,2023-06-14,809,D,0
-16.5984,29.0692,312.5,2023-06-14,809,D,0
-16.6029,29.0735,312.3,2023-06-14,809,D,0
-16.7225,29.61,312.9,2023-06-14,809,D,0
-17.0588,30.4217,312.3,2023-06-14,809,D,0
-17.0604,30.4349,323.2,2023-06-14,809,D,0
-17.0882,29.6785,311.2,2023-06-14,809,D,0
-17.3092,31.4602,315.6,2023-06-14,809,D,0
-17.3111,31.476,316.2,2023-06-14,809,D,0
-17.4041,31.0253,318.5,2023-06-14,809,D,0
-17.3076,30.2124,323.9,2023-06-14,809,D,0
-17.4053,31.0193,311.5,2023-06-14,809,D,0
-17.407,31.0342,321.8,2023-06-14,809,D,0
-17.5899,31.0479,316.4,2023-06-14,809,D,0
-17.5906,31.042,313.2,2023-06-14,809,D,0
-17.5923,31.0566,309.3,2023-06-14,809,D,0
-17.6895,30.9179,312.0,2023-06-14,809,D,0
-17.7445,30.9107,311.3,2023-06-14,809,D,0
-17.9593,30.5207,311.4,2023-06-14,809,D,0
-18.0527,30.3642,315.2,2023-06-14,810,D,0
-18.0466,30.3591,311.6,2023-06-14,810,D,0
-18.2892,30.8795,313.5,2023-06-14,810,D,0
-18.3329,27.0564,309.7,2023-06-14,810,D,0
-18.3709,26.4806,322.2,2023-06-14,810,D,0
-18.8677,25.9071,314.9,2023-06-14,810,D,0
-20.3317,30.0895,309.2,2023-06-14,810,D,0
-21.062,31.4872,311.9,2023-06-14,810,D,0
-17.8196,31.3932,317.4,2023-06-14,1225,D,0
-17.3331,31.4478,312.7,2023-06-14,1225,D,0
-17.3283,31.4739,324.6,2023-06-14,1225,D,0
-18.2717,26.0596,329.6,2023-06-14,1225,D,0
-18.277,26.0562,328.8,2023-06-14,1225,D,0
-18.2753,26.067,325.9,2023-06-14,1225,D,0
-17.3366,31.4564,317.1,2023-06-14,1225,D,0
-17.3316,31.4825,319.3,2023-06-14,1225,D,0
-17.7147,30.2898,314.1,2023-06-14,1225,D,0
-17.7109,30.3107,311.2,2023-06-14,1225,D,0
-17.6048,31.0497,311.3,2023-06-14,1225,D,0
-17.789,30.2474,312.9,2023-06-14,1225,D,0
-17.9411,30.0558,318.7,2023-06-14,1225,D,0
-17.9376,30.0755,314.6,2023-06-14,1225,D,0
-17.8242,31.368,315.4,2023-06-14,1225,D,0
-20.0615,32.6333,315.2,2023-06-14,1225,D,0
-20.0469,32.6302,379.0,2023-06-14,1225,D,0
-20.0518,32.6058,338.6,2023-06-14,1225,D,0
-20.0552,32.6534,310.3,2023-06-14,1225,D,0
-20.0607,32.6252,358.3,2023-06-14,1225,D,0
-20.0406,32.6503,309.3,2023-06-14,1225,D,0
-20.046,32.6228,359.8,2023-06-14,1225,D,0
-20.5157,27.7884,318.6,2023-06-14,1225,D,0
-20.5055,27.7864,314.7,2023-06-14,1225,D,0
-20.0911,28.5297,316.1,2023-06-14,1225,D,0
-19.7443,29.3215,339.1,2023-06-14,1225,D,0
-19.7472,29.3051,363.7,2023-06-14,1225,D,0
-19.75,29.2888,335.8,2023-06-14,1225,D,0
-19.7529,29.2724,316.9,2023-06-14,1225,D,0
-19.7328,29.3193,338.8,2023-06-14,1225,D,0
-19.7357,29.3029,358.9,2023-06-14,1225,D,0
-19.717,28.9502,319.3,2023-06-14,1225,D,0
-19.5037,29.8882,332.6,2023-06-14,1225,D,0
-19.5069,29.8702,316.8,2023-06-14,1225,D,0
-19.4149,29.8629,318.2,2023-06-14,1225,D,0
-18.8859,32.3466,317.2,2023-06-14,1225,D,0
-18.8914,32.3182,315.1,2023-06-14,1225,D,0
-18.8546,32.4292,316.5,2023-06-14,1225,D,0
-19.2438,30.0912,319.4,2023-06-14,1225,D,0
-19.2411,30.0834,313.5,2023-06-14,1225,D,0
-19.19,29.51,336.1,2023-06-14,1225,D,0
-19.193,29.4929,320.8,2023-06-14,1225,D,0
-19.1782,29.5077,319.9,2023-06-14,1225,D,0
-18.5972,31.6989,313.3,2023-06-14,1225,D,0
-18.607,31.6932,313.5,2023-06-14,1225,D,0
-18.1283,32.8337,322.2,2023-06-14,1225,D,0
-18.1349,32.8,312.2,2023-06-14,1225,D,0
-18.5842,29.7942,321.3,2023-06-14,1225,D,0
-18.5806,29.7864,322.5,2023-06-14,1225,D,0
-18.2062,31.5525,310.1,2023-06-14,1225,D,0
-17.9615,31.8704,328.8,2023-06-14,1225,D,0
-18.2131,30.0884,318.4,2023-06-14,1225,D,0
-18.2166,30.0689,336.6,2023-06-14,1225,D,0
-18.8881,25.9381,324.4,2023-06-14,1225,D,0
-18.8787,25.9364,355.5,2023-06-14,1225,D,0
-18.8803,25.9259,375.4,2023-06-14,1225,D,0
-18.8632,25.9122,325.8,2023-06-14,1225,D,0
-18.8648,25.9017,326.7,2023-06-14,1225,D,0
-18.1485,30.0152,339.3,2023-06-14,1225,D,0
-18.1521,29.9958,313.3,2023-06-14,1225,D,2
-18.1437,30.0271,317.0,2023-06-14,1225,D,0
-18.1472,30.0076,327.5,2023-06-14,1225,D,0
-17.869,31.4608,310.3,2023-06-14,1225,D,0
-18.07,30.3656,315.0,2023-06-14,1225,D,0
-18.0571,30.363,327.5,2023-06-14,1225,D,0
-17.8226,31.3988,312.6,2023-06-14,1225,D,0
-17.8274,31.3737,319.4,2023-06-14,1225,D,0
-16.8484,31.8281,325.7,2023-06-14,1226,D,0
-17.4443,30.4646,323.7,2023-06-14,1226,D,0
-17.4484,30.4428,331.9,2023-06-14,1226,D,0
-17.4491,30.4606,318.7,2023-06-14,1226,D,0
-17.453,30.4387,323.7,2023-06-14,1226,D,0
-17.436,30.4579,327.3,2023-06-14,1226,D,0
-17.117,31.5612,323.4,2023-06-14,1226,D,0
-17.1221,31.5346,327.9,2023-06-14,1226,D,0
-17.1146,31.5528,333.2,2023-06-14,1226,D,0
-17.1196,31.5262,319.0,2023-06-14,1226,D,0
-17.3218,30.2739,313.2,2023-06-14,1226,D,0
-17.2221,30.471,340.3,2023-06-14,1226,D,0
-17.1595,30.0784,326.6,2023-06-14,1226,D,0
-16.927,31.1791,317.7,2023-06-14,1226,D,0
-16.9242,31.1732,314.8,2023-06-14,1226,D,0
-16.9626,30.7306,316.1,2023-06-14,1226,D,0
-17.0977,29.6834,322.4,2023-06-14,1226,D,0
-17.0852,29.6811,329.7,2023-06-14,1226,D,0
-17.0469,29.5365,352.7,2023-06-14,1226,D,0
-17.0503,29.5178,317.3,2023-06-14,1226,D,0
-16.811,30.7412,324.8,2023-06-14,1226,D,0
-17.0679,29.3504,344.3,2023-06-14,1226,D,0
-17.0711,29.3327,317.2,2023-06-14,1226,D,0
-17.0459,29.5312,351.7,2023-06-14,1226,D,0
-16.819,30.738,316.1,2023-06-14,1226,D,0
-17.0624,29.3627,316.3,2023-06-14,1226,D,0
-17.0655,29.3449,336.6,2023-06-14,1226,D,0
-16.8054,30.7352,317.9,2023-06-14,1226,D,0
-16.8194,30.2087,316.0,2023-06-14,1226,D,0
-16.9441,29.5808,315.3,2023-06-14,1226,D,0
-16.8219,30.2018,321.2,2023-06-14,1226,D,0
-16.7574,30.4854,314.1,2023-06-14,1226,D,0
-16.6413,31.0443,321.8,2023-06-14,1226,D,0
-16.8295,29.8617,314.6,2023-06-14,1226,D,0
-16.8331,29.8417,313.0,2023-06-14,1226,D,0
-16.7388,29.6272,334.3,2023-06-14,1226,D,0
-16.7421,29.6082,336.3,2023-06-14,1226,D,0
-16.6622,29.9876,317.7,2023-06-14,1226,D,0
-16.7263,29.6248,314.0,2023-06-14,1226,D,0
-16.7296,29.6058,317.1,2023-06-14,1226,D,0
-16.8247,28.9896,317.9,2023-06-14,1226,D,0
-16.5922,30.079,315.1,2023-06-14,1226,D,0
-16.5635,30.1619,318.7,2023-06-14,1226,D,0
-16.5674,30.1408,314.8,2023-06-14,1226,D,0
-16.5792,30.0767,336.0,2023-06-14,1226,D,0
-16.5678,30.1575,318.6,2023-06-14,1226,D,0
-16.5792,30.093,321.0,2023-06-14,1226,D,0
-16.5828,30.0723,334.1,2023-06-14,1226,D,0
-16.7606,28.9741,315.3,2023-06-14,1226,D,0
-16.6716,29.0219,315.3,2023-06-14,1226,D,0
-16.3501,30.042,316.2,2023-06-14,1226,D,0
-16.2614,30.0166,322.6,2023-06-14,1226,D,0
-15.8945,30.218,317.6,2023-06-14,1226,D,0
-15.8947,30.2343,317.2,2023-06-14,1226,D,0
-15.8988,30.2114,314.4,2023-06-14,1226,D,0
-19.9165,32.8923,300.4,2023-06-14,2020,N,0
-20.0421,32.6253,317.2,2023-06-14,2020,N,0
-20.0403,32.6371,310.5,2023-06-14,2020,N,0
-20.0413,32.6313,328.0,2023-06-14,2020,N,0
-20.0532,32.6215,307.9,2023-06-14,2020,N,0
-20.0512,32.6333,301.5,2023-06-14,2020,N,0
-17.5109,30.6551,310.7,2023-06-14,2020,N,0
-17.5887,30.4518,321.5,2023-06-14,2020,N,0
-17.0808,30.3889,301.9,2023-06-14,2021,N,0
-17.0823,30.379,309.8,2023-06-14,2021,N,0
-16.8315,30.2069,312.9,2023-06-14,2021,N,0
-16.8223,30.2054,314.8,2023-06-14,2021,N,0
-16.6371,30.9423,307.3,2023-06-14,2021,N,0
-16.7308,29.4535,305.2,2023-06-14,2021,N,0
-16.27,30.0233,309.8,2023-06-14,2021,N,0
-16.2625,30.0202,307.3,2023-06-14,2318,N,0
-16.2611,30.0315,303.4,2023-06-14,2318,N,0
-17.7295,30.5855,306.3,2023-06-15,712,D,0
-18.864,25.9304,333.3,2023-06-15,851,D,0
-18.8472,25.932,318.5,2023-06-15,851,D,0
-18.8424,25.9376,317.0,2023-06-15,851,D,0
-18.8842,25.9671,312.3,2023-06-15,851,D,0
-18.8807,25.9288,319.0,2023-06-15,851,D,0
-18.8674,25.9687,326.2,2023-06-15,851,D,0
-21.1705,31.7747,319.3,2023-06-15,1128,D,0
-19.0208,32.6755,326.5,2023-06-15,1129,D,0
-19.0218,32.685,322.0,2023-06-15,1129,D,0
-19.0238,32.6686,313.9,2023-06-15,1129,D,0
-18.9752,32.3739,316.0,2023-06-15,1129,D,0
-18.9791,32.3863,317.0,2023-06-15,1129,D,0
-18.9259,32.4314,321.9,2023-06-15,1129,D,0
-18.8791,32.6287,312.2,2023-06-15,1129,D,0
-18.7137,32.168,314.9,2023-06-15,1129,D,0
-18.4537,32.6619,312.3,2023-06-15,1129,D,0
-18.1231,31.6081,318.2,2023-06-15,1129,D,0
-18.1733,30.569,314.9,2023-06-15,1129,D,0
-18.1183,30.2248,317.8,2023-06-15,1129,D,0
-18.1208,30.2008,316.5,2023-06-15,1129,D,0
-18.1263,30.2208,322.7,2023-06-15,1129,D,0
-18.129,30.1968,313.2,2023-06-15,1129,D,0
-17.9455,30.144,319.2,2023-06-15,1129,D,0
-17.8901,30.5402,334.0,2023-06-15,1129,D,0
-17.9512,30.1641,313.5,2023-06-15,1129,D,0
-17.9539,30.14,320.6,2023-06-15,1129,D,0
-17.8929,30.5583,317.1,2023-06-15,1129,D,0
-17.8955,30.5358,327.5,2023-06-15,1129,D,0
-17.8213,31.0699,313.1,2023-06-15,1129,D,2
-17.7296,30.8407,316.1,2023-06-15,1129,D,0
-17.732,30.8194,317.2,2023-06-15,1129,D,0
-17.7402,30.3719,317.1,2023-06-15,1129,D,0
-17.7304,30.3894,312.4,2023-06-15,1129,D,0
-17.733,30.3663,314.5,2023-06-15,1129,D,0
-17.5937,31.4638,317.4,2023-06-15,1129,D,0
-17.6181,30.6702,320.9,2023-06-15,1129,D,0
-17.6766,30.1207,317.6,2023-06-15,1129,D,0
-17.6213,30.6631,317.3,2023-06-15,1129,D,0
-17.6703,30.1122,319.5,2023-06-15,1129,D,0
-17.5079,31.1939,314.4,2023-06-15,1129,D,0
-17.5605,30.2864,318.2,2023-06-15,1129,D,0
-17.5563,30.2665,316.8,2023-06-15,1129,D,0
-17.5631,30.263,316.6,2023-06-15,1129,D,0
-20.4667,29.3258,315.2,2023-06-15,1129,D,0
-20.0437,32.6332,310.7,2023-06-15,1129,D,0
-19.8607,32.9067,323.2,2023-06-15,1129,D,0
-20.1169,29.3812,312.4,2023-06-15,1129,D,0
-19.811,29.8815,316.2,2023-06-15,1129,D,0
-19.8137,29.8547,327.7,2023-06-15,1129,D,0
-19.8097,29.8765,322.0,2023-06-15,1129,D,0
-19.8125,29.8496,323.1,2023-06-15,1129,D,0
-19.7848,29.39,319.0,2023-06-15,1129,D,0
-19.7697,29.3883,315.5,2023-06-15,1129,D,0
-19.7929,29.1478,314.0,2023-06-15,1129,D,0
-19.6962,29.8376,312.7,2023-06-15,1129,D,0
-19.7708,29.3813,316.4,2023-06-15,1129,D,0
-19.7957,29.1409,315.3,2023-06-15,1129,D,0
-19.6941,29.8304,314.7,2023-06-15,1129,D,0
-19.5019,31.3632,320.9,2023-06-15,1129,D,0
-19.6806,29.3708,316.1,2023-06-15,1129,D,0
-19.4788,31.2134,322.3,2023-06-15,1129,D,0
-19.4811,31.1919,318.4,2023-06-15,1129,D,0
-19.4658,31.2116,325.0,2023-06-15,1129,D,0
-19.468,31.1905,319.8,2023-06-15,1129,D,0
-19.6825,29.3663,317.2,2023-06-15,1129,D,0
-19.4684,31.207,342.2,2023-06-15,1129,D,0
-16.6436,31.1503,315.6,2023-06-15,1130,D,0
-17.3533,30.5958,330.4,2023-06-15,1130,D,0
-17.3401,30.5942,322.1,2023-06-15,1130,D,0
-17.3574,30.5915,313.6,2023-06-15,1130,D,0
-17.3442,30.5898,334.4,2023-06-15,1130,D,0
-17.2201,31.5428,313.8,2023-06-15,1130,D,0
-17.3246,30.1522,335.5,2023-06-15,1130,D,0
-17.3272,30.1284,322.7,2023-06-15,1130,D,0
-17.3312,30.1459,335.0,2023-06-15,1130,D,0
-17.0705,31.267,319.2,2023-06-15,1130,D,0
-17.1743,30.121,324.5,2023-06-15,1130,D,0
-17.1526,29.6147,315.8,2023-06-15,1130,D,0
-16.8449,31.9875,322.2,2023-06-15,1130,D,0
-16.8469,31.9708,317.8,2023-06-15,1130,D,0
-16.8587,31.8699,325.0,2023-06-15,1130,D,0
-16.914,31.3684,314.2,2023-06-15,1130,D,0
-16.8413,31.8627,319.8,2023-06-15,1130,D,0
-16.8576,31.092,323.0,2023-06-15,1130,D,0
-16.964,30.1312,327.0,2023-06-15,1130,D,0
-17.0098,29.5681,326.0,2023-06-15,1130,D,0
-16.9955,29.5669,320.1,2023-06-15,1130,D,0
-16.8543,31.1044,313.6,2023-06-15,1130,D,0
-16.8566,31.0849,318.5,2023-06-15,1130,D,0
-16.9675,30.1482,321.4,2023-06-15,1130,D,0
-16.9703,30.1249,322.1,2023-06-15,1130,D,0
-17.0061,29.5608,327.7,2023-06-15,1130,D,0
-16.9889,29.4538,315.0,2023-06-15,1130,D,0
-16.8056,30.8574,317.7,2023-06-15,1130,D,0
-16.808,30.8367,318.1,2023-06-15,1130,D,0
-16.9327,29.278,316.5,2023-06-15,1130,D,0
-16.6367,31.433,319.3,2023-06-15,1130,D,0
-16.6458,31.1305,325.1,2023-06-15,1130,D,0
-16.6308,31.4439,314.5,2023-06-15,1130,D,0
-16.6329,31.4259,315.6,2023-06-15,1130,D,0
-16.6419,31.1434,322.3,2023-06-15,1130,D,0
-16.6443,31.1235,315.4,2023-06-15,1130,D,0
-16.6524,30.2375,336.2,2023-06-15,1130,D,0
-16.6582,30.2333,326.8,2023-06-15,1130,D,0
-16.6447,30.2318,314.4,2023-06-15,1130,D,0
-16.685,29.2103,317.5,2023-06-15,1130,D,0
-16.6804,29.2297,316.5,2023-06-15,1130,D,0
-16.6834,29.2025,313.2,2023-06-15,1130,D,0
-16.4827,30.0593,328.3,2023-06-15,1130,D,0
-16.4665,30.0805,319.9,2023-06-15,1130,D,0
-16.469,30.0578,320.6,2023-06-15,1130,D,0
-16.2916,30.021,315.6,2023-06-15,1130,D,0
-15.8216,30.2709,315.7,2023-06-15,1130,D,0
-15.7999,30.2254,314.0,2023-06-15,1130,D,0
-15.8024,30.2042,320.5,2023-06-15,1130,D,0
-19.747,32.8563,305.9,2023-06-15,1923,N,0
-19.7485,32.8632,308.4,2023-06-15,1923,N,0
-16.2541,30.0097,303.5,2023-06-15,2359,N,0
-18.3678,26.4829,303.8,2023-06-16,0,N,0
-18.3692,26.4793,315.6,2023-06-16,753,D,0
-18.3731,26.4848,311.6,2023-06-16,753,D,0
-18.9546,31.6997,312.2,2023-06-16,753,D,0
-18.4831,29.8158,308.6,2023-06-16,753,D,0
-18.4818,29.8065,308.8,2023-06-16,753,D,0
-18.6199,30.8847,322.8,2023-06-16,753,D,0
-18.3102,29.7695,311.7,2023-06-16,753,D,0
-18.117,30.2106,321.4,2023-06-16,753,D,0
-18.1157,30.2013,326.5,2023-06-16,753,D,0
-18.0445,31.8338,308.9,2023-06-16,753,D,0
-18.3175,32.0183,343.9,2023-06-16,753,D,0
-15.7274,30.1877,313.2,2023-06-16,753,D,0
-15.7288,30.197,320.9,2023-06-16,753,D,0
-16.2701,30.0562,312.9,2023-06-16,753,D,0
-16.2825,30.0163,315.8,2023-06-16,753,D,0
-16.7282,31.7603,322.6,2023-06-16,753,D,0
-16.4538,29.3797,312.7,2023-06-16,753,D,0
-16.5417,29.2298,327.2,2023-06-16,753,D,0
-16.5524,29.2383,318.6,2023-06-16,753,D,0
-18.287,31.6598,309.1,2023-06-16,753,D,0
-16.5539,29.248,315.0,2023-06-16,753,D,0
-16.6537,29.2361,315.1,2023-06-16,753,D,0
-16.8474,30.1574,311.2,2023-06-16,753,D,0
-16.9724,30.7623,309.0,2023-06-16,753,D,0
-16.8433,29.699,311.4,2023-06-16,753,D,0
-16.9076,29.4527,345.3,2023-06-16,753,D,0
-16.909,29.4623,354.0,2023-06-16,753,D,0
-16.9183,29.4019,315.1,2023-06-16,753,D,0
-16.9198,29.4115,313.3,2023-06-16,753,D,0
-16.9262,29.3317,313.3,2023-06-16,753,D,0
-18.3189,32.0284,365.8,2023-06-16,753,D,0
-16.9675,29.4823,326.3,2023-06-16,753,D,0
-16.8911,28.8557,314.0,2023-06-16,753,D,0
-16.9003,28.8543,314.0,2023-06-16,753,D,0
-16.9689,29.1899,329.5,2023-06-16,753,D,0
-17.1298,29.5798,313.5,2023-06-16,753,D,0
-17.1312,29.5893,326.4,2023-06-16,753,D,0
-17.1402,29.5878,315.0,2023-06-16,753,D,0
-17.4315,30.6894,309.6,2023-06-16,753,D,0
-17.1556,28.5486,312.1,2023-06-16,753,D,0
-17.4603,30.4417,311.7,2023-06-16,753,D,0
-17.3822,29.2363,310.5,2023-06-16,753,D,0
-17.6282,30.517,322.6,2023-06-16,753,D,0
-17.3502,27.9037,319.4,2023-06-16,753,D,0
-17.352,27.9146,316.3,2023-06-16,753,D,0
-17.9596,31.6837,307.3,2023-06-16,753,D,0
-17.9795,31.5657,307.3,2023-06-16,753,D,0
-19.7456,32.8779,314.5,2023-06-16,753,D,0
-19.3558,31.0142,310.4,2023-06-16,753,D,0
-19.3544,31.0046,311.0,2023-06-16,753,D,0
-18.8953,25.927,316.0,2023-06-16,754,D,0
-18.8316,25.9026,323.2,2023-06-16,754,D,0
-19.6185,30.9854,334.1,2023-06-16,754,D,0
-19.6198,30.995,317.1,2023-06-16,754,D,0
-18.8235,25.827,311.3,2023-06-16,754,D,0
-18.8377,25.9095,318.3,2023-06-16,754,D,0
-18.8553,25.9484,319.5,2023-06-16,754,D,0
-18.8672,25.8899,321.7,2023-06-16,754,D,0
-18.8802,25.9017,322.2,2023-06-16,754,D,0
-18.8825,25.9153,328.9,2023-06-16,754,D,0
-19.5071,29.8241,311.7,2023-06-16,754,D,0
-19.5085,29.8335,310.7,2023-06-16,754,D,0
-19.9588,32.7834,319.2,2023-06-16,754,D,0
-19.9603,32.7951,333.0,2023-06-16,754,D,0
-19.7126,29.4054,321.2,2023-06-16,754,D,0
-20.2134,32.4704,311.1,2023-06-16,754,D,0
-20.0844,29.2419,317.0,2023-06-16,754,D,0
-20.0561,28.8082,320.0,2023-06-16,754,D,0
-20.2422,29.4949,316.4,2023-06-16,754,D,0
-20.2512,29.4935,310.6,2023-06-16,754,D,0
-20.3685,28.6172,309.0,2023-06-16,754,D,0
-20.37,28.627,310.6,2023-06-16,754,D,0
-21.308,30.6351,322.1,2023-06-16,754,D,0
-21.3094,30.6449,314.2,2023-06-16,754,D,0
-20.8485,31.8069,314.2,2023-06-16,1210,D,0
-20.8427,31.7989,331.0,2023-06-16,1210,D,0
-18.3056,31.0259,343.8,2023-06-16,1211,D,0
-19.6457,31.1587,313.7,2023-06-16,1211,D,0
-20.0058,28.5627,327.4,2023-06-16,1211,D,0
-20.0073,28.553,340.5,2023-06-16,1211,D,0
-19.9968,28.5611,314.6,2023-06-16,1211,D,0
-19.9983,28.5515,322.3,2023-06-16,1211,D,0
-19.5619,30.9845,315.3,2023-06-16,1211,D,0
-19.4737,31.1995,314.1,2023-06-16,1211,D,0
-19.4644,31.2038,326.3,2023-06-16,1211,D,0
-19.4664,31.1911,322.6,2023-06-16,1211,D,0
-19.4541,31.2019,335.6,2023-06-16,1211,D,0
-19.4562,31.1891,353.3,2023-06-16,1211,D,0
-19.4666,30.8096,314.8,2023-06-16,1211,D,0
-19.7415,29.027,323.9,2023-06-16,1211,D,0
-19.4398,29.5616,319.1,2023-06-16,1211,D,0
-19.3848,29.7902,319.3,2023-06-16,1211,D,0
-18.9971,31.8881,317.0,2023-06-16,1211,D,0
-19.3687,29.6461,314.7,2023-06-16,1211,D,0
-18.9922,31.8952,317.2,2023-06-16,1211,D,0
-19.1498,30.6778,316.3,2023-06-16,1211,D,0
-19.2596,29.9944,325.2,2023-06-16,1211,D,0
-19.2613,29.9835,320.4,2023-06-16,1211,D,0
-19.25,29.9927,335.6,2023-06-16,1211,D,0
-19.2517,29.9818,327.5,2023-06-16,1211,D,0
-19.1568,30.5094,316.5,2023-06-16,1211,D,0
-19.1428,30.471,324.6,2023-06-16,1211,D,0
-19.1447,30.4594,328.3,2023-06-16,1211,D,0
-19.237,29.5565,315.2,2023-06-16,1211,D,0
-18.9901,30.8411,317.7,2023-06-16,1211,D,0
-19.1666,29.4735,319.1,2023-06-16,1211,D,0
-19.1573,29.4719,318.5,2023-06-16,1211,D,0
-18.9595,30.2083,313.5,2023-06-16,1211,D,0
-18.871,30.6947,318.9,2023-06-16,1211,D,0
-19.0119,29.5692,315.1,2023-06-16,1211,D,0
-19.0135,29.5587,323.4,2023-06-16,1211,D,0
-18.879,30.1295,318.3,2023-06-16,1211,D,0
-18.8808,30.1183,315.7,2023-06-16,1211,D,0
-18.8136,30.1639,316.3,2023-06-16,1211,D,0
-18.8112,30.1694,318.5,2023-06-16,1211,D,0
-18.782,30.1642,343.4,2023-06-16,1211,D,0
-18.7838,30.153,328.9,2023-06-16,1211,D,0
-18.798,30.0635,315.7,2023-06-16,1211,D,0
-18.7998,30.0523,330.8,2023-06-16,1211,D,0
-18.7704,30.1738,318.6,2023-06-16,1211,D,0
-18.3164,32.6765,317.1,2023-06-16,1211,D,0
-18.2477,32.9251,317.8,2023-06-16,1211,D,0
-18.6008,30.8971,316.5,2023-06-16,1211,D,0
-18.6029,30.8847,318.9,2023-06-16,1211,D,0
-18.5931,30.8888,320.1,2023-06-16,1211,D,0
-18.2384,32.9348,314.8,2023-06-16,1211,D,0
-18.2414,32.9177,320.4,2023-06-16,1211,D,0
-18.7885,29.533,316.0,2023-06-16,1211,D,0
-18.7791,29.5313,359.0,2023-06-16,1211,D,0
-18.7807,29.5208,351.5,2023-06-16,1211,D,0
-18.5663,30.1712,324.4,2023-06-16,1211,D,0
-18.5529,30.1922,322.0,2023-06-16,1211,D,0
-18.5856,29.8659,320.0,2023-06-16,1211,D,0
-18.5809,29.8695,317.0,2023-06-16,1211,D,0
-18.5276,30.1459,318.5,2023-06-16,1211,D,0
-18.0623,32.8168,311.1,2023-06-16,1211,D,0
-18.1486,32.2485,315.9,2023-06-16,1211,D,0
-18.4502,30.44,317.0,2023-06-16,1211,D,0
-18.3444,30.8951,320.5,2023-06-16,1211,D,0
-18.3465,30.8826,321.9,2023-06-16,1211,D,0
-18.3487,30.8061,326.9,2023-06-16,1211,D,0
-18.3005,31.0305,323.0,2023-06-16,1211,D,0
-18.3027,31.0178,365.5,2023-06-16,1211,D,0
-18.4857,29.9091,318.0,2023-06-16,1211,D,0
-18.3076,31.0131,336.9,2023-06-16,1211,D,0
-18.4814,29.8577,336.5,2023-06-16,1211,D,0
-18.1815,31.4508,320.4,2023-06-16,1211,D,0
-18.449,29.7513,324.7,2023-06-16,1211,D,0
-18.4377,29.7605,326.7,2023-06-16,1211,D,0
-18.4394,29.7497,334.1,2023-06-16,1211,D,0
-18.3127,30.4705,339.3,2023-06-16,1211,D,0
-18.3146,30.4587,326.8,2023-06-16,1211,D,0
-18.0263,32.0918,315.0,2023-06-16,1211,D,0
-18.3814,29.9874,321.9,2023-06-16,1211,D,0
-18.3832,29.9763,327.5,2023-06-16,1211,D,0
-18.4255,29.714,322.6,2023-06-16,1211,D,0
-18.3792,29.9802,326.2,2023-06-16,1211,D,0
-18.4203,29.7174,328.6,2023-06-16,1211,D,0
-18.4219,29.7067,325.0,2023-06-16,1211,D,0
-18.0241,32.1003,319.9,2023-06-16,1211,D,0
-17.9589,32.3464,322.2,2023-06-16,1211,D,0
-18.3353,29.8813,321.2,2023-06-16,1211,D,0
-18.337,29.8704,318.3,2023-06-16,1211,D,0
-18.7492,27.0243,342.2,2023-06-16,1211,D,0
-18.903,25.9203,338.3,2023-06-16,1211,D,0
-18.0928,31.1661,322.8,2023-06-16,1211,D,0
-18.7402,27.0228,373.5,2023-06-16,1211,D,0
-18.7416,27.0134,343.4,2023-06-16,1211,D,0
-18.0969,31.1748,319.3,2023-06-16,1211,D,0
-18.7322,27.0159,336.0,2023-06-16,1211,D,0
-18.0886,31.1597,320.8,2023-06-16,1211,D,0
-17.9397,31.9229,326.4,2023-06-16,1211,D,0
-18.0742,31.1168,316.4,2023-06-16,1211,D,0
-18.8354,25.8842,347.6,2023-06-16,1211,D,0
-18.8367,25.8743,337.5,2023-06-16,1211,D,0
-18.8248,25.8927,335.9,2023-06-16,1211,D,0
-18.8262,25.8828,341.9,2023-06-16,1211,D,0
-18.2028,30.0121,325.1,2023-06-16,1211,D,0
-18.0531,30.6764,344.3,2023-06-16,1211,D,0
-18.0551,30.6641,316.4,2023-06-16,1211,D,0
-18.7631,25.8056,352.5,2023-06-16,1211,D,0
-18.7644,25.7956,341.9,2023-06-16,1211,D,0
-18.0583,30.454,320.9,2023-06-16,1211,D,0
-18.0766,30.0235,321.2,2023-06-16,1211,D,0
-18.0784,30.0122,340.4,2023-06-16,1211,D,0
-18.1057,29.5889,320.5,2023-06-16,1211,D,0
-18.046,29.7785,328.4,2023-06-16,1211,D,0
-18.0477,29.7676,332.5,2023-06-16,1211,D,0
-18.0495,29.7567,325.4,2023-06-16,1211,D,0
-18.0449,29.7604,328.8,2023-06-16,1211,D,0
-17.9056,30.5121,314.6,2023-06-16,1211,D,0
-17.9503,30.1698,318.1,2023-06-16,1211,D,0
-17.9521,30.1583,327.8,2023-06-16,1211,D,0
-17.917,30.1875,321.3,2023-06-16,1211,D,0
-17.9072,30.1858,317.6,2023-06-16,1211,D,0
-17.909,30.1743,318.1,2023-06-16,1211,D,0
-17.8707,30.3468,333.7,2023-06-16,1211,D,0
-17.674,31.4551,313.5,2023-06-16,1211,D,0
-17.8608,30.345,315.9,2023-06-16,1211,D,0
-17.683,31.4512,320.3,2023-06-16,1211,D,0
-17.8604,30.3516,314.9,2023-06-16,1211,D,0
-17.8623,30.3399,316.6,2023-06-16,1211,D,0
-17.5508,32.1087,315.2,2023-06-16,1211,D,0
-17.5143,32.1177,316.6,2023-06-16,1211,D,0
-17.719,30.6483,339.2,2023-06-16,1211,D,0
-17.7192,30.6542,323.0,2023-06-16,1211,D,0
-17.7212,30.6418,317.1,2023-06-16,1211,D,0
-17.709,30.6523,320.3,2023-06-16,1211,D,0
-17.9289,29.1939,323.5,2023-06-16,1211,D,0
-17.6643,30.7984,322.5,2023-06-16,1211,D,0
-17.6664,30.7858,318.7,2023-06-16,1211,D,0
-17.6947,30.6118,313.8,2023-06-16,1211,D,0
-17.7656,30.1714,327.3,2023-06-16,1211,D,0
-17.8402,29.7012,317.4,2023-06-16,1211,D,0
-17.8419,29.6903,323.8,2023-06-16,1211,D,0
-17.6116,31.0543,314.9,2023-06-16,1211,D,0
-17.6138,31.0413,320.7,2023-06-16,1211,D,0
-17.5946,31.0919,335.8,2023-06-16,1211,D,0
-17.5968,31.0787,338.5,2023-06-16,1211,D,0
-17.7118,30.3785,320.8,2023-06-16,1211,D,0
-18.2254,27.019,335.8,2023-06-16,1211,D,0
-17.4464,31.7699,315.0,2023-06-16,1211,D,0
-17.8015,29.5723,324.4,2023-06-16,1211,D,0
-17.8033,29.5615,325.4,2023-06-16,1211,D,0
-17.4471,31.7643,317.5,2023-06-16,1211,D,0
-17.7993,29.5662,329.5,2023-06-16,1211,D,0
-17.7955,29.1544,332.3,2023-06-16,1211,D,0
-17.5377,30.5707,323.4,2023-06-16,1211,D,0
-17.5396,30.5588,328.9,2023-06-16,1211,D,0
-17.3222,31.6151,317.1,2023-06-16,1211,D,0
-17.5166,30.3806,314.2,2023-06-16,1211,D,0
-17.5373,30.1904,315.2,2023-06-16,1211,D,0
-17.4762,30.3189,329.4,2023-06-16,1211,D,0
-17.4781,30.307,345.0,2023-06-16,1211,D,0
-17.48,30.2952,335.3,2023-06-16,1211,D,0
-17.4624,30.3409,355.3,2023-06-16,1211,D,0
-17.4643,30.329,362.5,2023-06-16,1211,D,0
-17.4662,30.3171,330.0,2023-06-16,1211,D,0
-17.4681,30.3053,356.3,2023-06-16,1211,D,0
-17.47,30.2935,325.2,2023-06-16,1211,D,0
-17.4505,30.351,325.5,2023-06-16,1211,D,0
-17.4524,30.3391,401.5,2023-06-16,1211,D,0
-17.4543,30.3272,389.8,2023-06-16,1211,D,0
-17.4404,30.3492,328.6,2023-06-16,1211,D,0
-17.4424,30.3373,338.0,2023-06-16,1211,D,0
-17.2643,31.3498,319.9,2023-06-16,1211,D,0
-17.2667,31.336,325.5,2023-06-16,1211,D,0
-17.4722,30.0896,326.7,2023-06-16,1211,D,0
-17.585,29.32,325.1,2023-06-16,1211,D,0
-17.2508,31.2338,312.9,2023-06-16,1211,D,0
-17.2576,31.2282,313.3,2023-06-16,1211,D,0
-18.133,25.3851,330.3,2023-06-16,1211,D,0
-17.7708,27.8618,322.3,2023-06-16,1211,D,0
-17.7903,27.7294,346.0,2023-06-16,1211,D,0
-18.1251,25.3736,321.6,2023-06-16,1211,D,0
-17.7814,27.728,339.9,2023-06-16,1211,D,0
-17.7682,27.7547,361.7,2023-06-16,1211,D,0
-17.7696,27.7454,342.4,2023-06-16,1211,D,0
-17.3521,30.1934,327.7,2023-06-16,1211,D,0
-17.9565,26.1896,335.7,2023-06-16,1211,D,0
-17.2136,30.9034,320.7,2023-06-16,1211,D,0
-17.207,30.9099,318.5,2023-06-16,1211,D,0
-17.3367,30.1007,315.6,2023-06-16,1211,D,0
-17.3388,29.9595,318.5,2023-06-16,1211,D,0
-17.2294,30.4483,324.5,2023-06-16,1211,D,0
-17.395,29.2316,332.6,2023-06-16,1211,D,0
-17.3888,29.2347,323.0,2023-06-16,1211,D,0
-17.3905,29.2243,324.8,2023-06-16,1211,D,0
-17.3015,28.8963,326.6,2023-06-16,1211,D,0
-17.303,28.8861,336.7,2023-06-16,1211,D,0
-16.9846,30.75,318.0,2023-06-16,1211,D,0
-17.1388,29.5956,318.8,2023-06-16,1211,D,0
-17.1405,29.5847,321.3,2023-06-16,1211,D,0
-17.2979,28.5604,320.0,2023-06-16,1211,D,0
-16.9199,30.8374,315.6,2023-06-16,1211,D,0
-16.87,31.0749,313.8,2023-06-16,1211,D,0
-17.2746,28.4655,323.2,2023-06-16,1211,D,0
-17.3604,27.8962,320.5,2023-06-16,1211,D,0
-17.3514,27.8947,323.0,2023-06-16,1211,D,0
-17.3248,27.9489,320.1,2023-06-16,1211,D,0
-20.1341,32.6473,314.7,2023-06-16,1211,D,0
-20.1368,32.6317,311.7,2023-06-16,1211,D,0
-20.0469,32.6227,311.6,2023-06-16,1211,D,0
-19.9612,32.7802,329.1,2023-06-16,1211,D,0
-20.0766,30.7782,325.8,2023-06-16,1211,D,0
-20.3778,28.6011,314.3,2023-06-16,1211,D,0
-20.3792,28.5914,314.4,2023-06-16,1211,D,0
-20.3449,28.6352,339.8,2023-06-16,1211,D,0
-20.3463,28.6256,316.2,2023-06-16,1211,D,0
-20.3377,28.6283,319.1,2023-06-16,1211,D,0
-19.7804,31.0187,316.7,2023-06-16,1211,D,0
-19.7812,31.026,318.7,2023-06-16,1211,D,0
-20.127,28.6197,318.5,2023-06-16,1211,D,0
-20.0909,28.6135,349.0,2023-06-16,1211,D,0
-20.0924,28.6038,334.5,2023-06-16,1211,D,0
-16.371,30.0525,325.7,2023-06-16,1212,D,0
-16.405,29.8412,321.4,2023-06-16,1212,D,0
-16.4587,29.3801,334.3,2023-06-16,1212,D,0
-17.06,28.4171,322.7,2023-06-16,1212,D,0
-16.7574,30.2648,334.0,2023-06-16,1212,D,0
-16.8454,29.7079,321.8,2023-06-16,1212,D,0
-17.0449,28.4091,317.0,2023-06-16,1212,D,0
-16.8303,29.7399,319.1,2023-06-16,1212,D,0
-17.0343,28.4173,318.9,2023-06-16,1212,D,0
-16.4627,31.928,316.6,2023-06-16,1212,D,0
-16.8046,29.7125,319.9,2023-06-16,1212,D,0
-16.8816,29.2244,323.2,2023-06-16,1212,D,0
-16.8265,29.5117,336.9,2023-06-16,1212,D,0
-16.8621,29.2861,317.1,2023-06-16,1212,D,0
-16.927,28.8704,320.7,2023-06-16,1212,D,0
-16.9318,28.8396,337.5,2023-06-16,1212,D,0
-16.7815,29.7315,318.4,2023-06-16,1212,D,0
-16.8152,29.521,325.5,2023-06-16,1212,D,0
-16.8169,29.51,319.5,2023-06-16,1212,D,0
-16.9023,28.8451,333.3,2023-06-16,1212,D,0
-16.9038,28.8349,322.8,2023-06-16,1212,D,0
-16.8936,28.858,324.7,2023-06-16,1212,D,0
-16.8951,28.8477,327.5,2023-06-16,1212,D,0
-16.8967,28.8376,321.0,2023-06-16,1212,D,0
-16.8779,28.8976,320.1,2023-06-16,1212,D,0
-16.7875,29.4204,321.4,2023-06-16,1212,D,0
-16.7891,29.4097,331.9,2023-06-16,1212,D,0
-16.8328,28.8792,321.9,2023-06-16,1212,D,0
-16.6056,30.2439,314.9,2023-06-16,1212,D,0
-16.7531,29.3265,330.5,2023-06-16,1212,D,0
-16.8234,28.8782,341.0,2023-06-16,1212,D,0
-16.8249,28.8681,317.1,2023-06-16,1212,D,0
-16.6989,29.2133,314.5,2023-06-16,1212,D,0
-16.5408,30.0798,314.6,2023-06-16,1212,D,0
-16.6732,29.2526,331.3,2023-06-16,1212,D,0
-16.6749,29.242,329.1,2023-06-16,1212,D,0
-16.5172,30.1615,317.3,2023-06-16,1212,D,0
-16.5458,29.9857,316.7,2023-06-16,1212,D,0
-16.645,29.3686,324.2,2023-06-16,1212,D,0
-16.667,29.2298,327.3,2023-06-16,1212,D,0
-16.4974,30.2191,315.1,2023-06-16,1212,D,0
-16.5409,29.3767,338.1,2023-06-16,1212,D,0
-16.5595,29.2596,318.4,2023-06-16,1212,D,0
-16.5374,29.3815,326.7,2023-06-16,1212,D,0
-16.539,29.3708,324.1,2023-06-16,1212,D,0
-16.5509,29.2306,338.1,2023-06-16,1212,D,0
-16.5525,29.2202,324.5,2023-06-16,1212,D,0
-16.4031,29.8529,317.4,2023-06-16,1212,D,0
-15.9926,30.0465,339.2,2023-06-16,1212,D,0
-16.3344,29.0614,326.4,2023-06-16,1212,D,0
-16.1977,30.0466,319.5,2023-06-16,1212,D,0
-16.2856,30.005,327.0,2023-06-16,1212,D,0
-16.2836,30.0173,329.3,2023-06-16,1212,D,0
-16.2955,30.0071,336.7,2023-06-16,1212,D,0
-16.2936,30.0193,343.5,2023-06-16,1212,D,0
-16.4462,29.3708,330.8,2023-06-16,1212,D,0
-16.4508,29.3673,337.9,2023-06-16,1212,D,0
-16.4491,29.3782,328.1,2023-06-16,1212,D,0
-16.4604,29.3692,321.0,2023-06-16,1212,D,0
-16.7966,31.0981,336.3,2023-06-16,1212,D,0
-17.1817,28.4743,321.6,2023-06-16,1212,D,0
-17.174,28.463,323.2,2023-06-16,1212,D,0
-17.1421,28.5485,325.5,2023-06-16,1212,D,0
-17.1436,28.5387,325.9,2023-06-16,1212,D,0
-16.9826,29.4774,319.5,2023-06-16,1212,D,0
-17.085,28.6239,323.9,2023-06-16,1212,D,0
-17.0956,28.5542,347.3,2023-06-16,1212,D,0
-17.0773,28.6121,328.3,2023-06-16,1212,D,0
-17.0864,28.5525,343.9,2023-06-16,1212,D,0
-17.0681,28.6103,324.9,2023-06-16,1212,D,0
-17.0697,28.6003,328.6,2023-06-16,1212,D,0
-17.0892,28.4723,329.5,2023-06-16,1212,D,0
-17.0907,28.4626,327.8,2023-06-16,1212,D,0
-17.0951,28.4332,319.9,2023-06-16,1212,D,0
-16.9702,29.1804,335.0,2023-06-16,1212,D,0
-16.9719,29.1699,323.5,2023-06-16,1212,D,0
-17.0481,28.6789,323.0,2023-06-16,1212,D,0
-17.0771,28.4902,320.9,2023-06-16,1212,D,0
-17.0785,28.4804,326.7,2023-06-16,1212,D,0
-16.9608,29.1788,322.4,2023-06-16,1212,D,0
-17.0389,28.6774,329.0,2023-06-16,1212,D,0
-16.8636,29.7282,359.3,2023-06-16,1212,D,0
-16.9076,29.4534,323.5,2023-06-16,1212,D,0
-17.0219,28.7257,332.6,2023-06-16,1212,D,0
-17.0234,28.7157,322.0,2023-06-16,1212,D,0
-16.7668,30.2596,321.3,2023-06-16,1212,D,0
-17.0111,28.7341,318.9,2023-06-16,1212,D,0
-19.9591,32.7793,300.6,2023-06-16,2003,N,0
-16.8011,30.2213,316.4,2023-06-16,2004,N,0
-16.5644,29.369,315.1,2023-06-16,2004,N,0
-16.5658,29.3571,308.2,2023-06-16,2004,N,0
-16.5651,29.3634,321.5,2023-06-16,2004,N,0
-16.5551,29.3621,300.4,2023-06-16,2004,N,0
-17.4065,29.2342,302.5,2023-06-16,2004,N,0
-18.2284,32.9256,306.1,2023-06-16,2004,N,0
-18.0604,32.8111,313.8,2023-06-16,2004,N,0
-18.2386,32.9177,307.0,2023-06-16,2004,N,0
-18.9933,32.5127,310.1,2023-06-16,2004,N,0
-18.8182,25.8529,304.8,2023-06-16,2004,N,0
-17.4045,30.371,308.6,2023-06-16,2004,N,0
-17.4053,29.2278,301.3,2023-06-16,2004,N,0
-17.3962,29.233,305.7,2023-06-16,2004,N,0
-18.6735,30.9039,315.0,2023-06-16,2004,N,0
-18.9946,32.5032,327.5,2023-06-16,2004,N,0
-18.0617,32.8018,304.2,2023-06-16,2004,N,0
-15.68,30.2232,311.3,2023-06-16,2005,N,0
-15.726,30.1666,311.4,2023-06-16,2005,N,0
-15.7246,30.1771,306.2,2023-06-16,2005,N,0
-15.7003,30.2157,304.7,2023-06-16,2005,N,0
-18.0602,32.8136,302.5,2023-06-16,2304,N,0
-16.4736,30.1169,306.9,2023-06-17,833,D,0
-16.4701,30.0813,310.6,2023-06-17,833,D,0
-15.7448,30.2069,307.9,2023-06-17,833,D,0
-16.8488,28.9182,311.7,2023-06-17,834,D,0
-20.0135,28.9927,323.1,2023-06-17,834,D,0
-20.0191,28.9975,324.1,2023-06-17,834,D,0
-18.9084,25.9494,316.9,2023-06-17,834,D,0
-18.9063,25.9308,329.6,2023-06-17,834,D,0
-18.8171,25.836,319.3,2023-06-17,834,D,0
-18.7645,25.8056,315.7,2023-06-17,834,D,0
-18.758,25.7938,313.5,2023-06-17,834,D,0
-18.9524,27.8158,314.3,2023-06-17,834,D,0
-18.9498,27.7903,310.2,2023-06-17,834,D,0
-18.9291,29.9598,324.3,2023-06-17,834,D,0
-18.9407,29.9655,324.1,2023-06-17,834,D,0
-17.9491,30.6762,307.9,2023-06-17,834,D,0
-17.9319,30.6785,310.6,2023-06-17,834,D,0
-17.9476,30.6838,311.0,2023-06-17,834,D,0
-17.0883,28.6074,312.3,2023-06-17,834,D,0
-17.1024,28.6124,310.5,2023-06-17,834,D,0
-17.0876,28.6133,310.2,2023-06-17,834,D,0
-20.8603,31.804,312.2,2023-06-17,1114,D,0
-16.6869,31.3022,315.2,2023-06-17,1115,D,0
-16.6902,31.267,309.9,2023-06-17,1115,D,0
-16.6968,31.2993,317.3,2023-06-17,1115,D,0
-19.9297,30.7691,319.8,2023-06-17,1115,D,0
-19.9293,30.7611,318.7,2023-06-17,1115,D,0
-19.5209,30.9195,313.0,2023-06-17,1115,D,0
-18.7602,31.4385,312.3,2023-06-17,1115,D,0
-18.7636,31.4013,314.4,2023-06-17,1115,D,0
-18.7709,31.4325,321.3,2023-06-17,1115,D,0
-18.7745,31.3956,313.0,2023-06-17,1115,D,0
-18.0739,32.8171,310.1,2023-06-17,1115,D,0
-18.0739,32.8109,315.4,2023-06-17,1115,D,0
-17.9857,30.4572,317.6,2023-06-17,1115,D,0
-17.9896,30.414,309.0,2023-06-17,1115,D,0
-17.8963,30.8673,317.4,2023-06-17,1115,D,0
-17.9851,30.4492,320.7,2023-06-17,1115,D,0
-17.947,30.66,310.7,2023-06-17,1115,D,0
-17.893,30.8592,314.8,2023-06-17,1115,D,0
-17.6648,31.1357,310.9,2023-06-17,1115,D,0
-17.5681,30.5223,319.2,2023-06-17,1115,D,0
-17.5718,30.4803,315.2,2023-06-17,1115,D,0
-17.5666,30.5145,322.7,2023-06-17,1115,D,0
-17.5706,30.4726,309.5,2023-06-17,1115,D,0
-17.4264,31.7777,317.2,2023-06-17,1115,D,0
-17.5115,30.1537,313.3,2023-06-17,1115,D,0
-17.5156,30.1095,319.8,2023-06-17,1115,D,0
-17.4574,30.5398,315.8,2023-06-17,1115,D,0
-17.4614,30.4977,318.8,2023-06-17,1115,D,0
-17.3891,30.8968,318.1,2023-06-17,1115,D,0
-17.4557,30.5318,313.9,2023-06-17,1115,D,0
-17.385,30.8897,319.6,2023-06-17,1115,D,0
-16.9399,31.234,325.1,2023-06-17,1115,D,0
-16.9343,31.2285,317.7,2023-06-17,1115,D,0
-16.7689,31.5612,311.0,2023-06-17,1115,D,0
-16.7761,31.5552,313.5,2023-06-17,1115,D,0
-16.0021,29.987,324.4,2023-06-17,1116,D,0
-16.4794,30.0642,312.0,2023-06-17,1116,D,0
-16.4784,30.0674,312.7,2023-06-17,1116,D,0
-16.0023,29.9796,320.3,2023-06-17,1116,D,0
-15.998,30.0226,316.8,2023-06-17,1116,D,0
-20.3844,28.4263,312.2,2023-06-17,1252,D,0
-20.3861,28.4225,311.5,2023-06-17,1252,D,0
-18.1527,26.006,323.6,2023-06-17,1253,D,0
-18.7556,27.0207,315.0,2023-06-17,1253,D,0
-18.159,25.9738,318.0,2023-06-17,1253,D,0
-15.7309,30.1483,303.0,2023-06-17,2045,N,0
-16.5527,29.1465,300.0,2023-06-17,2345,N,0
-16.9792,29.5494,306.4,2023-06-17,2345,N,0
-16.5514,29.1371,307.3,2023-06-17,2345,N,0
-16.0993,30.4823,300.6,2023-06-17,2345,N,0
-15.9926,29.9927,301.1,2023-06-17,2345,N,0
-17.1577,28.4978,304.1,2023-06-17,2346,N,0
-17.1591,28.507,306.2,2023-06-17,2346,N,0
-17.1502,28.5085,301.0,2023-06-17,2346,N,0
-16.3564,30.979,314.5,2023-06-18,736,D,0
-16.1088,30.47,313.1,2023-06-18,736,D,0
-17.1916,30.1186,320.9,2023-06-18,736,D,0
-17.1807,30.1205,313.6,2023-06-18,736,D,0
-18.9736,30.1237,321.6,2023-06-18,737,D,0
-18.9672,30.1178,317.3,2023-06-18,737,D,0
-18.4841,30.2509,306.3,2023-06-18,737,D,0
-18.5554,30.8074,314.3,2023-06-18,737,D,0
-18.5534,30.7951,312.1,2023-06-18,737,D,0
-18.0752,30.8229,314.9,2023-06-18,737,D,0
-18.2398,32.9357,312.1,2023-06-18,737,D,0
-17.7117,30.2473,309.7,2023-06-18,737,D,0
-18.0633,32.8054,306.8,2023-06-18,737,D,0
-17.9416,32.676,312.5,2023-06-18,737,D,0
-17.4846,30.5434,312.1,2023-06-18,737,D,0
-17.4523,30.5139,319.7,2023-06-18,737,D,0
-18.9714,30.1103,310.5,2023-06-18,737,D,0
-19.1303,30.4758,320.6,2023-06-18,1157,D,0
-19.8157,31.0289,315.1,2023-06-18,1157,D,0
-19.9303,29.8813,314.4,2023-06-18,1157,D,0
-19.3904,30.5265,318.9,2023-06-18,1157,D,0
-18.9984,32.6215,321.3,2023-06-18,1157,D,0
-19.4006,29.793,321.8,2023-06-18,1157,D,0
-18.9581,31.9752,317.5,2023-06-18,1157,D,0
-18.9772,30.1278,315.7,2023-06-18,1157,D,0
-18.9785,30.1182,317.7,2023-06-18,1157,D,0
-18.775,31.4079,315.5,2023-06-18,1157,D,0
-18.5807,32.0345,325.1,2023-06-18,1157,D,0
-18.5821,32.0249,318.1,2023-06-18,1157,D,0
-18.6259,31.6102,318.0,2023-06-18,1157,D,0
-18.4967,31.674,326.5,2023-06-18,1157,D,0
-18.5586,31.0658,332.1,2023-06-18,1157,D,0
-18.4864,31.2395,327.5,2023-06-18,1157,D,0
-18.4609,31.2257,313.9,2023-06-18,1157,D,0
-18.4623,31.2163,333.4,2023-06-18,1157,D,0
-18.4784,30.8543,316.5,2023-06-18,1157,D,0
-18.4797,30.8449,356.1,2023-06-18,1157,D,0
-18.3603,31.5958,328.6,2023-06-18,1157,D,0
-18.3617,31.5863,317.6,2023-06-18,1157,D,0
-18.3184,31.7587,314.9,2023-06-18,1157,D,0
-18.482,30.253,316.8,2023-06-18,1157,D,0
-18.5505,29.6962,323.0,2023-06-18,1157,D,0
-18.5518,29.6865,329.0,2023-06-18,1157,D,0
-18.0733,32.8108,318.2,2023-06-18,1157,D,0
-18.2315,31.7834,355.5,2023-06-18,1157,D,0
-18.0663,32.8141,314.8,2023-06-18,1157,D,0
-18.068,32.8034,316.1,2023-06-18,1157,D,0
-18.2358,31.5046,314.2,2023-06-18,1157,D,0
-18.3522,30.0653,319.4,2023-06-18,1157,D,0
-18.3535,30.0558,315.7,2023-06-18,1157,D,0
-18.2201,30.8618,320.4,2023-06-18,1157,D,0
-18.3268,29.9835,328.6,2023-06-18,1157,D,0
-18.3024,29.8265,317.7,2023-06-18,1157,D,0
-18.0745,31.2245,314.6,2023-06-18,1157,D,0
-18.2025,30.2096,322.7,2023-06-18,1157,D,0
-18.2039,30.2002,323.7,2023-06-18,1157,D,0
-18.2245,29.9221,334.0,2023-06-18,1157,D,0
-18.119,30.6036,324.6,2023-06-18,1157,D,0
-18.1204,30.5942,317.2,2023-06-18,1157,D,0
-18.1258,30.5568,317.8,2023-06-18,1157,D,0
-18.2171,29.9151,318.0,2023-06-18,1157,D,0
-18.0218,31.2102,319.2,2023-06-18,1157,D,0
-18.0232,31.2008,321.9,2023-06-18,1157,D,0
-18.1101,30.6021,346.4,2023-06-18,1157,D,0
-18.1114,30.5928,370.6,2023-06-18,1157,D,0
-18.0129,31.2087,327.3,2023-06-18,1157,D,0
-18.0142,31.1993,323.3,2023-06-18,1157,D,0
-18.1012,30.6007,331.6,2023-06-18,1157,D,0
-18.1025,30.5913,353.0,2023-06-18,1157,D,0
-17.9053,31.8717,321.0,2023-06-18,1157,D,0
-18.0039,31.2073,336.7,2023-06-18,1157,D,0
-18.0053,31.1979,333.7,2023-06-18,1157,D,0
-18.0922,30.5993,319.2,2023-06-18,1157,D,0
-18.0936,30.5899,370.0,2023-06-18,1157,D,0
-18.0949,30.5806,349.1,2023-06-18,1157,D,0
-18.023,30.9516,316.2,2023-06-18,1157,D,0
-18.1269,30.163,330.5,2023-06-18,1157,D,0
-18.1336,30.1157,321.1,2023-06-18,1157,D,0
-18.1349,30.1062,317.0,2023-06-18,1157,D,0
-17.9975,30.9379,318.1,2023-06-18,1157,D,0
-18.1157,29.9124,317.6,2023-06-18,1157,D,0
-18.0692,30.1764,324.0,2023-06-18,1157,D,0
-18.0705,30.167,315.6,2023-06-18,1157,D,0
-17.6915,31.5724,315.3,2023-06-18,1157,D,0
-17.6145,31.9634,317.6,2023-06-18,1157,D,0
-17.7295,30.6888,321.5,2023-06-18,1157,D,0
-17.7308,30.6795,317.4,2023-06-18,1157,D,0
-17.6498,31.173,321.2,2023-06-18,1157,D,0
-17.6512,31.1636,328.4,2023-06-18,1157,D,0
-17.6229,31.0441,334.2,2023-06-18,1157,D,0
-17.6243,31.0348,324.4,2023-06-18,1157,D,0
-17.5719,31.1345,319.1,2023-06-18,1157,D,0
-17.6903,30.1886,320.2,2023-06-18,1157,D,0
-17.5415,30.9669,341.6,2023-06-18,1157,D,0
-17.5429,30.9576,321.9,2023-06-18,1157,D,0
-18.1545,25.9952,321.7,2023-06-18,1157,D,0
-18.1563,25.9802,316.3,2023-06-18,1157,D,0
-17.4178,30.9919,314.0,2023-06-18,1157,D,0
-17.451,30.511,325.9,2023-06-18,1157,D,0
-17.4421,30.5096,337.9,2023-06-18,1157,D,0
-17.4434,30.5003,324.6,2023-06-18,1157,D,0
-17.4345,30.4989,334.3,2023-06-18,1157,D,0
-17.4358,30.4896,370.7,2023-06-18,1157,D,0
-17.4372,30.4803,318.4,2023-06-18,1157,D,0
-17.7766,27.8523,324.6,2023-06-18,1157,D,0
-17.7781,27.841,326.7,2023-06-18,1157,D,0
-17.2623,31.365,321.3,2023-06-18,1157,D,0
-17.2637,31.3556,319.2,2023-06-18,1157,D,0
-17.412,30.3372,321.3,2023-06-18,1157,D,0
-17.4133,30.3279,318.2,2023-06-18,1157,D,0
-17.7653,27.7763,313.2,2023-06-18,1157,D,0
-17.403,30.3358,347.5,2023-06-18,1157,D,0
-17.4044,30.3264,335.0,2023-06-18,1157,D,0
-17.4248,30.1193,350.2,2023-06-18,1157,D,0
-17.4261,30.1099,320.7,2023-06-18,1157,D,0
-17.3557,30.5379,323.9,2023-06-18,1157,D,0
-17.357,30.5286,330.2,2023-06-18,1157,D,0
-17.3584,30.5193,336.5,2023-06-18,1157,D,0
-17.4938,29.4305,317.0,2023-06-18,1157,D,0
-17.2911,30.7942,317.2,2023-06-18,1157,D,0
-17.2925,30.7848,312.7,2023-06-18,1157,D,0
-17.2989,30.6145,319.5,2023-06-18,1157,D,0
-17.3003,30.6052,338.3,2023-06-18,1157,D,0
-17.3016,30.5959,339.3,2023-06-18,1157,D,0
-17.3458,30.2885,345.0,2023-06-18,1157,D,0
-17.3353,30.2899,327.2,2023-06-18,1157,D,0
-17.3367,30.2805,320.7,2023-06-18,1157,D,0
-17.3201,30.2684,328.2,2023-06-18,1157,D,0
-17.3214,30.259,314.5,2023-06-18,1157,D,0
-17.2969,30.3029,324.1,2023-06-18,1157,D,0
-17.2631,30.0914,338.2,2023-06-18,1157,D,0
-17.2645,30.082,358.6,2023-06-18,1157,D,0
-17.2658,30.0726,314.0,2023-06-18,1157,D,0
-17.1861,30.1175,324.6,2023-06-18,1157,D,0
-17.1875,30.1082,345.8,2023-06-18,1157,D,0
-17.1888,30.0989,349.9,2023-06-18,1157,D,0
-17.1901,30.0895,316.0,2023-06-18,1157,D,0
-16.8519,32.0686,318.5,2023-06-18,1157,D,0
-17.038,30.8203,317.8,2023-06-18,1157,D,0
-17.14,30.1133,331.9,2023-06-18,1157,D,0
-17.2002,29.6219,321.0,2023-06-18,1157,D,0
-17.1821,29.6192,328.9,2023-06-18,1157,D,0
-17.1834,29.6096,345.1,2023-06-18,1157,D,0
-17.173,29.6178,336.5,2023-06-18,1157,D,0
-17.1744,29.6083,379.3,2023-06-18,1157,D,0
-17.1757,29.5987,322.8,2023-06-18,1157,D,0
-16.8434,31.8163,317.9,2023-06-18,1157,D,0
-17.1809,29.4374,315.1,2023-06-18,1157,D,0
-16.9194,30.3046,319.0,2023-06-18,1157,D,0
-17.1521,28.4931,316.5,2023-06-18,1157,D,0
-16.7447,31.2492,315.3,2023-06-18,1157,D,0
-16.9823,29.5417,328.0,2023-06-18,1157,D,0
-16.9836,29.5321,322.5,2023-06-18,1157,D,0
-16.9746,29.5307,320.3,2023-06-18,1157,D,0
-17.1226,28.4621,313.8,2023-06-18,1157,D,0
-17.124,28.4517,312.0,2023-06-18,1157,D,0
-16.9756,29.3252,324.7,2023-06-18,1157,D,0
-17.0479,28.6607,335.1,2023-06-18,1157,D,0
-17.0493,28.6506,340.7,2023-06-18,1157,D,0
-17.0386,28.6594,331.4,2023-06-18,1157,D,0
-17.0399,28.6494,326.9,2023-06-18,1157,D,0
-16.9849,28.9171,324.3,2023-06-18,1157,D,0
-16.9862,28.9072,320.6,2023-06-18,1157,D,0
-17.0307,28.5757,315.6,2023-06-18,1157,D,0
-17.0321,28.5654,312.9,2023-06-18,1157,D,0
-16.6378,31.2871,328.8,2023-06-18,1157,D,0
-16.6392,31.2776,327.1,2023-06-18,1157,D,0
-16.6406,31.2682,349.0,2023-06-18,1157,D,0
-16.642,31.2588,332.2,2023-06-18,1157,D,0
-17.021,28.5992,321.3,2023-06-18,1157,D,0
-17.0238,28.5786,313.1,2023-06-18,1157,D,0
-17.0252,28.5683,318.9,2023-06-18,1157,D,0
-16.6302,31.2762,340.0,2023-06-18,1157,D,0
-16.6316,31.2667,355.5,2023-06-18,1157,D,0
-16.633,31.2573,324.6,2023-06-18,1157,D,0
-16.8783,29.5581,320.1,2023-06-18,1157,D,0
-16.8796,29.5485,333.7,2023-06-18,1157,D,0
-17.0117,28.5978,326.9,2023-06-18,1157,D,0
-16.8719,29.5376,318.4,2023-06-18,1157,D,0
-16.9177,28.8704,322.7,2023-06-18,1157,D,0
-16.6001,30.7961,319.0,2023-06-18,1157,D,0
-16.8418,28.964,315.9,2023-06-18,1157,D,0
-16.8431,28.9542,326.4,2023-06-18,1157,D,0
-16.8258,29.0118,315.4,2023-06-18,1157,D,0
-16.8272,29.0019,312.9,2023-06-18,1157,D,0
-16.7811,29.0652,315.4,2023-06-18,1157,D,0
-16.7725,29.0675,326.4,2023-06-18,1157,D,0
-16.7738,29.0577,317.6,2023-06-18,1157,D,0
-16.7528,29.0746,340.5,2023-06-18,1157,D,0
-16.5757,30.0073,318.5,2023-06-18,1157,D,0
-16.577,29.998,313.2,2023-06-18,1157,D,0
-16.2004,30.0572,318.9,2023-06-18,1158,D,0
-16.4481,29.4771,312.5,2023-06-18,1158,D,0
-15.7529,30.3542,322.1,2023-06-18,1158,D,0
-16.1131,30.4734,320.8,2023-06-18,1158,D,0
-16.4393,29.4798,326.4,2023-06-18,1158,D,0
-15.6936,30.1872,323.2,2023-06-18,1158,D,0
-15.6923,30.1964,327.5,2023-06-18,1158,D,0
-15.7543,30.345,324.2,2023-06-18,1158,D,0
-18.1223,30.5946,301.4,2023-06-18,1947,N,0
-16.6288,31.2884,305.2,2023-06-18,1948,N,0
-17.0204,28.5281,310.4,2023-06-19,817,D,0
-17.0188,28.515,314.4,2023-06-19,817,D,0
-16.9788,28.5814,318.5,2023-06-19,817,D,0
-16.8715,29.4723,315.0,2023-06-19,817,D,0
-16.7423,29.6275,309.1,2023-06-19,817,D,0
-16.3375,29.017,319.9,2023-06-19,817,D,0
-16.3353,29.023,319.3,2023-06-19,817,D,0
-16.3135,29.0257,310.5,2023-06-19,817,D,0
-15.995,30.0455,309.2,2023-06-19,817,D,0
-17.9275,32.0417,310.7,2023-06-19,817,D,0
-18.3449,31.4471,307.5,2023-06-19,817,D,0
-17.7585,27.8373,311.1,2023-06-19,817,D,0
-17.901,30.7306,312.4,2023-06-19,817,D,0
-17.9012,30.737,307.9,2023-06-19,817,D,0
-17.8989,30.7172,311.9,2023-06-19,817,D,0
-18.068,32.8103,306.0,2023-06-19,817,D,0
-17.484,30.9563,308.1,2023-06-19,817,D,0
-17.2715,30.0846,309.4,2023-06-19,817,D,0
-17.0294,28.5136,311.3,2023-06-19,817,D,0
-18.8278,29.72,323.1,2023-06-19,818,D,0
-18.5506,31.086,321.2,2023-06-19,818,D,0
-18.3661,26.4803,312.4,2023-06-19,818,D,0
-18.9186,25.9517,323.7,2023-06-19,818,D,0
-18.8298,29.7374,325.5,2023-06-19,818,D,0
-20.1251,28.7052,313.7,2023-06-19,1238,D,0
-20.1112,28.7021,314.4,2023-06-19,1238,D,0
-20.1133,28.3198,323.4,2023-06-19,1238,D,0
-20.1216,28.3164,319.0,2023-06-19,1238,D,0
-20.108,28.3134,313.8,2023-06-19,1238,D,0
-20.1207,28.6857,317.9,2023-06-19,1238,D,0
-19.442,31.334,328.8,2023-06-19,1238,D,0
-20.1158,28.7107,316.7,2023-06-19,1238,D,0
-19.4393,31.3251,328.7,2023-06-19,1238,D,0
-19.3032,29.8425,311.2,2023-06-19,1238,D,0
-17.7142,27.787,321.2,2023-06-19,1239,D,0
-18.3071,30.9407,313.4,2023-06-19,1239,D,0
-18.3061,30.9356,313.8,2023-06-19,1239,D,0
-18.3528,29.7394,314.7,2023-06-19,1239,D,0
-18.3446,29.7325,313.7,2023-06-19,1239,D,0
-18.152,29.8192,315.2,2023-06-19,1239,D,0
-18.1604,29.816,319.4,2023-06-19,1239,D,0
-17.7179,30.6788,314.9,2023-06-19,1239,D,0
-17.7011,30.6748,354.9,2023-06-19,1239,D,0
-17.7092,30.6359,328.4,2023-06-19,1239,D,0
-17.6843,30.6708,312.9,2023-06-19,1239,D,0
-17.7143,30.67,318.8,2023-06-19,1239,D,0
-17.6976,30.6658,361.4,2023-06-19,1239,D,0
-17.7054,30.627,315.2,2023-06-19,1239,D,0
-17.5379,30.9198,309.9,2023-06-19,1239,D,0
-17.4701,30.3644,311.9,2023-06-19,1239,D,0
-17.4928,30.0598,313.2,2023-06-19,1239,D,0
-17.5022,30.0539,313.4,2023-06-19,1239,D,0
-17.7432,27.7502,333.2,2023-06-19,1239,D,0
-17.7204,27.7956,328.6,2023-06-19,1239,D,0
-17.7323,27.7654,325.0,2023-06-19,1239,D,0
-17.7366,27.742,330.3,2023-06-19,1239,D,0
-17.3033,27.9696,312.7,2023-06-19,1239,D,0
-17.0209,29.5159,320.5,2023-06-19,1239,D,0
-17.299,27.9614,312.0,2023-06-19,1239,D,0
-17.191,28.4586,311.7,2023-06-19,1239,D,0
-16.9151,28.6174,312.5,2023-06-19,1239,D,0
-16.6947,29.1948,310.3,2023-06-19,1239,D,0
-16.3316,29.0192,310.3,2023-06-19,1239,D,0
-16.2819,29.1089,323.7,2023-06-19,1239,D,0
-16.2885,29.0752,319.2,2023-06-19,1239,D,0
-16.2733,29.1027,324.4,2023-06-19,1239,D,0
-18.3699,26.4778,309.6,2023-06-19,2028,N,0
-16.8645,28.61,319.6,2023-06-19,2029,N,0
-16.866,28.6,315.5,2023-06-19,2029,N,0
-16.8566,28.5989,304.8,2023-06-19,2029,N,0
-18.1544,30.9836,307.4,2023-06-20,720,D,0
-18.1481,30.991,306.4,2023-06-20,720,D,0
-18.3935,32.6426,311.5,2023-06-20,720,D,0
-18.2358,31.842,305.4,2023-06-20,720,D,0
-18.2372,31.8483,307.2,2023-06-20,720,D,0
-17.7088,30.5852,307.6,2023-06-20,720,D,0
-17.7202,30.5888,311.4,2023-06-20,720,D,0
-17.4336,30.4393,307.2,2023-06-20,720,D,0
-18.3024,30.8655,305.8,2023-06-20,720,D,0
-18.2978,30.8412,306.3,2023-06-20,720,D,0
-18.2922,30.8484,312.7,2023-06-20,720,D,0
-19.3436,30.211,306.5,2023-06-20,721,D,0
-20.0567,30.8551,357.5,2023-06-20,1142,D,0
-20.0551,30.8684,322.9,2023-06-20,1142,D,0
-20.0672,30.8565,362.2,2023-06-20,1142,D,0
-20.0656,30.8698,344.7,2023-06-20,1142,D,0
-20.0761,30.8712,318.3,2023-06-20,1142,D,0
-20.1298,30.7838,314.6,2023-06-20,1142,D,0
-20.1356,30.7765,312.7,2023-06-20,1142,D,0
-20.116,31.1989,325.7,2023-06-20,1142,D,0
-19.9526,32.7695,325.5,2023-06-20,1142,D,0
-19.9512,32.7801,313.8,2023-06-20,1142,D,0
-20.4824,28.4993,312.5,2023-06-20,1142,D,0
-19.218,31.2276,317.2,2023-06-20,1142,D,0
-21.3134,30.6379,319.2,2023-06-20,1142,D,0
-19.2196,31.2154,319.9,2023-06-20,1142,D,0
-19.0447,32.4099,315.8,2023-06-20,1142,D,0
-19.324,30.199,325.6,2023-06-20,1142,D,0
-19.3257,30.1849,352.4,2023-06-20,1142,D,0
-19.3148,30.1835,314.6,2023-06-20,1142,D,0
-19.1967,31.7051,320.2,2023-06-20,1142,D,0
-19.1952,31.7165,320.1,2023-06-20,1142,D,0
-19.1979,31.7119,325.1,2023-06-20,1142,D,0
-20.0877,28.2979,331.1,2023-06-20,1142,D,0
-20.0856,28.3177,321.2,2023-06-20,1142,D,0
-20.1004,28.2995,324.4,2023-06-20,1142,D,0
-20.0982,28.3197,327.1,2023-06-20,1142,D,0
-20.0135,30.7201,325.0,2023-06-20,1142,D,0
-20.024,30.7215,333.3,2023-06-20,1142,D,0
-20.0648,30.7883,316.2,2023-06-20,1142,D,0
-16.9295,31.2171,316.3,2023-06-20,1143,D,0
-16.931,31.2057,319.3,2023-06-20,1143,D,0
-16.9197,31.2157,329.5,2023-06-20,1143,D,0
-17.0099,30.1299,318.8,2023-06-20,1143,D,0
-17.0116,30.1167,342.5,2023-06-20,1143,D,0
-17.001,30.1154,348.4,2023-06-20,1143,D,0
-17.0027,30.102,320.2,2023-06-20,1143,D,0
-16.7998,31.5743,319.9,2023-06-20,1143,D,0
-16.8012,31.5635,323.0,2023-06-20,1143,D,0
-16.9325,29.4949,333.1,2023-06-20,1143,D,0
-16.9343,29.4802,343.5,2023-06-20,1143,D,0
-16.9232,29.4787,315.3,2023-06-20,1143,D,0
-16.9938,28.513,312.9,2023-06-20,1143,D,0
-16.6486,31.1817,316.3,2023-06-20,1143,D,0
-16.6387,31.1805,324.3,2023-06-20,1143,D,0
-16.6402,31.1691,315.9,2023-06-20,1143,D,0
-16.6928,30.2152,317.5,2023-06-20,1143,D,0
-16.6944,30.2023,314.0,2023-06-20,1143,D,0
-16.701,30.1505,322.5,2023-06-20,1143,D,0
-16.733,29.8977,316.3,2023-06-20,1143,D,0
-16.7347,29.884,321.1,2023-06-20,1143,D,0
-16.6823,30.2137,350.1,2023-06-20,1143,D,0
-16.684,30.2007,372.5,2023-06-20,1143,D,0
-16.8787,28.6167,315.9,2023-06-20,1143,D,0
-16.8808,28.5986,325.2,2023-06-20,1143,D,0
-16.5921,30.1151,316.5,2023-06-20,1143,D,0
-16.484,30.0806,314.7,2023-06-20,1143,D,0
-16.5526,29.5224,339.0,2023-06-20,1143,D,0
-16.5543,29.5081,324.4,2023-06-20,1143,D,0
-16.5417,29.5208,327.1,2023-06-20,1143,D,0
-16.5434,29.5065,320.9,2023-06-20,1143,D,0
-16.4785,30.0732,315.9,2023-06-20,1143,D,0
-16.5489,29.5295,318.1,2023-06-20,1143,D,0
-16.5507,29.5153,344.8,2023-06-20,1143,D,0
-16.5025,28.9037,315.3,2023-06-20,1143,D,0
-15.9805,29.974,324.4,2023-06-20,1143,D,0
-15.7537,30.152,319.7,2023-06-20,1143,D,0
-15.7553,30.1391,318.0,2023-06-20,1143,D,0
-17.8672,29.9545,341.0,2023-06-20,1143,D,0
-19.2511,30.6233,323.6,2023-06-20,1143,D,0
-19.2527,30.61,331.5,2023-06-20,1143,D,0
-19.2405,30.6218,338.5,2023-06-20,1143,D,0
-19.2421,30.6084,348.6,2023-06-20,1143,D,0
-19.3449,29.7348,319.7,2023-06-20,1143,D,0
-19.2467,30.6171,347.5,2023-06-20,1143,D,0
-19.2484,30.6037,326.4,2023-06-20,1143,D,0
-19.2362,30.6155,326.9,2023-06-20,1143,D,0
-19.2378,30.6022,319.1,2023-06-20,1143,D,0
-19.3463,29.7295,320.8,2023-06-20,1143,D,0
-19.1224,31.3438,314.3,2023-06-20,1143,D,0
-19.3238,29.7265,333.7,2023-06-20,1143,D,0
-19.3256,29.711,327.5,2023-06-20,1143,D,0
-19.055,31.6323,317.7,2023-06-20,1143,D,0
-18.9465,32.3899,313.1,2023-06-20,1143,D,0
-18.9217,31.9503,320.5,2023-06-20,1143,D,0
-18.8267,32.5257,342.0,2023-06-20,1143,D,0
-18.8281,32.5152,320.0,2023-06-20,1143,D,0
-18.8173,32.5242,325.6,2023-06-20,1143,D,0
-18.8187,32.5138,314.2,2023-06-20,1143,D,0
-18.9547,31.0616,315.0,2023-06-20,1143,D,0
-18.9563,31.0491,323.3,2023-06-20,1143,D,0
-18.9461,31.0477,348.8,2023-06-20,1143,D,0
-18.9476,31.0352,342.2,2023-06-20,1143,D,0
-18.9359,31.0463,333.8,2023-06-20,1143,D,0
-18.914,30.5655,317.1,2023-06-20,1143,D,0
-18.9034,30.5642,349.9,2023-06-20,1143,D,0
-18.9787,29.8401,315.4,2023-06-20,1143,D,0
-18.7223,31.5259,326.0,2023-06-20,1143,D,0
-18.8538,30.1331,320.6,2023-06-20,1143,D,0
-18.851,30.1259,321.2,2023-06-20,1143,D,0
-18.6273,31.4705,321.1,2023-06-20,1143,D,0
-18.7791,30.1734,319.6,2023-06-20,1143,D,0
-18.7354,30.1478,315.6,2023-06-20,1143,D,0
-18.7371,30.1337,317.6,2023-06-20,1143,D,0
-18.2419,32.9188,317.3,2023-06-20,1143,D,0
-18.4982,30.9659,325.0,2023-06-20,1143,D,0
-18.4998,30.9535,323.9,2023-06-20,1143,D,0
-18.4261,31.454,322.0,2023-06-20,1143,D,0
-18.4275,31.4424,322.8,2023-06-20,1143,D,0
-18.488,30.9645,347.6,2023-06-20,1143,D,0
-18.4896,30.9521,331.0,2023-06-20,1143,D,0
-18.4177,31.441,319.4,2023-06-20,1143,D,0
-18.225,32.5106,313.6,2023-06-20,1143,D,0
-18.2263,32.5005,325.1,2023-06-20,1143,D,0
-18.3201,31.4916,334.4,2023-06-20,1143,D,0
-18.3216,31.4802,332.7,2023-06-20,1143,D,0
-18.323,31.4688,316.7,2023-06-20,1143,D,0
-18.3103,31.4903,337.6,2023-06-20,1143,D,0
-18.429,30.536,338.0,2023-06-20,1143,D,0
-18.4306,30.523,320.8,2023-06-20,1143,D,0
-18.4386,30.4569,336.3,2023-06-20,1143,D,0
-18.3076,31.495,325.8,2023-06-20,1143,D,0
-18.3091,31.4836,343.0,2023-06-20,1143,D,0
-18.4336,30.5302,324.9,2023-06-20,1143,D,0
-18.2993,31.4822,319.9,2023-06-20,1143,D,0
-18.4316,30.4628,320.9,2023-06-20,1143,D,0
-18.4333,30.4496,330.6,2023-06-20,1143,D,0
-18.3083,31.1007,323.8,2023-06-20,1143,D,0
-18.0743,32.8009,320.0,2023-06-20,1143,D,0
-18.0757,32.7908,325.9,2023-06-20,1143,D,0
-18.2983,31.0993,332.5,2023-06-20,1143,D,0
-18.2998,31.0872,315.7,2023-06-20,1143,D,0
-18.3984,30.0061,319.1,2023-06-20,1143,D,0
-18.0085,31.8479,318.4,2023-06-20,1143,D,0
-18.0099,31.8371,314.1,2023-06-20,1143,D,0
-18.0868,31.0885,314.8,2023-06-20,1143,D,0
-18.1934,30.0951,317.0,2023-06-20,1143,D,0
-18.1826,30.0937,316.7,2023-06-20,1143,D,0
-17.9173,32.0683,318.8,2023-06-20,1143,D,0
-17.9752,31.5561,315.5,2023-06-20,1143,D,0
-17.9825,31.4999,326.9,2023-06-20,1143,D,0
-17.984,31.4886,316.3,2023-06-20,1143,D,0
-18.1318,30.2401,319.2,2023-06-20,1143,D,0
-17.9441,31.6427,318.5,2023-06-20,1143,D,0
-17.9456,31.6315,315.8,2023-06-20,1143,D,0
-18.1686,29.8467,331.5,2023-06-20,1143,D,0
-17.9344,31.6413,326.9,2023-06-20,1143,D,0
-17.9359,31.6301,328.4,2023-06-20,1143,D,0
-18.0156,31.005,314.7,2023-06-20,1143,D,0
-18.1467,29.8437,338.6,2023-06-20,1143,D,0
-17.9239,31.6217,313.6,2023-06-20,1143,D,0
-18.143,29.8511,322.2,2023-06-20,1143,D,0
-18.1448,29.8367,330.2,2023-06-20,1143,D,0
-18.1281,29.7006,321.0,2023-06-20,1143,D,0
-18.0118,30.2033,316.1,2023-06-20,1143,D,0
-17.7909,31.3323,315.7,2023-06-20,1143,D,0
-17.8292,30.8739,314.4,2023-06-20,1143,D,0
-17.8818,29.9478,317.7,2023-06-20,1143,D,0
-17.8693,29.9603,319.0,2023-06-20,1143,D,0
-17.871,29.9462,363.0,2023-06-20,1143,D,0
-17.869,29.9405,337.9,2023-06-20,1143,D,0
-17.5315,32.1366,317.0,2023-06-20,1143,D,0
-17.7413,30.3532,326.2,2023-06-20,1143,D,0
-17.7429,30.34,322.1,2023-06-20,1143,D,0
-17.7308,30.3517,320.4,2023-06-20,1143,D,0
-17.7324,30.3385,315.5,2023-06-20,1143,D,0
-17.4261,32.0183,315.6,2023-06-20,1143,D,0
-17.5617,30.5793,317.9,2023-06-20,1143,D,0
-17.5634,30.5665,313.4,2023-06-20,1143,D,0
-17.6012,30.268,316.0,2023-06-20,1143,D,0
-17.559,30.262,356.6,2023-06-20,1143,D,0
-17.5485,30.2604,331.5,2023-06-20,1143,D,0
-17.552,30.2679,339.6,2023-06-20,1143,D,0
-17.5537,30.2546,332.6,2023-06-20,1143,D,0
-17.403,30.388,314.6,2023-06-20,1143,D,0
-17.7102,27.8428,315.3,2023-06-20,1143,D,0
-17.2623,31.3231,316.8,2023-06-20,1143,D,0
-17.2638,31.3119,316.7,2023-06-20,1143,D,0
-17.6589,27.956,314.2,2023-06-20,1143,D,0
-17.6317,27.9715,340.2,2023-06-20,1143,D,0
-17.2981,30.6514,313.0,2023-06-20,1143,D,0
-17.6279,27.9839,321.5,2023-06-20,1143,D,0
-17.6302,27.9643,327.9,2023-06-20,1143,D,0
-17.2879,30.6499,313.3,2023-06-20,1143,D,0
-17.3505,30.1605,313.4,2023-06-20,1143,D,0
-17.0906,31.0777,314.2,2023-06-20,1143,D,0
-17.0886,30.3643,316.0,2023-06-20,1143,D,0
-17.0814,30.3709,316.5,2023-06-20,1143,D,0
-15.7399,30.1441,312.5,2023-06-21,800,D,0
-16.0695,30.4667,335.0,2023-06-21,800,D,0
-16.0709,30.4766,316.4,2023-06-21,800,D,0
-16.484,28.8993,312.5,2023-06-21,801,D,0
-16.4853,28.9086,318.1,2023-06-21,801,D,0
-16.5285,29.0817,320.5,2023-06-21,801,D,0
-16.9012,31.5084,312.9,2023-06-21,801,D,0
-16.6788,29.4912,324.2,2023-06-21,801,D,0
-16.6802,29.5006,310.5,2023-06-21,801,D,0
-16.8419,29.7997,323.5,2023-06-21,801,D,0
-16.8347,29.0359,312.2,2023-06-21,801,D,0
-16.836,29.0452,314.4,2023-06-21,801,D,0
-16.8552,28.8557,320.7,2023-06-21,801,D,0
-17.1285,30.5424,332.4,2023-06-21,801,D,0
-17.1379,30.5411,337.6,2023-06-21,801,D,0
-17.1393,30.5513,323.7,2023-06-21,801,D,0
-16.8751,28.6164,311.4,2023-06-21,801,D,0
-16.8764,28.6256,319.0,2023-06-21,801,D,0
-16.9791,28.5029,309.2,2023-06-21,801,D,0
-16.9805,28.5121,309.7,2023-06-21,801,D,0
-17.3857,31.0864,321.7,2023-06-21,801,D,0
-17.3872,31.0973,366.7,2023-06-21,801,D,0
-17.3886,31.1082,310.8,2023-06-21,801,D,0
-17.5024,30.804,310.8,2023-06-21,801,D,0
-17.521,30.9437,310.1,2023-06-21,801,D,0
-17.5957,30.2722,314.6,2023-06-21,801,D,0
-17.7182,30.5729,309.0,2023-06-21,801,D,0
-17.4943,27.6253,310.9,2023-06-21,801,D,0
-17.5019,27.6145,316.2,2023-06-21,801,D,0
-17.9775,30.9261,316.6,2023-06-21,801,D,0
-18.0586,30.2995,309.8,2023-06-21,801,D,0
-18.06,30.3097,319.7,2023-06-21,801,D,0
-18.3819,30.9121,311.2,2023-06-21,801,D,0
-18.4729,31.6045,313.5,2023-06-21,801,D,0
-18.4287,30.9441,308.1,2023-06-21,801,D,0
-18.445,30.5166,315.6,2023-06-21,801,D,0
-18.4464,30.5271,314.7,2023-06-21,801,D,0
-18.4223,30.2015,309.5,2023-06-21,801,D,0
-18.4807,29.8161,318.5,2023-06-21,801,D,0
-18.7684,31.369,308.0,2023-06-21,801,D,0
-18.9229,32.6156,306.3,2023-06-21,801,D,0
-18.8759,31.494,309.0,2023-06-21,801,D,0
-18.7607,30.1279,326.1,2023-06-21,801,D,0
-18.3305,27.0573,314.3,2023-06-21,801,D,0
-18.9683,31.5004,309.0,2023-06-21,801,D,0
-18.3713,26.4789,321.0,2023-06-21,801,D,0
-18.9745,30.2109,314.4,2023-06-21,801,D,0
-18.9839,30.2096,311.9,2023-06-21,801,D,0
-19.0556,30.6781,310.7,2023-06-21,801,D,0
-19.0571,30.689,316.8,2023-06-21,801,D,0
-19.2097,31.1578,319.5,2023-06-21,801,D,0
-19.2112,31.1695,323.7,2023-06-21,801,D,0
-19.1597,30.6236,312.3,2023-06-21,801,D,0
-18.9674,29.1482,309.9,2023-06-21,801,D,0
-19.0809,29.776,308.9,2023-06-21,801,D,0
-19.3322,29.7881,308.5,2023-06-21,801,D,0
-18.9165,25.9551,317.0,2023-06-21,801,D,0
-20.0554,30.9199,308.3,2023-06-21,801,D,0
-20.0653,30.9186,309.0,2023-06-21,802,D,0
-20.1028,28.718,319.6,2023-06-21,802,D,0
-18.9557,30.5515,321.6,2023-06-21,1224,D,0
-21.0794,28.474,313.0,2023-06-21,1224,D,0
-20.3226,28.7438,310.4,2023-06-21,1224,D,0
-20.325,28.7297,319.5,2023-06-21,1224,D,0
-20.3527,28.4032,314.7,2023-06-21,1224,D,0
-20.0466,27.6419,315.7,2023-06-21,1224,D,0
-19.4878,30.8164,310.6,2023-06-21,1224,D,0
-19.7474,29.2616,312.6,2023-06-21,1224,D,0
-19.7296,29.1631,314.6,2023-06-21,1224,D,0
-19.2136,31.1445,326.7,2023-06-21,1224,D,0
-19.2141,31.1619,318.8,2023-06-21,1224,D,0
-19.218,31.1402,314.9,2023-06-21,1224,D,0
-19.205,31.1372,318.1,2023-06-21,1224,D,0
-19.1693,30.6072,317.0,2023-06-21,1224,D,0
-19.1567,30.6047,314.8,2023-06-21,1224,D,0
-19.1604,30.5851,312.9,2023-06-21,1224,D,0
-19.0628,30.4789,319.3,2023-06-21,1224,D,0
-19.0612,30.4714,315.6,2023-06-21,1224,D,0
-18.9594,30.5318,313.4,2023-06-21,1224,D,0
-18.9565,30.5463,324.9,2023-06-21,1224,D,0
-18.754,30.6417,318.2,2023-06-21,1224,D,0
-18.7556,30.637,316.4,2023-06-21,1224,D,0
-18.6039,31.3194,318.2,2023-06-21,1224,D,0
-18.5733,31.4083,311.3,2023-06-21,1224,D,0
-18.5905,31.3165,338.3,2023-06-21,1224,D,0
-18.5598,31.4055,313.6,2023-06-21,1224,D,0
-18.5106,31.5164,310.6,2023-06-21,1224,D,0
-18.5152,31.4926,317.0,2023-06-21,1224,D,0
-18.7595,30.1189,320.9,2023-06-21,1224,D,0
-18.5174,31.5101,320.6,2023-06-21,1224,D,0
-18.5217,31.4864,313.6,2023-06-21,1224,D,0
-18.7528,30.1294,317.1,2023-06-21,1224,D,0
-18.7561,30.1109,315.0,2023-06-21,1224,D,0
-18.4586,31.5977,312.1,2023-06-21,1224,D,0
-18.6648,30.4063,317.7,2023-06-21,1224,D,0
-18.6684,30.3866,314.3,2023-06-21,1224,D,0
-18.6659,30.189,319.0,2023-06-21,1224,D,0
-18.1925,30.0955,316.6,2023-06-21,1225,D,0
-17.1194,30.1357,315.0,2023-06-21,1225,D,0
-17.123,30.1161,319.8,2023-06-21,1225,D,0
-17.1068,30.1331,314.8,2023-06-21,1225,D,0
-17.1104,30.1136,326.6,2023-06-21,1225,D,0
-17.119,30.1282,326.4,2023-06-21,1225,D,0
-17.1064,30.1256,320.3,2023-06-21,1225,D,0
-16.9294,29.132,314.5,2023-06-21,1225,D,0
-16.9294,28.9951,318.2,2023-06-21,1225,D,0
-16.9334,28.9887,316.1,2023-06-21,1225,D,0
-16.7988,29.7014,318.8,2023-06-21,1225,D,0
-16.977,28.5231,317.2,2023-06-21,1225,D,0
-16.8084,29.0456,313.3,2023-06-21,1225,D,0
-16.241,30.7732,315.5,2023-06-21,1225,D,0
-16.4837,28.9668,318.6,2023-06-21,1225,D,0
-16.4605,28.9221,326.5,2023-06-21,1225,D,0
-16.4518,28.9028,334.9,2023-06-21,1225,D,0
-16.4401,28.9006,323.2,2023-06-21,1225,D,0
-16.1185,30.5037,318.4,2023-06-21,1225,D,0
-15.9933,29.941,312.8,2023-06-21,1225,D,0
-15.7307,30.3807,315.4,2023-06-21,1225,D,0
-18.6908,29.9844,312.5,2023-06-21,1225,D,0
-18.6647,30.1836,315.1,2023-06-21,1225,D,0
-18.6882,29.9786,315.3,2023-06-21,1225,D,0
-18.3559,31.0836,319.3,2023-06-21,1225,D,0
-18.2709,31.1994,320.0,2023-06-21,1225,D,0
-18.2096,30.9502,329.4,2023-06-21,1225,D,0
-18.286,30.2451,312.4,2023-06-21,1225,D,0
-18.37,29.7843,317.0,2023-06-21,1225,D,0
-18.3666,29.7783,316.6,2023-06-21,1225,D,0
-18.1396,30.6872,330.9,2023-06-21,1225,D,0
-18.2875,29.8736,319.6,2023-06-21,1225,D,0
-18.2252,30.1482,315.2,2023-06-21,1225,D,0
-18.273,29.8151,314.3,2023-06-21,1225,D,0
-18.9247,25.9574,323.5,2023-06-21,1225,D,0
-18.2229,30.1405,316.7,2023-06-21,1225,D,0
-18.8989,25.9568,355.3,2023-06-21,1225,D,0
-18.9005,25.9465,320.8,2023-06-21,1225,D,0
-18.1801,30.0931,319.9,2023-06-21,1225,D,0
-18.0641,30.3037,314.0,2023-06-21,1225,D,0
-18.0676,30.2842,318.7,2023-06-21,1225,D,0
-17.8227,31.3979,311.9,2023-06-21,1225,D,0
-17.9076,30.8702,314.1,2023-06-21,1225,D,0
-17.9316,30.7409,325.3,2023-06-21,1225,D,0
-17.9343,30.654,314.1,2023-06-21,1225,D,0
-17.9109,30.8633,313.1,2023-06-21,1225,D,0
-17.9339,30.7339,324.1,2023-06-21,1225,D,0
-17.9214,30.5793,328.9,2023-06-21,1225,D,0
-17.9251,30.5587,315.8,2023-06-21,1225,D,0
-17.9398,30.4773,311.4,2023-06-21,1225,D,0
-18.09,29.5599,318.1,2023-06-21,1225,D,0
-17.9587,30.1549,313.8,2023-06-21,1225,D,0
-18.0601,29.59,317.8,2023-06-21,1225,D,0
-17.7763,30.926,318.7,2023-06-21,1225,D,0
-17.782,30.9219,314.9,2023-06-21,1225,D,0
-17.7412,30.8456,313.4,2023-06-21,1225,D,0
-17.9098,29.8498,315.8,2023-06-21,1225,D,0
-17.9029,29.8603,311.7,2023-06-21,1225,D,0
-17.906,29.8422,313.5,2023-06-21,1225,D,0
-18.3715,26.4708,320.7,2023-06-21,1225,D,0
-17.5135,30.8558,318.0,2023-06-21,1225,D,0
-17.5174,30.8492,317.2,2023-06-21,1225,D,0
-17.2503,31.2704,318.2,2023-06-21,1225,D,0
-17.244,31.2618,313.8,2023-06-21,1225,D,0
-18.0548,26.1188,323.5,2023-06-21,1225,D,0
-17.1068,31.1281,319.3,2023-06-21,1225,D,0
-17.1094,31.1454,321.2,2023-06-21,1225,D,0
-17.1136,31.122,314.0,2023-06-21,1225,D,0
-17.1772,30.3194,313.6,2023-06-21,1225,D,0
-17.1462,30.0594,315.5,2023-06-21,1225,D,0
-19.8172,29.3278,315.9,2023-06-21,2011,N,0
-19.8079,29.3265,329.9,2023-06-21,2011,N,0
-16.2819,28.9815,315.2,2023-06-21,2012,N,0
-15.7056,30.2381,308.0,2023-06-21,2012,N,0
-16.2833,28.9714,304.5,2023-06-21,2012,N,0
-15.9776,29.9399,313.2,2023-06-21,2012,N,0
-18.2832,25.9264,311.5,2023-06-22,842,D,0
-18.9448,25.9489,337.8,2023-06-22,842,D,0
-18.9704,30.5405,316.5,2023-06-22,1128,D,0
-18.691,31.5383,312.5,2023-06-22,1128,D,0
-18.6921,31.5336,314.9,2023-06-22,1128,D,0
-19.8908,32.8666,337.5,2023-06-22,1128,D,0
-19.893,32.8479,315.2,2023-06-22,1128,D,0
-19.7646,32.8652,309.4,2023-06-22,1128,D,0
-19.7528,32.8641,311.6,2023-06-22,1128,D,0
-18.9444,32.2866,312.1,2023-06-22,1128,D,0
-19.1142,30.4943,313.8,2023-06-22,1128,D,0
-18.9498,31.9064,314.0,2023-06-22,1128,D,0
-19.1087,30.4867,312.7,2023-06-22,1128,D,0
-18.9755,30.5461,316.6,2023-06-22,1128,D,0
-17.1193,30.1047,352.0,2023-06-22,1129,D,0
-18.3521,29.8202,315.4,2023-06-22,1129,D,0
-18.1613,31.0514,312.0,2023-06-22,1129,D,0
-18.1637,31.0296,325.0,2023-06-22,1129,D,0
-18.2039,30.1246,316.4,2023-06-22,1129,D,0
-18.2065,30.0988,324.6,2023-06-22,1129,D,0
-18.1997,30.1172,321.8,2023-06-22,1129,D,0
-18.2025,30.0914,318.0,2023-06-22,1129,D,0
-18.0688,30.0966,313.3,2023-06-22,1129,D,0
-18.0715,30.0709,310.7,2023-06-22,1129,D,0
-17.8513,31.8566,312.8,2023-06-22,1129,D,0
-17.8482,31.8494,315.7,2023-06-22,1129,D,0
-18.0186,29.8449,316.9,2023-06-22,1129,D,0
-17.8999,30.5679,319.7,2023-06-22,1129,D,0
-17.907,30.5637,317.8,2023-06-22,1129,D,0
-17.7162,31.4355,325.0,2023-06-22,1129,D,0
-17.847,30.2132,316.3,2023-06-22,1129,D,0
-17.8496,30.1876,318.9,2023-06-22,1129,D,0
-17.7135,31.4482,316.7,2023-06-22,1129,D,0
-17.7158,31.4286,318.3,2023-06-22,1129,D,0
-17.8558,30.2069,314.4,2023-06-22,1129,D,0
-17.8418,30.2055,315.3,2023-06-22,1129,D,0
-17.7364,30.9044,317.4,2023-06-22,1129,D,0
-17.6708,31.1359,316.0,2023-06-22,1129,D,0
-17.6733,31.1313,318.5,2023-06-22,1129,D,0
-17.574,31.0747,314.9,2023-06-22,1129,D,0
-17.8922,27.9095,311.8,2023-06-22,1129,D,0
-17.576,31.0677,311.5,2023-06-22,1129,D,0
-17.9032,27.903,311.0,2023-06-22,1129,D,0
-17.5497,31.0655,315.7,2023-06-22,1129,D,0
-17.4646,31.5826,311.9,2023-06-22,1129,D,0
-17.4079,31.7488,314.3,2023-06-22,1129,D,0
-17.41,31.7299,312.0,2023-06-22,1129,D,0
-17.4057,31.7433,317.7,2023-06-22,1129,D,0
-17.4814,30.6302,323.1,2023-06-22,1129,D,0
-17.4679,30.6285,328.3,2023-06-22,1129,D,0
-17.3049,30.0634,314.2,2023-06-22,1129,D,0
-17.3,30.0557,331.8,2023-06-22,1129,D,0
-17.1219,30.08,351.5,2023-06-22,1129,D,0
-17.114,30.0969,373.3,2023-06-22,1129,D,0
-17.1167,30.0723,341.6,2023-06-22,1129,D,0
-16.8489,31.9679,313.5,2023-06-22,1129,D,0
-17.1413,29.295,312.9,2023-06-22,1129,D,0
-16.6946,31.9381,312.6,2023-06-22,1129,D,0
-15.9804,29.9225,306.2,2023-06-22,2359,N,0
-16.4504,28.8857,307.6,2023-06-22,2359,N,0
-16.5963,29.0893,300.9,2023-06-22,2359,N,0
-16.967,28.4938,300.5,2023-06-22,2359,N,0
-17.4605,30.1723,300.8,2023-06-22,2359,N,0
-17.5918,30.6664,310.9,2023-06-22,2359,N,0
-17.5861,30.6779,309.5,2023-06-22,2359,N,0
-18.3691,26.4798,307.2,2023-06-22,2359,N,0
-16.4416,28.8768,325.7,2023-06-23,744,D,0
-16.4467,28.8692,311.9,2023-06-23,744,D,0
-16.4489,28.8823,323.9,2023-06-23,744,D,0
-16.4782,28.9297,309.3,2023-06-23,744,D,0
-16.8199,30.815,305.1,2023-06-23,744,D,0
-17.1296,31.5144,306.7,2023-06-23,744,D,0
-16.8875,29.1706,309.4,2023-06-23,744,D,0
-16.9329,29.4474,323.5,2023-06-23,744,D,0
-16.8985,28.6796,309.8,2023-06-23,744,D,0
-16.9007,28.6927,320.6,2023-06-23,744,D,0
-16.9029,28.7058,322.2,2023-06-23,744,D,0
-17.3103,30.0688,309.4,2023-06-23,744,D,0
-17.3868,30.5522,306.1,2023-06-23,744,D,0
-17.4016,30.4015,317.5,2023-06-23,744,D,0
-17.411,30.4,309.8,2023-06-23,744,D,0
-17.4635,30.5752,310.4,2023-06-23,744,D,0
-17.5568,30.8695,306.9,2023-06-23,744,D,0
-17.5583,30.8794,305.4,2023-06-23,744,D,0
-17.457,30.1039,322.1,2023-06-23,744,D,0
-17.4587,30.1146,320.2,2023-06-23,744,D,0
-17.5138,30.3443,311.0,2023-06-23,744,D,0
-17.6024,30.5674,315.3,2023-06-23,744,D,0
-18.6899,31.3457,301.6,2023-06-23,745,D,0
-19.8141,29.3143,310.9,2023-06-23,745,D,0
-19.8158,29.3254,327.6,2023-06-23,745,D,0
-17.7873,31.3768,319.2,2023-06-23,1210,D,0
-17.819,31.3146,313.0,2023-06-23,1210,D,0
-18.0877,29.6902,320.2,2023-06-23,1210,D,0
-18.1497,29.35,321.0,2023-06-23,1210,D,0
-18.1558,29.3463,316.2,2023-06-23,1210,D,0
-18.1542,29.3565,315.8,2023-06-23,1210,D,0
-18.169,30.1601,337.5,2023-06-23,1210,D,0
-18.1673,30.1712,321.3,2023-06-23,1210,D,0
-18.0992,31.0946,320.2,2023-06-23,1210,D,0
-18.2187,30.0334,358.8,2023-06-23,1210,D,0
-21.0784,31.6332,307.9,2023-06-23,1210,D,0
-20.1758,28.9875,329.0,2023-06-23,1210,D,0
-20.1773,28.9778,325.3,2023-06-23,1210,D,0
-20.1948,28.8615,311.6,2023-06-23,1210,D,0
-20.1963,28.8518,315.5,2023-06-23,1210,D,0
-18.1609,30.7175,310.9,2023-06-23,1210,D,0
-20.1209,28.6742,332.2,2023-06-23,1210,D,0
-19.3926,29.8163,333.9,2023-06-23,1210,D,0
-19.3942,29.8059,324.5,2023-06-23,1210,D,0
-19.242,30.0662,313.1,2023-06-23,1210,D,0
-19.2597,29.548,311.7,2023-06-23,1210,D,0
-19.0332,29.6331,308.6,2023-06-23,1210,D,0
-18.7869,30.393,312.1,2023-06-23,1210,D,0
-18.7772,30.3913,313.3,2023-06-23,1210,D,0
-18.779,30.38,314.5,2023-06-23,1210,D,0
-18.7042,30.213,312.9,2023-06-23,1210,D,0
-18.5019,31.2001,321.0,2023-06-23,1210,D,0
-18.5227,31.0759,323.0,2023-06-23,1210,D,0
-18.5228,31.0819,318.8,2023-06-23,1210,D,0
-18.4925,31.2047,317.0,2023-06-23,1210,D,0
-18.4945,31.1921,311.9,2023-06-23,1210,D,0
-18.249,31.37,311.2,2023-06-23,1210,D,0
-18.2192,31.1879,308.8,2023-06-23,1210,D,0
-18.1802,31.1678,310.1,2023-06-23,1210,D,0
-18.3003,30.3683,311.0,2023-06-23,1210,D,0
-18.1102,31.4599,317.8,2023-06-23,1210,D,0
-18.1124,31.4466,317.6,2023-06-23,1210,D,0
-18.1094,31.0965,313.4,2023-06-23,1210,D,0
-16.9707,29.5085,326.6,2023-06-23,1211,D,0
-17.1132,29.5892,316.7,2023-06-23,1211,D,0
-16.8046,31.3085,309.6,2023-06-23,1211,D,0
-16.8666,30.7977,311.1,2023-06-23,1211,D,0
-16.7347,31.1109,310.5,2023-06-23,1211,D,0
-16.9802,29.5101,317.9,2023-06-23,1211,D,0
-16.9724,29.498,323.0,2023-06-23,1211,D,0
-16.638,31.2995,334.3,2023-06-23,1211,D,0
-16.6404,31.2858,332.0,2023-06-23,1211,D,0
-16.9461,29.418,345.9,2023-06-23,1211,D,0
-16.9477,29.4076,317.3,2023-06-23,1211,D,0
-16.6445,31.2939,335.7,2023-06-23,1211,D,0
-16.9352,29.4526,325.7,2023-06-23,1211,D,0
-16.9368,29.4421,327.7,2023-06-23,1211,D,0
-16.9384,29.4316,330.7,2023-06-23,1211,D,0
-16.94,29.4211,347.9,2023-06-23,1211,D,0
-16.9416,29.4107,316.7,2023-06-23,1211,D,0
-16.9273,29.4405,332.5,2023-06-23,1211,D,0
-16.9289,29.4301,331.4,2023-06-23,1211,D,0
-16.8686,29.6927,339.1,2023-06-23,1211,D,0
-16.9992,28.8467,316.7,2023-06-23,1211,D,0
-16.859,29.6909,328.9,2023-06-23,1211,D,0
-16.8607,29.6801,321.7,2023-06-23,1211,D,0
-16.8534,29.6016,316.6,2023-06-23,1211,D,0
-16.8722,29.4205,330.0,2023-06-23,1211,D,0
-16.8172,29.7062,318.8,2023-06-23,1211,D,0
-16.8594,29.4398,316.5,2023-06-23,1211,D,0
-16.8955,29.1488,333.1,2023-06-23,1211,D,0
-16.8896,29.1526,322.2,2023-06-23,1211,D,0
-16.8912,29.1424,321.5,2023-06-23,1211,D,0
-16.9786,28.5645,318.0,2023-06-23,1211,D,0
-16.9709,28.5533,318.7,2023-06-23,1211,D,0
-16.8158,29.3195,319.4,2023-06-23,1211,D,0
-16.8174,29.3091,315.3,2023-06-23,1211,D,0
-16.8999,28.7122,323.1,2023-06-23,1211,D,0
-16.8632,28.7672,323.1,2023-06-23,1211,D,0
-16.8647,28.7571,324.3,2023-06-23,1211,D,0
-16.8685,28.6799,318.6,2023-06-23,1211,D,0
-16.8593,28.6784,314.8,2023-06-23,1211,D,0
-16.637,29.741,316.2,2023-06-23,1211,D,0
-16.5782,29.3136,326.2,2023-06-23,1211,D,0
-16.4849,29.3887,326.4,2023-06-23,1211,D,0
-16.4865,29.3781,313.6,2023-06-23,1211,D,0
-16.4412,28.8802,333.7,2023-06-23,1211,D,0
-16.4427,28.8703,333.7,2023-06-23,1211,D,0
-16.4442,28.8602,344.9,2023-06-23,1211,D,0
-16.4458,28.8499,353.6,2023-06-23,1211,D,0
-16.4349,28.8588,336.0,2023-06-23,1211,D,0
-16.303,29.1217,333.3,2023-06-23,1211,D,0
-16.2952,29.1098,364.4,2023-06-23,1211,D,0
-15.9936,29.921,319.5,2023-06-23,1211,D,0
-15.9954,29.9098,322.4,2023-06-23,1211,D,0
-17.9032,30.3544,316.1,2023-06-23,1211,D,0
-17.9003,30.3587,310.7,2023-06-23,1211,D,0
-17.9229,29.963,313.7,2023-06-23,1211,D,0
-17.9246,29.952,314.0,2023-06-23,1211,D,0
-17.915,29.9504,318.7,2023-06-23,1211,D,0
-17.8607,30.1667,318.6,2023-06-23,1211,D,0
-18.3774,26.4747,320.9,2023-06-23,1211,D,0
-17.7865,30.3092,330.8,2023-06-23,1211,D,0
-17.7883,30.2978,335.6,2023-06-23,1211,D,0
-17.5572,31.0883,314.8,2023-06-23,1211,D,0
-17.6927,30.251,319.9,2023-06-23,1211,D,0
-17.7017,30.1945,312.6,2023-06-23,1211,D,0
-17.5368,30.9556,326.7,2023-06-23,1211,D,0
-17.5389,30.9429,318.9,2023-06-23,1211,D,0
-17.5854,30.6621,327.3,2023-06-23,1211,D,0
-17.5753,30.6603,337.4,2023-06-23,1211,D,0
-17.5773,30.6484,321.6,2023-06-23,1211,D,0
-17.5307,30.9486,320.5,2023-06-23,1211,D,0
-17.5756,30.6672,320.5,2023-06-23,1211,D,0
-17.5775,30.6552,332.7,2023-06-23,1211,D,0
-17.6241,30.2335,311.9,2023-06-23,1211,D,0
-17.6258,30.2222,319.1,2023-06-23,1211,D,0
-17.4918,30.9288,313.6,2023-06-23,1211,D,0
-18.1441,26.5633,315.5,2023-06-23,1211,D,0
-17.3858,31.0727,313.2,2023-06-23,1211,D,0
-17.4944,30.2739,330.7,2023-06-23,1211,D,0
-17.8264,27.9377,326.7,2023-06-23,1211,D,0
-17.8278,27.9283,313.1,2023-06-23,1211,D,0
-17.3896,30.5484,319.5,2023-06-23,1211,D,0
-17.6552,27.9745,316.9,2023-06-23,1211,D,0
-17.2151,30.0447,339.5,2023-06-23,1211,D,0
-17.2115,30.0487,324.0,2023-06-23,1211,D,0
-17.2132,30.0375,324.6,2023-06-23,1211,D,0
-17.4366,28.4533,318.0,2023-06-23,1211,D,0
-17.1312,29.7241,315.4,2023-06-23,1211,D,0
-16.887,31.1104,313.2,2023-06-23,1211,D,0
-17.2313,28.9559,319.5,2023-06-23,1211,D,0
-17.222,28.9542,316.5,2023-06-23,1211,D,0
-16.9252,30.7513,313.5,2023-06-23,1211,D,0
-16.9272,30.7392,310.3,2023-06-23,1211,D,0
-17.0592,29.5567,301.5,2023-06-23,1956,N,0
-16.2978,29.1077,300.0,2023-06-23,1956,N,0
-16.3033,29.1033,303.7,2023-06-23,1956,N,0
-16.4888,29.3476,301.0,2023-06-23,1956,N,0
-16.4867,29.3656,300.2,2023-06-23,1956,N,0
-16.8403,28.6579,307.9,2023-06-23,1956,N,0
-16.8524,28.6618,307.0,2023-06-23,1956,N,0
-16.842,28.7539,306.5,2023-06-23,1956,N,0
-16.8402,28.7707,302.6,2023-06-23,1956,N,0
-16.8376,28.6881,310.2,2023-06-24,825,D,0
-16.4857,29.3546,311.0,2023-06-24,825,D,0
-17.6818,30.1304,313.1,2023-06-24,825,D,0
-16.8787,28.6957,309.3,2023-06-24,825,D,0
-16.8356,28.6708,308.4,2023-06-24,825,D,0
-19.2969,30.6634,310.1,2023-06-24,1114,D,0
-18.941,32.4081,311.7,2023-06-24,1114,D,0
-17.6493,30.4457,312.1,2023-06-24,1114,D,0
-17.6451,30.4905,310.3,2023-06-24,1114,D,0
-17.6485,30.4541,315.2,2023-06-24,1114,D,0
-18.2008,32.4797,306.3,2023-06-24,1114,D,0
-18.1965,32.486,307.5,2023-06-24,1114,D,0
-18.9311,32.4,325.7,2023-06-24,1114,D,0
-18.9251,32.4066,320.2,2023-06-24,1114,D,0
-19.2996,30.6262,307.5,2023-06-24,1114,D,0
-17.0331,31.404,307.3,2023-06-24,1115,D,0
-17.0787,30.9951,308.5,2023-06-24,1115,D,0
-17.0224,31.411,308.4,2023-06-24,1115,D,0
-17.3079,31.4167,307.8,2023-06-24,1115,D,0
-17.4275,30.3188,313.8,2023-06-24,1115,D,0
-17.4234,30.3638,312.7,2023-06-24,1115,D,0
-17.0754,30.987,307.2,2023-06-24,1115,D,0
-17.3031,31.4119,308.5,2023-06-24,1115,D,0
-16.8535,28.7345,300.8,2023-06-24,2036,N,0
-16.8301,28.6766,305.0,2023-06-24,2036,N,0
-18.3685,26.4817,307.1,2023-06-24,2345,N,0
-16.8435,28.7372,300.3,2023-06-24,2345,N,0
-18.2049,31.4904,308.3,2023-06-25,728,D,0
-18.2075,31.5056,312.7,2023-06-25,728,D,0
-18.8117,32.2204,304.5,2023-06-25,728,D,0
-17.5588,30.6388,327.8,2023-06-25,728,D,0
-17.5467,30.6412,311.9,2023-06-25,728,D,0
-17.6725,30.3131,306.5,2023-06-25,728,D,0
-17.3091,30.8954,303.2,2023-06-25,728,D,0
-17.6711,30.3196,304.9,2023-06-25,728,D,0
-17.7269,30.8587,338.7,2023-06-25,728,D,0
-17.7239,30.8411,317.9,2023-06-25,728,D,0
-17.5621,30.657,306.8,2023-06-25,728,D,0
-20.8563,32.301,344.7,2023-06-25,729,D,0
-20.8583,32.3136,362.1,2023-06-25,729,D,0
-20.8685,32.3117,379.4,2023-06-25,729,D,0
-20.8678,32.3181,344.1,2023-06-25,729,D,0
-18.2089,31.499,322.0,2023-06-25,1156,D,0
-20.6556,30.3995,315.6,2023-06-25,1156,D,0
-20.6464,30.398,316.0,2023-06-25,1156,D,0
-19.7555,32.8609,316.3,2023-06-25,1156,D,0
-19.9935,30.7978,322.6,2023-06-25,1156,D,0
-19.9948,30.7882,356.7,2023-06-25,1156,D,0
-19.9858,30.7868,332.3,2023-06-25,1156,D,0
-20.2285,28.8438,325.2,2023-06-25,1156,D,0
-20.1568,29.3222,312.2,2023-06-25,1156,D,0
-20.1517,28.483,318.0,2023-06-25,1156,D,2
-19.5811,30.1289,313.8,2023-06-25,1156,D,0
-19.5825,30.1191,319.6,2023-06-25,1156,D,0
-19.3594,30.9265,311.7,2023-06-25,1156,D,0
-18.8122,32.2169,312.3,2023-06-25,1156,D,0
-18.7028,32.1425,325.9,2023-06-25,1156,D,0
-18.944,30.4799,317.5,2023-06-25,1156,D,0
-18.8925,30.7144,316.2,2023-06-25,1156,D,0
-18.8939,30.7049,322.1,2023-06-25,1156,D,0
-18.8849,30.7035,322.2,2023-06-25,1156,D,0
-18.8947,30.5694,323.8,2023-06-25,1156,D,0
-18.9741,29.8613,314.3,2023-06-25,1156,D,0
-18.8711,30.4139,312.4,2023-06-25,1156,D,0
-18.8725,30.4043,317.0,2023-06-25,1156,D,0
-18.7218,31.3931,326.2,2023-06-25,1156,D,0
-18.7129,31.3916,325.1,2023-06-25,1156,D,0
-18.7143,31.3822,354.0,2023-06-25,1156,D,0
-18.8261,30.4068,323.7,2023-06-25,1156,D,0
-18.8171,30.4054,339.9,2023-06-25,1156,D,0
-18.8184,30.3958,345.3,2023-06-25,1156,D,0
-18.5191,32.1385,312.9,2023-06-25,1156,D,0
-18.5263,32.0905,313.6,2023-06-25,1156,D,0
-18.5277,32.081,327.9,2023-06-25,1156,D,0
-18.5973,31.5488,315.7,2023-06-25,1156,D,0
-18.5987,31.5394,318.8,2023-06-25,1156,D,0
-18.5897,31.5379,318.2,2023-06-25,1156,D,0
-18.4932,31.8841,318.2,2023-06-25,1156,D,0
-18.7175,30.1323,313.5,2023-06-25,1156,D,0
-18.6713,30.3312,315.6,2023-06-25,1156,D,0
-18.6128,30.6809,317.5,2023-06-25,1156,D,0
-18.6141,30.6715,316.8,2023-06-25,1156,D,0
-18.4556,31.7031,309.9,2023-06-25,1156,D,0
-18.457,31.6937,316.6,2023-06-25,1156,D,0
-18.4874,31.3617,316.4,2023-06-25,1156,D,0
-18.4888,31.3524,338.2,2023-06-25,1156,D,0
-18.4783,31.3537,310.2,2023-06-25,1156,D,0
-18.3334,32.2725,317.0,2023-06-25,1156,D,0
-18.6242,30.0719,315.8,2023-06-25,1156,D,0
-18.5439,30.3828,358.3,2023-06-25,1156,D,0
-18.5336,30.3909,328.8,2023-06-25,1156,D,0
-18.5349,30.3814,337.4,2023-06-25,1156,D,0
-18.5363,30.3719,330.8,2023-06-25,1156,D,0
-18.526,30.384,313.7,2023-06-25,1156,D,0
-18.5273,30.3745,324.2,2023-06-25,1156,D,0
-18.2935,31.6159,338.5,2023-06-25,1156,D,0
-18.2949,31.6065,363.1,2023-06-25,1156,D,0
-18.2963,31.597,336.0,2023-06-25,1156,D,0
-18.2977,31.5876,315.2,2023-06-25,1156,D,0
-18.1879,31.078,315.5,2023-06-25,1156,D,0
-18.2674,30.4571,315.7,2023-06-25,1156,D,0
-18.1348,31.1202,313.9,2023-06-25,1156,D,0
-18.2234,30.308,339.9,2023-06-25,1156,D,0
-18.2248,30.2985,317.6,2023-06-25,1156,D,0
-18.1082,30.9247,321.2,2023-06-25,1156,D,0
-18.1096,30.9153,339.4,2023-06-25,1156,D,0
-18.0993,30.9233,322.1,2023-06-25,1156,D,0
-17.9635,31.3548,321.7,2023-06-25,1156,D,0
-17.9649,31.3454,316.3,2023-06-25,1156,D,0
-18.1035,30.3804,315.9,2023-06-25,1156,D,0
-18.1689,29.9121,332.7,2023-06-25,1156,D,0
-18.1702,29.9025,321.0,2023-06-25,1156,D,0
-18.0945,30.379,317.4,2023-06-25,1156,D,0
-18.0958,30.3695,327.6,2023-06-25,1156,D,0
-18.0868,30.3681,380.6,2023-06-25,1156,D,0
-18.0882,30.3587,347.4,2023-06-25,1156,D,0
-17.7625,32.0221,316.1,2023-06-25,1156,D,0
-17.9171,30.9105,340.8,2023-06-25,1156,D,0
-17.9185,30.9012,316.5,2023-06-25,1156,D,0
-17.8272,31.2151,312.4,2023-06-25,1156,D,0
-17.824,30.9855,316.6,2023-06-25,1156,D,2
-18.015,29.6274,319.0,2023-06-25,1156,D,0
-18.0163,29.6175,325.5,2023-06-25,1156,D,0
-17.8151,30.984,318.1,2023-06-25,1156,D,0
-17.7351,31.4686,321.7,2023-06-25,1156,D,0
-17.7248,31.4699,319.3,2023-06-25,1156,D,0
-17.9275,29.9937,320.9,2023-06-25,1156,D,0
-17.9289,29.9841,314.2,2023-06-25,1156,D,0
-18.3716,26.4749,318.5,2023-06-25,1156,D,0
-17.7482,30.9953,313.7,2023-06-25,1156,D,0
-17.7393,30.9939,321.4,2023-06-25,1156,D,0
-17.7236,31.0391,314.3,2023-06-25,1156,D,0
-17.6545,31.4488,313.5,2023-06-25,1156,D,0
-17.7313,30.8591,315.4,2023-06-25,1156,D,0
-17.7327,30.8498,321.3,2023-06-25,1156,D,0
-17.6613,31.0902,317.0,2023-06-25,1156,D,0
-17.6626,31.0808,318.0,2023-06-25,1156,D,0
-17.695,30.8571,314.0,2023-06-25,1156,D,0
-17.6933,30.2853,323.6,2023-06-25,1156,D,0
-17.6713,30.3108,313.4,2023-06-25,1156,D,0
-17.6706,30.1852,324.4,2023-06-25,1156,D,0
-17.5237,31.1473,330.2,2023-06-25,1156,D,0
-17.4874,31.1454,314.3,2023-06-25,1156,D,0
-17.5574,30.6608,317.6,2023-06-25,1156,D,0
-17.5615,30.6328,322.5,2023-06-25,1156,D,0
-17.5628,30.6235,315.3,2023-06-25,1156,D,0
-17.5867,30.2629,331.8,2023-06-25,1156,D,0
-17.588,30.2535,335.6,2023-06-25,1156,D,0
-17.8983,27.8883,312.2,2023-06-25,1156,D,0
-17.3862,31.1416,312.3,2023-06-25,1156,D,0
-17.3772,31.1402,312.7,2023-06-25,1156,D,0
-17.3348,31.3053,322.5,2023-06-25,1156,D,0
-17.4157,30.3009,334.3,2023-06-25,1156,D,0
-17.417,30.2915,319.3,2023-06-25,1156,D,0
-17.3122,30.8954,318.8,2023-06-25,1156,D,0
-17.3135,30.8861,317.2,2023-06-25,1156,D,0
-17.3149,30.8768,339.1,2023-06-25,1156,D,0
-17.4217,30.1285,333.0,2023-06-25,1156,D,0
-17.4127,30.1271,324.8,2023-06-25,1156,D,0
-17.1504,31.869,327.6,2023-06-25,1156,D,0
-17.4708,29.5078,314.4,2023-06-25,1156,D,0
-17.2731,30.778,333.2,2023-06-25,1156,D,0
-17.2744,30.7688,329.0,2023-06-25,1156,D,0
-17.0975,30.7189,317.6,2023-06-25,1156,D,0
-16.7521,31.3852,312.5,2023-06-25,1157,D,0
-17.1798,28.2464,320.5,2023-06-25,1157,D,0
-16.7023,31.2277,319.6,2023-06-25,1157,D,0
-16.9567,29.3741,331.0,2023-06-25,1157,D,0
-16.8267,31.9936,334.6,2023-06-25,1157,D,0
-16.9476,29.3727,319.8,2023-06-25,1157,D,0
-17.0074,28.8615,334.3,2023-06-25,1157,D,0
-17.0088,28.8512,325.4,2023-06-25,1157,D,0
-16.7139,29.9316,315.6,2023-06-25,1157,D,0
-16.8252,32.0032,320.9,2023-06-25,1157,D,0
-16.8567,28.8998,320.7,2023-06-25,1157,D,0
-16.8614,28.7239,316.6,2023-06-25,1157,D,0
-16.8374,28.6888,321.5,2023-06-25,1157,D,0
-16.5957,30.2418,314.7,2023-06-25,1157,D,0
-16.6799,29.5803,312.6,2023-06-25,1157,D,0
-16.4136,29.9048,321.1,2023-06-25,1157,D,0
-16.4015,29.4021,329.4,2023-06-25,1157,D,0
-16.3924,29.4008,321.7,2023-06-25,1157,D,0
-16.3938,29.3911,325.7,2023-06-25,1157,D,0
-16.4341,28.8365,319.0,2023-06-25,1157,D,0
-16.9888,30.8384,318.8,2023-06-25,1157,D,0
-17.2337,28.431,314.0,2023-06-25,1157,D,0
-16.8218,31.2239,310.3,2023-06-25,1157,D,0
-17.1784,28.2573,315.0,2023-06-25,1157,D,0
-17.0155,30.0056,313.6,2023-06-25,1157,D,0
-17.0168,29.9961,331.8,2023-06-25,1157,D,0
-16.8281,31.984,341.2,2023-06-25,1157,D,0
-16.5612,29.5273,307.9,2023-06-26,808,D,0
-16.5895,29.3473,311.1,2023-06-26,808,D,0
-16.5909,29.3583,307.9,2023-06-26,808,D,0
-16.6814,29.5792,307.9,2023-06-26,808,D,0
-18.7074,26.6954,308.5,2023-06-26,809,D,0
-19.3216,30.2031,321.4,2023-06-26,809,D,0
-19.3306,30.1879,310.9,2023-06-26,809,D,0
-19.3323,30.2017,341.0,2023-06-26,809,D,0
-19.5115,29.9065,309.3,2023-06-26,809,D,0
-20.1333,28.6968,309.9,2023-06-26,809,D,0
-18.3729,26.4786,321.1,2023-06-26,809,D,0
-17.2103,31.8368,307.8,2023-06-26,809,D,0
-17.098,30.7508,307.3,2023-06-26,809,D,0
-17.0998,30.7647,319.2,2023-06-26,809,D,0
-16.8458,28.7315,316.1,2023-06-26,809,D,0
-16.8727,28.7167,310.5,2023-06-26,809,D,0
-17.223,30.7225,306.3,2023-06-26,809,D,0
-17.3638,30.5556,307.1,2023-06-26,809,D,0
-17.3654,30.5689,312.4,2023-06-26,809,D,0
-17.5188,30.4608,320.6,2023-06-26,809,D,0
-17.5394,30.622,319.0,2023-06-26,809,D,0
-17.534,30.63,311.9,2023-06-26,809,D,0
-17.5251,30.4669,321.9,2023-06-26,809,D,0
-17.5211,30.3468,306.6,2023-06-26,809,D,0
-17.7718,30.8135,309.5,2023-06-26,809,D,0
-17.936,30.7513,323.4,2023-06-26,809,D,0
-17.9377,30.7655,305.1,2023-06-26,809,D,0
-18.0992,30.4099,311.2,2023-06-26,809,D,0
-18.1718,30.9139,336.8,2023-06-26,809,D,0
-18.1735,30.9286,320.2,2023-06-26,809,D,0
-18.1828,30.9126,377.8,2023-06-26,809,D,0
-18.1846,30.9272,328.5,2023-06-26,809,D,0
-18.2751,30.2656,306.9,2023-06-26,809,D,0
-18.3074,30.4393,355.1,2023-06-26,809,D,0
-18.3091,30.453,310.7,2023-06-26,809,D,0
-18.2883,29.8903,316.2,2023-06-26,809,D,0
-18.8546,32.5385,304.4,2023-06-26,809,D,0
-18.8569,32.5581,331.7,2023-06-26,809,D,0
-18.8573,32.5513,329.7,2023-06-26,809,D,0
-18.8594,32.5711,307.2,2023-06-26,809,D,0
-18.9271,30.5419,313.0,2023-06-26,809,D,0
-20.0152,30.7555,311.0,2023-06-26,1237,D,0
-16.5848,29.3258,310.4,2023-06-26,1238,D,0
-17.5399,30.6129,309.6,2023-06-26,1238,D,0
-17.5955,30.2516,311.1,2023-06-26,1238,D,0
-17.6024,30.217,311.0,2023-06-26,1238,D,0
-17.5879,30.2425,314.0,2023-06-26,1238,D,0
-17.3654,30.565,316.8,2023-06-26,1238,D,0
-17.3839,30.3036,310.0,2023-06-26,1238,D,0
-17.3601,30.5563,314.7,2023-06-26,1238,D,0
-17.3932,30.2978,309.0,2023-06-26,1238,D,0
-20.0608,28.5032,312.1,2023-06-26,1238,D,0
-20.055,28.497,312.2,2023-06-26,1238,D,0
-19.0341,30.3522,312.8,2023-06-26,1238,D,0
-19.0404,30.346,314.7,2023-06-26,1238,D,0
-18.2253,31.6707,312.7,2023-06-26,1238,D,0
-18.2164,31.7049,309.2,2023-06-26,1238,D,0
-18.2251,31.6624,310.1,2023-06-26,1238,D,0
-18.3016,29.8605,312.2,2023-06-26,1238,D,0
-18.3019,29.8889,312.2,2023-06-26,1238,D,0
-18.1304,30.5938,311.6,2023-06-26,1238,D,0
-17.8063,30.4575,310.7,2023-06-26,1238,D,0
-19.6533,29.5644,308.2,2023-06-26,2019,N,0
-20.544,29.4457,302.0,2023-06-26,2019,N,0
-18.3703,26.4776,306.1,2023-06-26,2020,N,0
-16.8357,28.722,311.7,2023-06-26,2020,N,0
-18.0156,30.1844,300.1,2023-06-26,2020,N,0
-16.8383,28.7036,303.5,2023-06-26,2020,N,0
-16.837,28.7128,307.0,2023-06-26,2020,N,0
-18.0065,30.1829,308.5,2023-06-26,2020,N,0
-20.8583,32.305,346.1,2023-06-27,712,D,0
-17.2992,30.5227,305.6,2023-06-27,712,D,0
-17.3068,30.561,314.8,2023-06-27,712,D,0
-17.2936,30.5564,315.7,2023-06-27,712,D,0
-20.8629,32.3292,306.0,2023-06-27,712,D,0
-19.9961,32.6659,326.6,2023-06-27,1141,D,0
-19.9976,32.6551,337.6,2023-06-27,1141,D,0
-19.9368,32.7189,308.6,2023-06-27,1141,D,0
-20.1507,30.8036,316.4,2023-06-27,1141,D,0
-19.8396,32.8278,334.8,2023-06-27,1141,D,0
-19.8411,32.8169,308.1,2023-06-27,1141,D,0
-19.9939,30.7701,312.8,2023-06-27,1141,D,0
-19.6856,29.9214,327.8,2023-06-27,1142,D,0
-19.6875,29.9054,329.1,2023-06-27,1142,D,0
-19.4043,30.3595,321.1,2023-06-27,1142,D,0
-19.4061,30.3449,311.9,2023-06-27,1142,D,0
-18.9241,32.5972,308.1,2023-06-27,1142,D,0
-19.2987,29.628,320.8,2023-06-27,1142,D,0
-19.3006,29.6115,317.5,2023-06-27,1142,D,0
-19.289,29.61,314.6,2023-06-27,1142,D,0
-18.7546,32.8247,310.2,2023-06-27,1142,D,0
-18.6609,32.9066,323.7,2023-06-27,1142,D,0
-18.9814,30.1879,313.2,2023-06-27,1142,D,0
-18.9832,30.1731,344.2,2023-06-27,1142,D,0
-18.9811,30.1828,332.6,2023-06-27,1142,D,0
-18.9829,30.168,331.5,2023-06-27,1142,D,0
-18.7132,31.4879,321.0,2023-06-27,1142,D,0
-18.7147,31.4759,312.6,2023-06-27,1142,D,0
-18.8236,30.5331,311.4,2023-06-27,1142,D,0
-18.8129,30.5316,312.7,2023-06-27,1142,D,0
-18.6233,31.6331,314.6,2023-06-27,1142,D,0
-18.6242,31.6277,312.0,2023-06-27,1142,D,0
-18.4987,31.2479,312.4,2023-06-27,1142,D,0
-18.5882,30.5171,312.2,2023-06-27,1142,D,0
-18.5836,30.525,311.2,2023-06-27,1142,D,0
-18.5975,30.3277,314.8,2023-06-27,1142,D,0
-18.5884,30.312,316.2,2023-06-27,1142,D,0
-18.5901,30.2978,312.2,2023-06-27,1142,D,0
-18.3408,31.5331,313.0,2023-06-27,1142,D,0
-18.3423,31.5213,323.2,2023-06-27,1142,D,0
-18.1625,32.7991,307.8,2023-06-27,1142,D,0
-18.1791,31.5295,318.4,2023-06-27,1142,D,0
-18.1776,31.5346,315.8,2023-06-27,1142,D,0
-17.9867,32.8115,317.3,2023-06-27,1142,D,0
-18.0844,31.3952,317.5,2023-06-27,1142,D,0
-18.105,31.0747,311.9,2023-06-27,1142,D,0
-18.2064,29.8946,328.7,2023-06-27,1142,D,0
-18.2043,29.9028,318.7,2023-06-27,1142,D,0
-18.2061,29.8877,322.8,2023-06-27,1142,D,0
-18.0183,31.1945,323.6,2023-06-27,1142,D,0
-18.0043,30.9775,317.9,2023-06-27,1142,D,0
-18.0059,30.9649,321.4,2023-06-27,1142,D,0
-17.9118,31.6255,323.3,2023-06-27,1142,D,0
-18.0589,30.4505,320.0,2023-06-27,1142,D,0
-17.9041,30.4874,352.8,2023-06-27,1142,D,0
-17.9058,30.4738,320.9,2023-06-27,1142,D,0
-17.8109,30.3302,312.0,2023-06-27,1142,D,0
-17.6,31.5906,312.8,2023-06-27,1142,D,0
-17.6014,31.5795,317.0,2023-06-27,1142,D,0
-17.5846,30.5078,327.8,2023-06-27,1142,D,0
-17.5673,30.5125,316.1,2023-06-27,1142,D,0
-17.3849,31.2941,314.6,2023-06-27,1142,D,0
-17.3088,31.565,317.4,2023-06-27,1142,D,0
-17.3231,30.5731,313.4,2023-06-27,1142,D,0
-17.3144,30.3832,333.2,2023-06-27,1142,D,0
-17.316,30.3697,325.7,2023-06-27,1142,D,0
-17.3106,30.3773,345.9,2023-06-27,1142,D,0
-17.2983,30.3893,317.8,2023-06-27,1142,D,0
-17.2877,30.3878,316.5,2023-06-27,1142,D,0
-17.4905,28.4166,322.9,2023-06-27,1142,D,0
-17.1488,30.8365,319.5,2023-06-27,1142,D,0
-17.2225,30.2617,328.5,2023-06-27,1142,D,0
-17.2162,30.0499,319.0,2023-06-27,1142,D,0
-17.2179,30.0359,313.5,2023-06-27,1142,D,0
-17.2511,29.5777,320.3,2023-06-27,1142,D,0
-16.9006,31.0989,320.8,2023-06-27,1142,D,0
-16.9021,31.0871,316.4,2023-06-27,1142,D,0
-16.9357,30.7434,313.4,2023-06-27,1142,D,0
-16.9763,30.4204,320.1,2023-06-27,1142,D,0
-16.7855,31.3613,318.1,2023-06-27,1142,D,0
-16.787,31.3499,315.9,2023-06-27,1142,D,0
-16.7885,31.3384,321.1,2023-06-27,1142,D,0
-16.885,30.5082,314.1,2023-06-27,1142,D,0
-16.8662,28.7162,311.4,2023-06-27,1142,D,0
-16.5951,30.1625,311.5,2023-06-27,1142,D,0
-16.5969,30.149,328.2,2023-06-27,1142,D,0
-16.9514,30.3161,304.8,2023-06-28,752,D,0
-17.1211,31.362,306.2,2023-06-28,752,D,0
-17.0763,30.1607,307.8,2023-06-28,752,D,0
-17.0238,29.7475,306.5,2023-06-28,752,D,0
-17.0252,29.7569,305.7,2023-06-28,752,D,0
-17.1763,29.5357,311.1,2023-06-28,752,D,0
-17.1867,29.5438,311.9,2023-06-28,752,D,0
-17.5836,30.4779,309.6,2023-06-28,752,D,0
-17.6122,30.5494,319.4,2023-06-28,752,D,0
-17.6954,30.9355,311.2,2023-06-28,752,D,0
-17.7043,30.9342,308.5,2023-06-28,752,D,0
-17.7619,29.1408,307.7,2023-06-28,752,D,0
-18.1611,31.6238,305.4,2023-06-28,752,D,0
-18.0329,30.6589,305.3,2023-06-28,752,D,0
-18.2984,30.3261,313.0,2023-06-28,752,D,0
-18.2997,30.3354,309.3,2023-06-28,752,D,0
-18.5077,31.5379,310.0,2023-06-28,752,D,0
-19.8425,30.8241,307.7,2023-06-28,753,D,0
-18.374,26.4778,313.6,2023-06-28,753,D,0
-19.4165,30.3536,322.5,2023-06-28,753,D,0
-19.4254,30.3522,309.3,2023-06-28,753,D,0
-19.8438,30.8337,315.9,2023-06-28,753,D,0
-19.7333,29.1903,305.7,2023-06-28,753,D,0
-20.0717,28.8067,306.7,2023-06-28,753,D,0
-20.3944,28.6836,306.0,2023-06-28,753,D,0
-21.3778,30.6897,311.7,2023-06-28,753,D,0
-19.6262,29.9159,321.9,2023-06-28,1223,D,0
-18.8992,32.5741,307.1,2023-06-28,1223,D,0
-19.719,29.1791,327.0,2023-06-28,1223,D,0
-21.3813,30.6786,312.6,2023-06-28,1223,D,0
-21.0896,29.5388,313.8,2023-06-28,1223,D,0
-21.0881,29.5315,314.1,2023-06-28,1223,D,0
-20.4045,28.693,321.3,2023-06-28,1223,D,0
-20.3981,28.6999,313.4,2023-06-28,1223,D,0
-20.4004,28.6864,317.8,2023-06-28,1223,D,0
-20.3614,28.4098,314.9,2023-06-28,1223,D,0
-20.3636,28.3971,315.4,2023-06-28,1223,D,0
-20.3646,28.4037,320.4,2023-06-28,1223,D,0
-20.2667,28.3143,317.9,2023-06-28,1223,D,0
-19.6234,29.9324,314.3,2023-06-28,1223,D,0
-18.7704,30.9464,315.8,2023-06-28,1224,D,0
-18.8047,30.1095,315.7,2023-06-28,1224,D,0
-18.7927,30.1072,314.4,2023-06-28,1224,D,0
-18.2554,30.805,313.9,2023-06-28,1224,D,0
-18.3751,29.9924,311.3,2023-06-28,1224,D,0
-18.4176,29.6837,320.7,2023-06-28,1224,D,0
-18.1302,31.1234,319.9,2023-06-28,1224,D,0
-18.1345,31.1191,311.7,2023-06-28,1224,D,0
-18.1139,30.7914,318.9,2023-06-28,1224,D,0
-18.1106,30.8046,314.1,2023-06-28,1224,D,0
-18.1142,30.7843,312.4,2023-06-28,1224,D,0
-17.8848,29.8417,312.8,2023-06-28,1224,D,0
-17.5827,31.0875,312.4,2023-06-28,1224,D,0
-17.5867,31.0659,336.7,2023-06-28,1224,D,0
-17.6607,30.6671,312.8,2023-06-28,1224,D,0
-17.6644,30.6471,328.3,2023-06-28,1224,D,0
-17.5878,31.0837,318.5,2023-06-28,1224,D,0
-17.5917,31.0618,328.3,2023-06-28,1224,D,0
-17.6626,30.6626,320.8,2023-06-28,1224,D,0
-17.6662,30.6426,322.4,2023-06-28,1224,D,0
-17.5785,31.0594,312.2,2023-06-28,1224,D,0
-17.5895,30.7749,312.3,2023-06-28,1224,D,0
-17.5683,30.6018,315.0,2023-06-28,1224,D,0
-17.5684,30.5939,313.9,2023-06-28,1224,D,0
-17.6347,30.0744,311.1,2023-06-28,1224,D,0
-17.6379,30.0562,318.6,2023-06-28,1224,D,0
-17.2848,31.5846,309.7,2023-06-28,1224,D,0
-17.299,31.1296,317.5,2023-06-28,1224,D,0
-17.3033,31.1227,314.5,2023-06-28,1224,D,0
-17.9519,26.1713,317.2,2023-06-28,1224,D,0
-17.3828,28.4518,314.5,2023-06-28,1224,D,0
-16.9726,30.7581,310.3,2023-06-28,1224,D,0
-17.1884,29.5312,316.0,2023-06-28,1224,D,0
-17.0862,29.5938,326.7,2023-06-28,1224,D,0
-16.9678,29.5278,330.8,2023-06-28,1224,D,0
-16.5829,28.9643,316.4,2023-06-28,1224,D,0
-15.9022,30.332,316.5,2023-06-28,1224,D,0
-15.8922,30.3249,320.3,2023-06-28,1224,D,0
-18.7322,32.8722,322.3,2023-06-28,1224,D,0
-18.7339,32.8666,320.1,2023-06-28,1224,D,0
-18.8162,31.406,311.7,2023-06-28,1224,D,0
-18.808,31.3994,311.5,2023-06-28,1224,D,0
-18.7831,30.949,317.1,2023-06-28,1224,D,0
-16.8478,28.7118,312.0,2023-06-28,2004,N,0
-16.8493,28.6992,300.4,2023-06-28,2004,N,0
-16.843,28.7048,304.2,2023-06-28,2004,N,0
-16.8474,28.8048,310.8,2023-06-28,2004,N,0
-19.58,29.6555,305.2,2023-06-28,2317,N,0
-19.3997,30.355,310.6,2023-06-29,833,D,0
-16.8444,29.5119,311.2,2023-06-29,833,D,0
-17.1725,29.6517,307.5,2023-06-29,833,D,0
-17.166,29.6456,306.1,2023-06-29,833,D,0
-17.7546,27.6959,313.6,2023-06-29,833,D,0
-19.4025,30.3478,306.0,2023-06-29,833,D,0
-19.5972,29.6582,313.9,2023-06-29,834,D,0
-19.5901,29.6639,315.1,2023-06-29,834,D,0
-19.6032,29.662,325.4,2023-06-29,1127,D,0
-19.365,29.6503,318.9,2023-06-29,1127,D,0
-19.3844,31.056,318.5,2023-06-29,1127,D,0
-19.3989,30.3638,312.7,2023-06-29,1127,D,0
-19.3965,30.3565,315.5,2023-06-29,1127,D,0
-19.3285,30.0058,312.2,2023-06-29,1127,D,0
-19.3617,29.6546,317.3,2023-06-29,1127,D,0
-19.8331,33.0083,327.6,2023-06-29,1127,D,0
-19.8366,33.0203,315.5,2023-06-29,1127,D,0
-19.8247,33.0187,332.7,2023-06-29,1127,D,0
-19.8269,33.0,308.3,2023-06-29,1127,D,0
-19.7708,32.8545,324.1,2023-06-29,1127,D,0
-20.1807,28.3534,310.7,2023-06-29,1127,D,0
-19.7663,32.8486,326.1,2023-06-29,1127,D,0
-20.1774,28.3489,310.5,2023-06-29,1127,D,0
-19.6158,29.6708,330.7,2023-06-29,1127,D,0
-19.6185,29.6637,323.4,2023-06-29,1127,D,0
-18.992,32.0209,317.2,2023-06-29,1127,D,0
-19.1148,31.4956,314.0,2023-06-29,1127,D,0
-18.9799,31.3137,315.5,2023-06-29,1127,D,0
-18.9824,31.2909,319.4,2023-06-29,1127,D,0
-18.8625,32.1418,326.5,2023-06-29,1127,D,0
-18.8751,32.1431,323.7,2023-06-29,1127,D,0
-19.128,31.4973,313.0,2023-06-29,1127,D,0
-17.3212,30.0412,319.6,2023-06-29,1128,D,0
-18.7224,32.8875,311.7,2023-06-29,1128,D,0
-18.7486,31.4228,314.7,2023-06-29,1128,D,0
-18.4467,31.9032,332.9,2023-06-29,1128,D,0
-18.449,31.8829,314.5,2023-06-29,1128,D,0
-18.3747,31.6215,312.7,2023-06-29,1128,D,0
-18.4524,30.8316,312.6,2023-06-29,1128,D,0
-18.1373,32.8045,316.8,2023-06-29,1128,D,0
-18.1393,32.7873,310.5,2023-06-29,1128,D,0
-18.2813,30.8058,313.6,2023-06-29,1128,D,0
-18.1773,31.5244,319.4,2023-06-29,1128,D,0
-18.2746,30.7982,312.1,2023-06-29,1128,D,0
-18.1789,31.5178,319.3,2023-06-29,1128,D,0
-18.1747,31.3212,326.1,2023-06-29,1128,D,0
-18.1912,30.3857,320.2,2023-06-29,1128,D,0
-18.1881,30.3804,318.6,2023-06-29,1128,D,0
-18.2046,30.0886,315.9,2023-06-29,1128,D,0
-18.0012,30.162,312.4,2023-06-29,1128,D,0
-17.8776,30.7287,317.5,2023-06-29,1128,D,0
-17.935,30.0653,316.1,2023-06-29,1128,D,0
-17.9379,30.038,316.7,2023-06-29,1128,D,0
-17.5262,30.9532,330.8,2023-06-29,1128,D,0
-17.5286,30.9686,319.7,2023-06-29,1128,D,0
-17.5311,30.9468,323.0,2023-06-29,1128,D,0
-17.5289,30.3402,313.5,2023-06-29,1128,D,0
-17.7982,27.6627,309.6,2023-06-29,1128,D,0
-17.7966,27.6583,309.4,2023-06-29,1128,D,0
-17.2986,31.3726,311.3,2023-06-29,1128,D,0
-17.3001,31.3657,312.0,2023-06-29,1128,D,0
-17.3025,30.223,310.9,2023-06-29,1128,D,0
-17.3164,30.0628,316.4,2023-06-29,1128,D,0
-17.215,29.6007,320.6,2023-06-29,1128,D,0
-17.2179,29.5723,314.2,2023-06-29,1128,D,0
-17.1067,30.3664,317.5,2023-06-29,1128,D,0
-17.1093,30.3409,318.1,2023-06-29,1128,D,0
-17.216,29.5961,323.7,2023-06-29,1128,D,0
-17.1163,30.3627,311.2,2023-06-29,1128,D,0
-17.1023,30.3607,316.6,2023-06-29,1128,D,0
-17.18,29.6502,316.3,2023-06-29,1128,D,0
-17.0316,29.7676,311.5,2023-06-29,1128,D,0
-17.0312,29.7627,313.4,2023-06-29,1128,D,0
-16.86,30.7794,320.0,2023-06-29,1128,D,0
-16.8626,30.7565,325.9,2023-06-29,1128,D,0
-16.9248,29.496,317.9,2023-06-29,1128,D,0
-16.9252,29.489,318.9,2023-06-29,1128,D,0
-16.4886,31.9889,317.2,2023-06-29,1128,D,0
-16.4847,31.9816,316.5,2023-06-29,1128,D,0
-16.5583,29.5447,317.3,2023-06-29,1128,D,0
-16.5611,29.5168,317.6,2023-06-29,1128,D,0
-16.5579,29.5381,323.7,2023-06-29,1128,D,0
-16.561,29.51,311.1,2023-06-29,1128,D,0
-16.8391,28.8003,306.8,2023-06-29,2358,N,0
-17.2185,31.5462,307.9,2023-06-30,736,D,0
-16.8483,28.9662,309.4,2023-06-30,736,D,0
-16.8322,28.802,310.4,2023-06-30,736,D,0
-16.8355,28.821,308.6,2023-06-30,736,D,0
-17.4917,30.0956,312.5,2023-06-30,736,D,0
-17.4942,30.1099,310.7,2023-06-30,736,D,0
-17.6824,30.8734,312.6,2023-06-30,736,D,0
-17.6845,30.886,323.6,2023-06-30,736,D,0
-17.9754,30.9054,310.0,2023-06-30,736,D,0
-17.7619,27.7201,313.6,2023-06-30,736,D,0
-17.7658,27.7417,310.1,2023-06-30,736,D,0
-17.763,27.7351,312.7,2023-06-30,736,D,0
-18.1691,29.8002,307.3,2023-06-30,736,D,0
-19.3183,30.6472,307.4,2023-06-30,736,D,0
-20.271,32.3658,306.4,2023-06-30,736,D,0
-20.7701,31.8942,309.3,2023-06-30,737,D,0
-20.7718,31.9046,315.7,2023-06-30,737,D,0
-21.3072,30.6321,313.6,2023-06-30,737,D,0
-21.3091,30.6438,306.8,2023-06-30,737,D,0
-18.4902,31.0834,324.5,2023-06-30,1209,D,0
-18.4919,31.0781,324.0,2023-06-30,1209,D,0
-20.3486,30.0989,313.7,2023-06-30,1209,D,0
-19.8649,32.7753,311.9,2023-06-30,1209,D,0
-19.7982,32.8926,318.3,2023-06-30,1209,D,0
-20.0042,30.783,318.8,2023-06-30,1209,D,0
-19.9958,30.4037,310.2,2023-06-30,1209,D,0
-20.2251,28.5366,316.3,2023-06-30,1209,D,0
-20.1608,28.6622,317.3,2023-06-30,1209,D,0
-20.1622,28.6527,315.0,2023-06-30,1209,D,0
-19.6816,29.8887,317.1,2023-06-30,1209,D,0
-19.7982,29.0569,317.3,2023-06-30,1209,D,0
-19.7996,29.0473,342.4,2023-06-30,1209,D,0
-19.7251,29.1734,318.6,2023-06-30,1209,D,0
-18.9136,32.6,310.4,2023-06-30,1209,D,0
-19.331,29.647,320.3,2023-06-30,1209,D,0
-18.8554,32.3309,325.7,2023-06-30,1209,D,0
-18.8579,32.3166,336.6,2023-06-30,1209,D,0
-18.8447,32.3287,317.5,2023-06-30,1209,D,0
-18.8471,32.3145,327.7,2023-06-30,1209,D,0
-19.1415,30.5475,322.4,2023-06-30,1209,D,0
-18.7245,32.8934,335.1,2023-06-30,1209,D,0
-18.7273,32.8773,348.7,2023-06-30,1209,D,0
-18.7132,32.8917,339.6,2023-06-30,1209,D,0
-18.716,32.8751,348.8,2023-06-30,1209,D,0
-18.9928,31.0245,313.0,2023-06-30,1209,D,0
-19.1105,30.1075,320.9,2023-06-30,1209,D,0
-19.1121,30.0971,320.2,2023-06-30,1209,D,0
-18.9944,29.9787,315.4,2023-06-30,1209,D,0
-18.6921,31.4201,317.3,2023-06-30,1209,D,0
-18.6799,31.4306,319.6,2023-06-30,1209,D,0
-18.5176,31.6678,310.1,2023-06-30,1209,D,0
-18.8386,29.3112,319.1,2023-06-30,1209,D,0
-17.8517,29.4909,316.8,2023-06-30,1210,D,0
-18.2342,31.7013,322.9,2023-06-30,1210,D,0
-18.3751,30.8458,328.5,2023-06-30,1210,D,0
-18.377,30.8342,319.1,2023-06-30,1210,D,0
-18.3652,30.844,315.8,2023-06-30,1210,D,0
-18.3671,30.8325,317.9,2023-06-30,1210,D,0
-18.2313,31.5281,311.9,2023-06-30,1210,D,0
-18.5603,29.2661,322.2,2023-06-30,1210,D,0
-18.1537,31.5083,337.3,2023-06-30,1210,D,0
-18.4158,29.7289,318.3,2023-06-30,1210,D,0
-18.4174,29.7187,320.0,2023-06-30,1210,D,0
-18.0583,31.7786,331.0,2023-06-30,1210,D,0
-18.1458,31.0574,315.6,2023-06-30,1210,D,0
-18.0813,31.3844,315.6,2023-06-30,1210,D,0
-18.0834,31.3719,401.9,2023-06-30,1210,D,0
-18.0854,31.3595,366.1,2023-06-30,1210,D,0
-18.3051,30.0075,315.6,2023-06-30,1210,D,0
-18.0771,31.3653,344.6,2023-06-30,1210,D,0
-18.1798,30.4675,342.4,2023-06-30,1210,D,0
-18.1022,30.8262,312.1,2023-06-30,1210,D,0
-18.1041,30.8146,318.1,2023-06-30,1210,D,0
-18.1537,30.2312,318.9,2023-06-30,1210,D,0
-18.0601,29.8717,319.4,2023-06-30,1210,D,0
-17.9952,30.2201,320.2,2023-06-30,1210,D,0
-17.8058,30.7538,312.0,2023-06-30,1210,D,0
-18.3756,26.4719,321.2,2023-06-30,1210,D,0
-17.8408,29.4994,317.5,2023-06-30,1210,D,0
-17.8424,29.4893,326.8,2023-06-30,1210,D,0
-17.7019,30.1768,316.0,2023-06-30,1210,D,0
-17.7036,30.1661,333.2,2023-06-30,1210,D,0
-18.2575,26.4016,328.6,2023-06-30,1210,D,0
-18.247,26.4101,322.6,2023-06-30,1210,D,0
-18.2484,26.4003,333.3,2023-06-30,1210,D,0
-17.607,30.6528,315.6,2023-06-30,1210,D,0
-17.6088,30.6413,324.5,2023-06-30,1210,D,0
-17.6463,30.2793,350.3,2023-06-30,1210,D,0
-17.6481,30.2684,352.7,2023-06-30,1210,D,0
-17.5157,30.3289,347.1,2023-06-30,1210,D,0
-17.5174,30.3179,376.3,2023-06-30,1210,D,0
-17.3679,31.1691,327.1,2023-06-30,1210,D,0
-17.3698,31.1766,314.0,2023-06-30,1210,D,0
-17.3718,31.164,320.7,2023-06-30,1210,D,0
-17.2794,31.3421,315.9,2023-06-30,1210,D,0
-17.2815,31.3291,316.8,2023-06-30,1210,D,0
-17.3919,30.5908,314.4,2023-06-30,1210,D,0
-17.7539,27.6816,318.1,2023-06-30,1210,D,0
-17.7436,27.6895,319.4,2023-06-30,1210,D,0
-17.3591,30.1542,342.2,2023-06-30,1210,D,0
-17.3608,30.1432,339.2,2023-06-30,1210,D,0
-17.3495,30.1524,319.0,2023-06-30,1210,D,0
-17.3512,30.1414,318.9,2023-06-30,1210,D,0
-17.9459,26.1136,326.7,2023-06-30,1210,D,0
-17.9472,26.1036,326.0,2023-06-30,1210,D,0
-17.9401,26.1072,321.5,2023-06-30,1210,D,0
-17.3365,30.1553,326.3,2023-06-30,1210,D,0
-17.3382,30.1444,315.9,2023-06-30,1210,D,0
-17.1823,30.0443,325.3,2023-06-30,1210,D,0
-17.184,30.0335,323.4,2023-06-30,1210,D,0
-17.1802,30.0383,327.9,2023-06-30,1210,D,0
-16.8298,31.9577,312.9,2023-06-30,1210,D,0
-16.8321,31.9435,317.1,2023-06-30,1210,D,0
-17.0056,30.76,312.6,2023-06-30,1210,D,0
-17.021,29.96,317.0,2023-06-30,1210,D,0
-17.2138,28.2926,317.7,2023-06-30,1210,D,0
-17.2152,28.2832,318.6,2023-06-30,1210,D,0
-17.0115,29.5002,322.8,2023-06-30,1210,D,0
-17.0131,29.49,316.0,2023-06-30,1210,D,0
-17.0021,29.4986,346.0,2023-06-30,1210,D,0
-17.0037,29.4884,332.9,2023-06-30,1210,D,0
-16.8549,28.9625,318.4,2023-06-30,1210,D,0
-16.667,30.0521,328.4,2023-06-30,1210,D,0
-16.6688,30.0411,368.2,2023-06-30,1210,D,0
-16.6705,30.0301,313.9,2023-06-30,1210,D,0
-16.6591,30.0394,335.1,2023-06-30,1210,D,0
-16.6609,30.0284,312.2,2023-06-30,1210,D,0
-16.7156,29.5576,327.5,2023-06-30,1210,D,0
-16.7172,29.5473,327.9,2023-06-30,1210,D,0
-16.7062,29.556,317.8,2023-06-30,1210,D,0
-16.7078,29.5456,322.5,2023-06-30,1210,D,0
-16.7578,29.0617,322.2,2023-06-30,1210,D,0
-16.7593,29.0518,327.7,2023-06-30,1210,D,0
-16.7501,29.0503,326.3,2023-06-30,1210,D,0
-16.3398,30.0408,314.6,2023-06-30,1210,D,0
-16.3789,29.4131,320.5,2023-06-30,1210,D,0
-16.3806,29.4027,319.4,2023-06-30,1210,D,0
-16.3185,29.4609,330.9,2023-06-30,1210,D,0
-16.2169,29.2685,315.9,2023-06-30,1210,D,0
-17.5588,30.4698,308.2,2023-06-30,1947,N,0
-17.5566,30.49,307.1,2023-06-30,1947,N,0
-17.7066,31.2714,306.0,2023-07-01,816,D,0
-16.5179,29.5758,318.5,2023-07-01,816,D,0
-16.5165,29.5695,320.9,2023-07-01,816,D,0
-16.6742,30.0063,317.6,2023-07-01,816,D,0
-17.1412,29.4486,310.4,2023-07-01,816,D,0
-16.6696,30.0011,314.8,2023-07-01,816,D,0
-16.6832,30.0157,313.6,2023-07-01,816,D,0
-16.7227,29.1098,323.2,2023-07-01,816,D,0
-16.516,29.5605,306.1,2023-07-01,816,D,0
-17.0306,29.4739,326.7,2023-07-01,816,D,0
-17.1313,29.4556,310.3,2023-07-01,816,D,0
-16.6762,30.0224,313.0,2023-07-01,816,D,0
-17.3359,30.5063,309.4,2023-07-01,816,D,0
-18.3689,26.4778,318.4,2023-07-01,817,D,0
-19.2916,30.7876,320.8,2023-07-01,817,D,0
-19.294,30.8086,323.6,2023-07-01,817,D,0
-19.2921,30.8032,322.8,2023-07-01,817,D,0
-19.404,29.686,306.3,2023-07-01,817,D,0
-20.8686,30.2504,310.9,2023-07-01,817,D,0
-20.8685,30.2447,311.8,2023-07-01,817,D,0
-19.4059,29.7034,314.2,2023-07-01,817,D,0
-17.6165,28.0508,308.0,2023-07-01,817,D,0
-17.613,28.0448,309.7,2023-07-01,817,D,0
-17.8451,29.6085,307.7,2023-07-01,817,D,0
-17.9985,30.9598,308.9,2023-07-01,817,D,0
-18.2029,31.5026,323.3,2023-07-01,817,D,0
-18.2054,31.5256,306.5,2023-07-01,817,D,0
-18.1972,31.4964,315.5,2023-07-01,817,D,0
-18.1996,31.5194,315.0,2023-07-01,817,D,0
-18.2722,30.8487,307.2,2023-07-01,817,D,0
-18.4067,31.1246,311.3,2023-07-01,817,D,0
-18.409,31.146,315.3,2023-07-01,817,D,0
-18.4191,31.1396,316.1,2023-07-01,817,D,0
-18.3334,27.0562,308.4,2023-07-01,817,D,0
-18.2576,26.4033,311.5,2023-07-01,817,D,0
-18.4039,31.0511,311.3,2023-07-01,1113,D,0
-18.3495,31.4687,310.2,2023-07-01,1113,D,0
-18.3825,31.0927,311.6,2023-07-01,1113,D,0
-18.4003,31.0908,327.1,2023-07-01,1113,D,0
-18.4001,31.0945,327.8,2023-07-01,1113,D,0
-18.4044,31.0475,308.7,2023-07-01,1113,D,0
-18.3473,31.4646,309.4,2023-07-01,1113,D,0
-18.3827,31.089,312.5,2023-07-01,1113,D,0
-18.03,31.4147,311.4,2023-07-01,1113,D,0
-18.0277,31.4108,312.2,2023-07-01,1113,D,0
-17.0103,31.2015,313.3,2023-07-01,1114,D,0
-17.7247,31.2417,313.0,2023-07-01,1114,D,0
-17.7186,31.2739,310.4,2023-07-01,1114,D,0
-17.7224,31.2342,309.4,2023-07-01,1114,D,0
-17.597,31.6565,310.6,2023-07-01,1114,D,0
-17.8425,30.2126,307.5,2023-07-01,2027,N,0
-17.7123,29.9933,303.0,2023-07-01,2344,N,0
-17.72,29.9822,311.0,2023-07-01,2344,N,0
-17.7213,29.9919,300.5,2023-07-01,2344,N,0
-17.7551,30.1652,304.1,2023-07-01,2344,N,0
-17.8441,30.2154,315.7,2023-07-01,2344,N,0
-17.8455,30.2252,315.1,2023-07-01,2344,N,0
-16.8162,28.7708,312.3,2023-07-01,2344,N,0
-19.4003,29.9655,303.7,2023-07-01,2344,N,0
-17.9216,32.0452,307.1,2023-07-02,719,D,0
-18.4048,31.4318,305.6,2023-07-02,720,D,0
-18.4,31.4259,320.3,2023-07-02,720,D,0
-19.4088,29.9622,311.8,2023-07-02,720,D,0
-19.4098,29.9549,311.9,2023-07-02,720,D,0
-18.2852,30.9734,318.8,2023-07-02,1155,D,0
-18.1344,31.8882,315.9,2023-07-02,1155,D,0
-18.1694,31.5867,309.6,2023-07-02,1155,D,0
-18.1548,31.4982,318.6,2023-07-02,1155,D,0
-18.3988,29.7586,317.3,2023-07-02,1155,D,0
-18.1912,30.9912,319.2,2023-07-02,1155,D,0
-18.1081,31.1887,317.0,2023-07-02,1155,D,0
-18.2202,30.3954,321.6,2023-07-02,1155,D,0
-18.2032,30.4515,321.8,2023-07-02,1155,D,0
-18.2045,30.4419,346.9,2023-07-02,1155,D,0
-18.2205,30.3268,335.5,2023-07-02,1155,D,0
-18.2218,30.3172,325.2,2023-07-02,1155,D,0
-18.1928,30.4597,335.9,2023-07-02,1155,D,0
-18.1941,30.4501,403.2,2023-07-02,1155,D,0
-18.1955,30.4405,387.5,2023-07-02,1155,D,0
-18.0513,31.3833,315.8,2023-07-02,1155,D,0
-18.0527,31.3739,327.0,2023-07-02,1155,D,0
-18.1414,30.7556,311.8,2023-07-02,1155,D,0
-18.183,30.4614,318.7,2023-07-02,1155,D,0
-18.1844,30.4519,359.8,2023-07-02,1155,D,0
-18.1857,30.4423,325.7,2023-07-02,1155,D,0
-18.0424,31.3818,311.9,2023-07-02,1155,D,0
-18.0438,31.3725,317.7,2023-07-02,1155,D,0
-18.2023,29.9901,316.4,2023-07-02,1155,D,0
-18.1826,29.81,327.7,2023-07-02,1155,D,0
-18.184,29.8001,317.6,2023-07-02,1155,D,0
-18.1748,29.7986,331.8,2023-07-02,1155,D,0
-17.9638,31.2298,328.1,2023-07-02,1155,D,0
-17.9651,31.2205,326.9,2023-07-02,1155,D,0
-18.1468,29.8653,324.3,2023-07-02,1155,D,0
-18.1482,29.8554,326.9,2023-07-02,1155,D,0
-17.9089,31.2306,311.4,2023-07-02,1155,D,0
-17.9102,31.2213,316.5,2023-07-02,1155,D,0
-18.0317,30.2298,319.8,2023-07-02,1155,D,0
-18.0331,30.2201,314.9,2023-07-02,1155,D,0
-18.0226,30.2284,333.4,2023-07-02,1155,D,0
-18.024,30.2187,320.3,2023-07-02,1155,D,0
-18.0503,29.62,325.6,2023-07-02,1155,D,0
-17.7868,31.4336,323.2,2023-07-02,1155,D,0
-17.8754,30.817,315.2,2023-07-02,1155,D,0
-17.7779,31.4321,314.4,2023-07-02,1155,D,0
-17.8008,31.2106,313.1,2023-07-02,1155,D,0
-17.8357,30.9678,322.1,2023-07-02,1155,D,2
-17.837,30.9585,316.8,2023-07-02,1155,D,0
-17.7554,31.461,313.0,2023-07-02,1155,D,0
-17.8137,30.8015,313.5,2023-07-02,1155,D,0
-17.8047,30.8001,346.3,2023-07-02,1155,D,0
-17.8061,30.7907,337.1,2023-07-02,1155,D,0
-17.8852,30.0928,317.9,2023-07-02,1155,D,0
-17.6861,31.3001,320.7,2023-07-02,1155,D,0
-17.6875,31.2908,319.0,2023-07-02,1155,D,0
-17.7144,31.1044,312.8,2023-07-02,1155,D,0
-17.7157,31.0951,317.2,2023-07-02,1155,D,0
-17.8339,29.9293,321.4,2023-07-02,1155,D,0
-17.6717,30.6998,325.1,2023-07-02,1155,D,0
-17.66,30.7172,352.4,2023-07-02,1155,D,0
-17.6614,30.7078,396.5,2023-07-02,1155,D,0
-17.6627,30.6984,346.2,2023-07-02,1155,D,0
-17.664,30.689,318.6,2023-07-02,1155,D,0
-17.6654,30.6796,317.9,2023-07-02,1155,D,0
-17.6497,30.7252,322.8,2023-07-02,1155,D,0
-17.6511,30.7158,337.0,2023-07-02,1155,D,0
-17.6524,30.7064,327.0,2023-07-02,1155,D,0
-17.6537,30.697,333.0,2023-07-02,1155,D,0
-17.6551,30.6876,323.9,2023-07-02,1155,D,0
-17.4451,31.9454,337.8,2023-07-02,1155,D,0
-17.4465,31.9359,341.0,2023-07-02,1155,D,0
-19.4977,29.1598,328.7,2023-07-02,1155,D,0
-20.126,30.8315,318.5,2023-07-02,1155,D,0
-20.1274,30.8218,322.2,2023-07-02,1155,D,0
-20.117,30.83,316.0,2023-07-02,1155,D,0
-20.1183,30.8204,317.2,2023-07-02,1155,D,0
-20.0514,30.8436,314.4,2023-07-02,1155,D,0
-20.0443,30.493,323.3,2023-07-02,1155,D,0
-20.0456,30.4831,319.0,2023-07-02,1155,D,0
-19.8813,30.7453,316.9,2023-07-02,1155,D,0
-19.8827,30.7356,339.9,2023-07-02,1155,D,0
-19.8723,30.7439,319.6,2023-07-02,1155,D,0
-19.8736,30.7342,338.3,2023-07-02,1155,D,0
-19.875,30.7244,334.2,2023-07-02,1155,D,0
-19.6967,31.0733,357.1,2023-07-02,1155,D,0
-19.6981,31.0637,338.2,2023-07-02,1155,D,0
-19.7012,29.7713,321.7,2023-07-02,1155,D,0
-19.7025,29.761,326.3,2023-07-02,1155,D,0
-19.6932,29.7596,343.5,2023-07-02,1155,D,0
-19.4761,30.0785,317.3,2023-07-02,1155,D,0
-19.3438,30.8368,317.3,2023-07-02,1155,D,0
-19.1133,32.3676,325.2,2023-07-02,1155,D,0
-19.3133,30.7968,312.0,2023-07-02,1155,D,0
-19.2411,31.2417,322.0,2023-07-02,1155,D,0
-19.2899,30.8322,334.7,2023-07-02,1155,D,0
-19.2822,30.8212,320.9,2023-07-02,1155,D,0
-19.5073,29.1612,336.7,2023-07-02,1155,D,0
-19.3714,30.1079,312.0,2023-07-02,1155,D,0
-19.4991,29.1488,323.8,2023-07-02,1155,D,0
-18.9769,32.4794,313.5,2023-07-02,1155,D,0
-19.3355,29.9004,336.1,2023-07-02,1155,D,0
-19.3369,29.8903,338.0,2023-07-02,1155,D,0
-19.3262,29.899,312.8,2023-07-02,1155,D,0
-19.3276,29.8889,316.9,2023-07-02,1155,D,0
-19.0566,30.9874,368.1,2023-07-02,1155,D,0
-19.0579,30.9779,345.9,2023-07-02,1155,D,0
-18.9589,31.4088,310.6,2023-07-02,1155,D,0
-18.7279,31.8657,311.2,2023-07-02,1155,D,0
-18.7175,31.8669,311.9,2023-07-02,1155,D,0
-18.6144,31.6327,319.3,2023-07-02,1155,D,0
-18.6158,31.6234,331.7,2023-07-02,1155,D,0
-18.647,31.4078,322.4,2023-07-02,1155,D,0
-18.6483,31.3984,326.9,2023-07-02,1155,D,0
-18.6497,31.389,340.3,2023-07-02,1155,D,0
-18.651,31.3796,351.0,2023-07-02,1155,D,0
-18.6524,31.3703,316.4,2023-07-02,1155,D,0
-18.6394,31.3969,336.4,2023-07-02,1155,D,0
-18.6407,31.3876,343.7,2023-07-02,1155,D,0
-18.6421,31.3782,330.6,2023-07-02,1155,D,0
-18.6434,31.3688,318.1,2023-07-02,1155,D,0
-18.5302,32.0814,321.1,2023-07-02,1155,D,0
-18.5316,32.0719,340.4,2023-07-02,1155,D,0
-18.6291,31.4049,320.4,2023-07-02,1155,D,0
-18.7579,30.162,318.7,2023-07-02,1155,D,0
-18.8207,29.493,318.9,2023-07-02,1155,D,0
-18.5561,30.9486,322.7,2023-07-02,1155,D,0
-18.5575,30.9391,333.0,2023-07-02,1155,D,0
-18.5602,30.9203,318.3,2023-07-02,1155,D,0
-18.5472,30.9472,328.1,2023-07-02,1155,D,0
-18.5485,30.9377,331.5,2023-07-02,1155,D,0
-18.5181,31.0869,313.7,2023-07-02,1155,D,0
-18.6401,30.2183,314.4,2023-07-02,1155,D,0
-18.3599,31.9251,324.5,2023-07-02,1155,D,0
-18.7034,29.3571,316.4,2023-07-02,1155,D,0
-18.2524,32.3965,312.4,2023-07-02,1155,D,0
-18.4522,30.9641,312.3,2023-07-02,1155,D,0
-18.2839,30.9828,318.1,2023-07-02,1155,D,0
-17.3476,31.4186,323.2,2023-07-02,1156,D,0
-17.349,31.4093,321.3,2023-07-02,1156,D,0
-17.8083,27.8065,331.1,2023-07-02,1156,D,0
-17.8087,27.8124,326.4,2023-07-02,1156,D,0
-17.8103,27.8001,323.8,2023-07-02,1156,D,0
-17.3163,31.3116,313.1,2023-07-02,1156,D,0
-17.403,30.2527,320.7,2023-07-02,1156,D,0
-17.3742,30.1354,316.4,2023-07-02,1156,D,0
-17.1415,31.6311,325.3,2023-07-02,1156,D,0
-17.1429,31.6218,325.2,2023-07-02,1156,D,0
-17.1688,30.0916,319.4,2023-07-02,1156,D,0
-16.8435,32.0856,313.4,2023-07-02,1156,D,0
-17.1036,30.0945,319.5,2023-07-02,1156,D,0
-17.0592,29.7576,337.8,2023-07-02,1156,D,0
-17.0605,29.7479,403.0,2023-07-02,1156,D,0
-17.0619,29.7381,311.9,2023-07-02,1156,D,0
-16.9169,30.1801,340.7,2023-07-02,1156,D,0
-16.9437,29.4674,319.6,2023-07-02,1156,D,0
-16.6871,29.5875,326.3,2023-07-02,1156,D,0
-16.2607,30.1421,315.0,2023-07-02,1156,D,0
-16.6674,29.1046,321.5,2023-07-03,800,D,0
-16.7236,29.115,324.4,2023-07-03,800,D,0
-16.9797,29.6185,315.1,2023-07-03,800,D,0
-17.2246,29.593,316.9,2023-07-03,800,D,0
-17.2259,29.6026,314.1,2023-07-03,800,D,0
-18.4237,29.0933,305.1,2023-07-03,800,D,0
-18.4251,29.1027,304.9,2023-07-03,800,D,0
-19.3096,30.1165,309.2,2023-07-03,800,D,0
-20.3553,31.9197,307.7,2023-07-03,801,D,0
-20.148,28.7307,306.8,2023-07-03,801,D,0
-20.0456,32.6222,302.9,2023-07-03,2010,N,0
-20.0284,30.7975,302.8,2023-07-03,2010,N,0
-18.8479,29.8739,303.2,2023-07-03,2011,N,0
-16.1572,29.3487,306.7,2023-07-04,840,D,0
-16.157,29.3418,307.9,2023-07-04,840,D,0
-19.7198,29.8538,311.3,2023-07-04,1141,D,0
-19.1591,30.4535,321.9,2023-07-04,1141,D,0
-19.2497,28.9274,315.4,2023-07-04,1141,D,0
-18.8325,29.5408,321.8,2023-07-04,1141,D,0
-18.6123,28.8255,312.6,2023-07-04,1141,D,0
-18.2888,30.9141,319.7,2023-07-04,1141,D,0
-18.406,29.7925,326.7,2023-07-04,1141,D,0
-17.5999,30.6134,320.3,2023-07-04,1141,D,0
-17.6016,30.5998,329.9,2023-07-04,1141,D,0
-16.1594,29.314,318.0,2023-07-04,1142,D,0
-16.0591,29.6646,318.3,2023-07-04,1142,D,0
-16.0575,29.6731,317.3,2023-07-04,1142,D,0
-16.0709,29.661,308.6,2023-07-05,743,D,0
-16.1488,29.3864,317.7,2023-07-05,743,D,0
-16.1508,29.3986,317.8,2023-07-05,743,D,0
-16.1694,29.3201,318.9,2023-07-05,743,D,0
-17.422,32.0241,307.0,2023-07-05,743,D,0
-17.4234,32.0335,316.1,2023-07-05,743,D,0
-17.6239,32.1425,311.7,2023-07-05,744,D,0
-17.5697,30.819,319.7,2023-07-05,744,D,0
-17.5713,30.829,305.4,2023-07-05,744,D,0
-17.5574,30.4965,306.7,2023-07-05,744,D,0
-17.7065,30.7387,307.4,2023-07-05,744,D,0
-17.9208,31.9719,328.5,2023-07-05,744,D,0
-17.8569,30.763,318.3,2023-07-05,744,D,0
-18.0874,30.0987,308.6,2023-07-05,744,D,0
-18.2375,30.3102,305.5,2023-07-05,744,D,0
-18.4219,31.4994,311.7,2023-07-05,744,D,0
-18.4309,31.498,323.8,2023-07-05,744,D,0
-18.5704,30.7747,330.4,2023-07-05,744,D,0
-18.5719,30.7847,318.6,2023-07-05,744,D,0
-18.5785,30.7775,325.4,2023-07-05,744,D,0
-18.6764,30.6932,309.4,2023-07-05,744,D,0
-18.9645,30.4605,311.9,2023-07-05,744,D,0
-18.9753,30.4691,307.6,2023-07-05,744,D,0
-18.9769,30.4793,308.8,2023-07-05,744,D,0
-19.8216,28.5695,306.6,2023-07-05,744,D,0
-20.0615,29.0971,318.5,2023-07-05,744,D,0
-20.0633,29.1086,325.7,2023-07-05,744,D,0
-20.0641,29.1017,325.0,2023-07-05,744,D,0
-20.066,29.1132,309.9,2023-07-05,744,D,0
-20.0142,29.0538,385.7,2023-07-05,1222,D,0
-20.0544,30.7264,318.5,2023-07-05,1222,D,0
-20.0623,30.7226,312.1,2023-07-05,1222,D,0
-20.0752,29.1149,328.0,2023-07-05,1222,D,0
-20.0775,29.1013,316.3,2023-07-05,1222,D,0
-20.1262,28.5755,314.4,2023-07-05,1222,D,0
-20.033,29.0715,316.4,2023-07-05,1222,D,0
-20.0224,29.0694,341.4,2023-07-05,1222,D,0
-20.0247,29.0558,334.0,2023-07-05,1222,D,0
-20.0119,29.0673,382.0,2023-07-05,1222,D,0
-19.7935,30.0585,319.0,2023-07-05,1222,D,0
-19.797,30.0537,319.3,2023-07-05,1222,D,0
-19.7856,30.0517,313.1,2023-07-05,1222,D,0
-19.6685,30.0534,308.9,2023-07-05,1222,D,0
-16.0812,29.662,321.7,2023-07-05,1223,D,0
-16.1007,30.5524,318.2,2023-07-05,1223,D,0
-16.0781,29.6512,328.3,2023-07-05,1223,D,0
-16.084,29.6454,331.2,2023-07-05,1223,D,0
-19.7408,29.1668,318.3,2023-07-05,1223,D,0
-19.7182,29.2345,316.1,2023-07-05,1223,D,0
-19.6043,29.6329,321.2,2023-07-05,1223,D,0
-19.5932,29.6307,326.5,2023-07-05,1223,D,0
-19.5959,29.6157,317.3,2023-07-05,1223,D,0
-19.6038,29.6259,321.1,2023-07-05,1223,D,0
-19.5927,29.6238,329.2,2023-07-05,1223,D,0
-19.0627,32.4439,315.1,2023-07-05,1223,D,0
-19.3366,30.8824,334.6,2023-07-05,1223,D,0
-19.34,30.8639,312.4,2023-07-05,1223,D,0
-19.5668,28.909,314.7,2023-07-05,1223,D,0
-19.5691,28.8956,314.5,2023-07-05,1223,D,0
-19.2994,29.6578,316.7,2023-07-05,1223,D,0
-19.302,29.6427,316.4,2023-07-05,1223,D,0
-19.2882,29.6557,318.2,2023-07-05,1223,D,0
-18.8255,30.5724,329.7,2023-07-05,1223,D,0
-18.8135,30.5698,327.7,2023-07-05,1223,D,0
-18.8151,30.1169,320.9,2023-07-05,1223,D,0
-18.818,30.1001,317.8,2023-07-05,1223,D,0
-18.6998,30.1047,314.6,2023-07-05,1223,D,0
-18.694,30.098,315.6,2023-07-05,1223,D,0
-18.1467,31.4094,321.4,2023-07-05,1223,D,0
-18.7062,26.9537,316.3,2023-07-05,1223,D,0
-17.5909,30.7694,346.0,2023-07-05,1223,D,0
-19.9598,32.6621,302.1,2023-07-05,1954,N,0
-17.0456,30.4138,304.6,2023-07-05,1955,N,0
-17.5481,30.3276,300.2,2023-07-05,2315,N,0
-17.8045,31.2989,306.2,2023-07-06,824,D,0
-16.1521,29.4504,313.7,2023-07-06,824,D,0
-16.1544,29.4706,312.2,2023-07-06,824,D,0
-16.1878,29.3126,321.3,2023-07-06,824,D,0
-16.1901,29.3326,330.5,2023-07-06,824,D,0
-16.9767,29.6233,308.2,2023-07-06,824,D,0
-17.2038,30.0368,308.3,2023-07-06,824,D,0
-17.2065,30.0611,309.0,2023-07-06,824,D,0
-17.3311,30.2422,309.4,2023-07-06,824,D,0
-17.3735,30.3662,309.9,2023-07-06,824,D,0
-18.173,30.7782,305.2,2023-07-06,824,D,0
-19.3254,29.6529,316.7,2023-07-06,825,D,0
-19.1438,30.6971,313.9,2023-07-06,825,D,0
-19.1466,30.7265,304.6,2023-07-06,825,D,0
-18.448,29.6669,311.0,2023-07-06,825,D,0
-18.4506,29.6909,305.8,2023-07-06,825,D,0
-18.579,30.7689,306.6,2023-07-06,825,D,0
-18.4569,29.6833,308.5,2023-07-06,825,D,0
-18.5808,30.7917,305.8,2023-07-06,825,D,0
-18.6272,30.2248,308.5,2023-07-06,825,D,0
-18.6298,30.2193,305.9,2023-07-06,825,D,0
-18.373,26.4837,312.7,2023-07-06,825,D,0
-18.3657,26.479,311.2,2023-07-06,825,D,0
-20.0602,28.5277,311.4,2023-07-06,1126,D,0
-20.0567,28.5675,313.7,2023-07-06,1126,D,0
-16.1592,29.4525,316.0,2023-07-06,1127,D,0
-19.1962,29.5928,311.3,2023-07-06,1127,D,0
-18.9839,30.5477,312.0,2023-07-06,1127,D,0
-18.595,32.1212,306.0,2023-07-06,1127,D,0
-18.2399,30.1638,321.3,2023-07-06,1127,D,0
-18.2366,30.1847,315.2,2023-07-06,1127,D,0
-18.2396,30.1565,317.2,2023-07-06,1127,D,0
-16.1573,29.4587,314.0,2023-07-06,1127,D,0
-16.1603,29.429,313.5,2023-07-06,1127,D,0
-18.3682,26.4797,304.7,2023-07-06,2035,N,0
-16.2,29.3349,307.5,2023-07-06,2036,N,0
-16.1966,29.3388,304.2,2023-07-06,2357,N,0
-16.169,29.4247,304.2,2023-07-06,2357,N,0
-16.188,29.3525,305.8,2023-07-06,2357,N,0
-18.3678,26.4786,308.1,2023-07-06,2358,N,0
-18.5356,30.1632,306.4,2023-07-07,727,D,0
-18.5368,30.1571,304.3,2023-07-07,727,D,0
-16.8113,30.8338,305.4,2023-07-07,727,D,0
-17.2689,30.5978,303.1,2023-07-07,727,D,0
-17.2723,30.6169,303.3,2023-07-07,727,D,0
-17.0738,28.6007,305.5,2023-07-07,727,D,0
-17.0882,28.5973,304.2,2023-07-07,727,D,0
-16.1709,29.4289,307.5,2023-07-07,727,D,0
-16.8086,30.8405,309.8,2023-07-07,727,D,0
-19.1348,30.191,318.5,2023-07-07,1208,D,0
-19.2501,29.7465,314.2,2023-07-07,1208,D,0
-19.129,29.449,318.0,2023-07-07,1208,D,0
-19.1363,30.1807,317.9,2023-07-07,1208,D,0
-19.2573,29.7542,317.4,2023-07-07,1208,D,0
-17.6983,31.2966,347.5,2023-07-07,1209,D,0
-18.4154,30.8524,313.7,2023-07-07,1209,D,0
-18.3966,30.1932,320.4,2023-07-07,1209,D,0
-18.5067,29.1166,333.4,2023-07-07,1209,D,0
-18.3987,29.033,312.2,2023-07-07,1209,D,0
-18.2355,29.8591,322.8,2023-07-07,1209,D,0
-18.2263,29.8576,318.2,2023-07-07,1209,D,0
-17.9445,30.5347,340.9,2023-07-07,1209,D,0
-17.935,30.5329,317.7,2023-07-07,1209,D,0
-17.7237,31.4575,334.4,2023-07-07,1209,D,0
-17.7136,31.4558,337.1,2023-07-07,1209,D,0
-17.7156,31.4435,338.3,2023-07-07,1209,D,0
-17.7002,31.2846,331.8,2023-07-07,1209,D,0
-17.92,29.8222,312.5,2023-07-07,1209,D,0
-17.8392,30.2196,347.9,2023-07-07,1209,D,0
-17.6015,31.138,312.1,2023-07-07,1209,D,0
-17.6034,31.1262,316.9,2023-07-07,1209,D,0
-17.6871,30.0741,338.2,2023-07-07,1209,D,0
-17.6887,30.0637,321.5,2023-07-07,1209,D,0
-17.4711,31.0558,318.1,2023-07-07,1209,D,0
-17.4729,31.044,346.4,2023-07-07,1209,D,0
-17.5116,29.8316,314.0,2023-07-07,1209,D,0
-17.2383,31.3595,322.8,2023-07-07,1209,D,0
-17.2982,30.7291,323.6,2023-07-07,1209,D,0
-17.2999,30.718,332.3,2023-07-07,1209,D,0
-17.2753,30.6226,316.8,2023-07-07,1209,D,0
-17.2771,30.6114,317.3,2023-07-07,1209,D,0
-17.2731,30.6154,317.3,2023-07-07,1209,D,0
-17.3014,30.3073,325.4,2023-07-07,1209,D,0
-17.2902,30.3164,321.6,2023-07-07,1209,D,0
-17.2919,30.3056,313.8,2023-07-07,1209,D,0
-17.6157,28.0342,314.1,2023-07-07,1209,D,0
-17.5862,28.0485,328.9,2023-07-07,1209,D,0
-17.5746,28.0657,319.0,2023-07-07,1209,D,0
-17.576,28.0564,328.9,2023-07-07,1209,D,0
-16.9695,30.7286,323.5,2023-07-07,1209,D,0
-16.9713,30.7174,345.1,2023-07-07,1209,D,0
-17.154,29.4723,314.1,2023-07-07,1209,D,0
-17.1675,29.3834,322.6,2023-07-07,1209,D,0
-17.0244,30.0031,315.5,2023-07-07,1209,D,0
-16.8756,30.7988,320.4,2023-07-07,1209,D,0
-16.8774,30.7874,323.2,2023-07-07,1209,D,0
-16.927,29.7515,313.7,2023-07-07,1209,D,0
-16.9286,29.7413,369.8,2023-07-07,1209,D,0
-16.9302,29.731,327.9,2023-07-07,1209,D,0
-16.8056,30.471,313.2,2023-07-07,1209,D,0
-16.8767,29.8908,313.4,2023-07-07,1209,D,0
-16.716,30.7189,314.6,2023-07-07,1209,D,0
-16.8618,29.7404,335.1,2023-07-07,1209,D,0
-16.5198,30.2115,316.1,2023-07-07,1209,D,0
-16.5215,30.2009,320.9,2023-07-07,1209,D,0
-16.2045,29.3439,323.2,2023-07-07,1209,D,0
-16.161,29.5639,322.0,2023-07-07,1209,D,0
-16.1625,29.5537,319.3,2023-07-07,1209,D,0
-16.1813,29.4326,334.4,2023-07-07,1209,D,0
-16.1828,29.4227,339.3,2023-07-07,1209,D,0
-16.1844,29.4128,337.7,2023-07-07,1209,D,0
-16.1569,29.4837,320.9,2023-07-07,1209,D,0
-16.1659,29.3616,319.5,2023-07-07,1209,D,0
-15.9958,30.4022,326.3,2023-07-07,1209,D,0
-16.1025,29.652,316.9,2023-07-07,1209,D,0
-16.0549,30.7753,314.1,2023-07-08,807,D,0
-19.6599,32.7905,303.5,2023-07-08,808,D,0
-17.8975,30.7049,312.5,2023-07-08,808,D,0
-16.8486,30.7507,308.3,2023-07-08,808,D,0
-17.5627,28.0576,326.6,2023-07-08,808,D,0
-17.5719,28.0562,324.8,2023-07-08,808,D,0
-16.591,29.4849,307.8,2023-07-08,808,D,0
-18.3118,32.6905,332.9,2023-07-08,808,D,0
-18.3139,32.7099,340.8,2023-07-08,808,D,0
-18.196,31.5736,307.0,2023-07-08,808,D,0
-17.8445,27.7717,334.4,2023-07-08,808,D,0
-17.8458,27.7814,343.1,2023-07-08,808,D,0
-17.8471,27.7911,311.8,2023-07-08,808,D,0
-17.8536,27.7704,328.5,2023-07-08,808,D,0
-17.8549,27.7801,339.7,2023-07-08,808,D,0
-17.9423,28.2841,330.0,2023-07-08,808,D,0
-17.9437,28.2942,315.5,2023-07-08,808,D,0
-18.3699,26.4778,323.1,2023-07-08,808,D,0
-18.427,26.4248,315.2,2023-07-08,808,D,0
-18.4365,26.4902,312.3,2023-07-08,808,D,0
-19.659,32.7749,307.2,2023-07-08,808,D,0
-16.8545,30.757,308.6,2023-07-08,808,D,0
-16.7175,29.58,313.8,2023-07-08,808,D,0
-16.9111,29.0619,310.6,2023-07-08,808,D,0
-16.9146,29.0555,308.4,2023-07-08,808,D,0
-17.003,29.6615,308.0,2023-07-08,808,D,0
-17.0045,29.673,315.9,2023-07-08,808,D,0
-17.292,30.8976,305.9,2023-07-08,808,D,0
-17.6982,31.2297,313.7,2023-07-08,808,D,0
-17.7438,30.765,312.0,2023-07-08,808,D,0
-17.7455,30.7789,317.5,2023-07-08,808,D,0
-17.7443,31.5233,313.0,2023-07-08,1113,D,0
-17.748,31.4825,320.1,2023-07-08,1113,D,0
-17.5345,31.055,312.8,2023-07-08,1113,D,0
-17.536,31.051,313.9,2023-07-08,1113,D,0
-17.4826,31.0433,321.1,2023-07-08,1113,D,0
-17.4833,31.0359,321.5,2023-07-08,1113,D,0
-17.7423,31.5153,315.6,2023-07-08,1113,D,0
-17.7462,31.4746,313.2,2023-07-08,1113,D,0
-17.8632,27.803,311.7,2023-07-08,1251,D,0
-17.8605,27.7976,312.7,2023-07-08,1251,D,0
-20.0306,30.7952,300.9,2023-07-08,2018,N,0
-18.4592,32.651,307.1,2023-07-08,2018,N,0
-18.0249,30.8294,323.2,2023-07-08,2019,N,0
-16.1746,29.6262,302.2,2023-07-08,2019,N,0
-18.3722,26.4727,301.9,2023-07-08,2019,N,0
-17.9324,30.6441,309.0,2023-07-08,2019,N,0
-18.0802,30.8245,328.0,2023-07-08,2019,N,0
-18.0234,30.8395,305.3,2023-07-08,2019,N,0
-17.1099,30.7182,305.1,2023-07-08,2019,N,0
-18.1406,31.4522,311.2,2023-07-09,1154,D,0
-18.142,31.4428,311.8,2023-07-09,1154,D,0
-18.1324,31.4452,312.5,2023-07-09,1154,D,0
-18.2423,30.4722,313.0,2023-07-09,1154,D,0
-18.2053,30.605,315.4,2023-07-09,1154,D,0
-18.0263,31.8008,320.1,2023-07-09,1154,D,0
-18.0276,31.7915,312.2,2023-07-09,1154,D,0
-18.0674,31.1888,313.4,2023-07-09,1154,D,0
-18.2021,30.2297,315.4,2023-07-09,1154,D,0
-18.2035,30.2199,322.5,2023-07-09,1154,D,0
-17.9643,31.8416,311.4,2023-07-09,1154,D,0
-18.1523,30.5214,355.8,2023-07-09,1154,D,0
-18.1879,30.1973,327.0,2023-07-09,1154,D,0
-18.101,30.6905,321.2,2023-07-09,1154,D,0
-18.1023,30.6809,315.2,2023-07-09,1154,D,0
-17.8773,31.9366,312.6,2023-07-09,1154,D,0
-18.1344,29.9903,319.6,2023-07-09,1154,D,0
-18.1358,29.9803,317.7,2023-07-09,1154,D,0
-17.918,31.2745,313.9,2023-07-09,1154,D,0
-18.095,29.933,311.3,2023-07-09,1154,D,0
-17.9394,30.6631,327.0,2023-07-09,1154,D,0
-17.8877,30.9655,317.8,2023-07-09,1154,D,2
-17.889,30.956,319.0,2023-07-09,1154,D,2
-17.8704,30.8274,316.7,2023-07-09,1154,D,0
-17.8134,30.9095,314.1,2023-07-09,1154,D,0
-17.7501,31.2261,330.6,2023-07-09,1154,D,0
-17.7514,31.2167,331.7,2023-07-09,1154,D,0
-17.6346,31.9617,317.9,2023-07-09,1154,D,0
-17.6359,31.9524,315.9,2023-07-09,1154,D,0
-17.7425,31.2153,311.9,2023-07-09,1154,D,0
-17.7002,31.1831,319.7,2023-07-09,1154,D,0
-17.6176,31.3132,313.8,2023-07-09,1154,D,0
-17.6303,31.0321,321.3,2023-07-09,1154,D,0
-17.7164,30.3553,331.3,2023-07-09,1154,D,0
-17.9572,28.2585,313.9,2023-07-09,1154,D,0
-18.0585,31.1874,316.2,2023-07-09,1154,D,0
-20.8336,31.0001,321.5,2023-07-09,1154,D,0
-20.9624,29.0277,316.6,2023-07-09,1154,D,0
-20.2279,31.4554,314.7,2023-07-09,1154,D,0
-20.0044,32.81,310.9,2023-07-09,1154,D,0
-20.0059,32.8004,323.5,2023-07-09,1154,D,0
-19.7755,32.9852,315.6,2023-07-09,1154,D,0
-20.3009,29.1086,316.0,2023-07-09,1154,D,0
-20.2895,29.1189,334.1,2023-07-09,1154,D,0
-20.291,29.1072,326.4,2023-07-09,1154,D,0
-20.2899,29.1133,330.5,2023-07-09,1154,D,0
-20.0637,30.5207,318.9,2023-07-09,1154,D,0
-20.0466,30.5077,321.3,2023-07-09,1154,D,0
-19.9021,30.7541,316.7,2023-07-09,1154,D,0
-20.0686,28.692,313.2,2023-07-09,1154,D,0
-20.0701,28.6856,312.5,2023-07-09,1154,D,0
-20.0547,28.48,315.3,2023-07-09,1154,D,0
-19.4331,31.4842,329.7,2023-07-09,1154,D,0
-19.5217,29.6221,338.3,2023-07-09,1154,D,0
-19.0286,32.6864,316.3,2023-07-09,1154,D,0
-19.0385,32.6197,326.8,2023-07-09,1154,D,0
-19.0399,32.6102,316.0,2023-07-09,1154,D,0
-19.0196,32.6848,329.8,2023-07-09,1154,D,0
-18.9323,32.4009,324.5,2023-07-09,1154,D,0
-18.9841,31.4114,328.7,2023-07-09,1154,D,0
-18.9855,31.4019,361.6,2023-07-09,1154,D,0
-18.9868,31.3924,317.3,2023-07-09,1154,D,0
-18.9765,31.4005,323.2,2023-07-09,1154,D,0
-18.8156,32.3789,328.8,2023-07-09,1154,D,0
-18.817,32.3695,341.8,2023-07-09,1154,D,0
-18.6704,32.6796,316.9,2023-07-09,1154,D,0
-18.6663,32.3969,313.2,2023-07-09,1154,D,0
-18.6983,32.1801,326.8,2023-07-09,1154,D,0
-18.6997,32.1707,325.8,2023-07-09,1154,D,0
-18.582,31.9661,319.6,2023-07-09,1154,D,0
-18.5833,31.9568,320.6,2023-07-09,1154,D,0
-18.6227,31.685,315.3,2023-07-09,1154,D,0
-18.6057,31.3491,313.4,2023-07-09,1154,D,0
-18.6877,30.7691,316.9,2023-07-09,1154,D,0
-18.5967,31.3477,341.8,2023-07-09,1154,D,0
-18.5981,31.3383,318.3,2023-07-09,1154,D,0
-18.6787,30.7677,316.7,2023-07-09,1154,D,0
-18.5403,31.358,324.7,2023-07-09,1154,D,0
-18.5417,31.3486,360.3,2023-07-09,1154,D,0
-18.4755,31.6834,317.2,2023-07-09,1154,D,0
-18.5027,31.3657,319.6,2023-07-09,1154,D,0
-18.5041,31.3563,322.2,2023-07-09,1154,D,0
-18.4653,30.7812,320.4,2023-07-09,1154,D,0
-18.3962,30.9461,318.8,2023-07-09,1154,D,0
-18.3571,31.0312,320.5,2023-07-09,1154,D,0
-17.5237,31.0664,357.3,2023-07-09,1155,D,0
-17.5251,31.057,331.9,2023-07-09,1155,D,0
-17.5294,30.9617,325.4,2023-07-09,1155,D,0
-17.8684,27.7629,328.0,2023-07-09,1155,D,0
-17.2984,31.6159,323.0,2023-07-09,1155,D,0
-17.2884,31.1698,317.3,2023-07-09,1155,D,0
-17.4134,30.2802,322.7,2023-07-09,1155,D,0
-17.3952,30.2774,357.1,2023-07-09,1155,D,0
-17.3965,30.2677,336.6,2023-07-09,1155,D,0
-17.3861,30.276,321.9,2023-07-09,1155,D,0
-17.3874,30.2663,321.0,2023-07-09,1155,D,0
-17.3708,30.1293,322.6,2023-07-09,1155,D,0
-17.1565,31.5144,317.3,2023-07-09,1155,D,0
-17.1512,31.0979,312.8,2023-07-09,1155,D,0
-17.0315,31.6113,317.9,2023-07-09,1155,D,0
-17.0928,30.9304,313.6,2023-07-09,1155,D,0
-17.0941,30.9211,310.6,2023-07-09,1155,D,0
-17.1061,30.8369,315.6,2023-07-09,1155,D,0
-17.1074,30.8275,327.4,2023-07-09,1155,D,0
-17.0971,30.8355,322.7,2023-07-09,1155,D,0
-17.0984,30.8262,349.8,2023-07-09,1155,D,0
-16.8771,32.0394,318.4,2023-07-09,1155,D,0
-16.8873,31.7759,323.5,2023-07-09,1155,D,0
-16.9453,31.3763,326.9,2023-07-09,1155,D,0
-16.8743,31.4885,325.1,2023-07-09,1155,D,0
-16.8757,31.4792,313.6,2023-07-09,1155,D,0
-16.8816,31.0567,312.8,2023-07-09,1155,D,0
-16.8786,30.8848,314.0,2023-07-09,1155,D,0
-16.6536,32.0513,323.9,2023-07-09,1155,D,0
-16.7586,31.2682,319.1,2023-07-09,1155,D,0
-16.7917,30.8457,324.4,2023-07-09,1155,D,0
-16.608,31.9863,317.2,2023-07-09,1155,D,0
-16.5638,31.2158,317.6,2023-07-09,1155,D,0
-16.0374,30.6543,316.6,2023-07-09,1155,D,0
-16.048,30.5796,329.0,2023-07-09,1155,D,0
-16.0494,30.5703,329.6,2023-07-09,1155,D,0
-16.2313,29.2008,364.8,2023-07-09,1155,D,0
-16.2327,29.1903,328.3,2023-07-09,1155,D,0
-16.2219,29.1993,349.1,2023-07-09,1155,D,0
-16.167,29.5306,318.0,2023-07-09,1155,D,0
-16.2125,29.1978,322.8,2023-07-09,1155,D,0
-17.4773,31.5516,324.0,2023-07-10,751,D,0
-16.1716,29.6235,312.5,2023-07-10,751,D,0
-16.2209,29.4574,314.1,2023-07-10,751,D,0
-16.1974,29.193,315.4,2023-07-10,751,D,0
-16.4108,30.0463,310.9,2023-07-10,751,D,0
-16.6193,30.8995,310.9,2023-07-10,751,D,0
-16.6282,30.8981,315.8,2023-07-10,751,D,0
-16.9918,29.6786,315.1,2023-07-10,751,D,0
-16.9933,29.6881,317.4,2023-07-10,751,D,0
-17.0023,29.6866,366.0,2023-07-10,751,D,0
-17.0037,29.6961,326.8,2023-07-10,751,D,0
-17.1998,30.5209,319.1,2023-07-10,751,D,0
-17.2012,30.5301,311.8,2023-07-10,751,D,0
-17.4222,31.4888,310.1,2023-07-10,751,D,0
-17.2959,30.4236,319.9,2023-07-10,751,D,0
-17.4786,31.5611,314.4,2023-07-10,751,D,0
-17.5874,30.7772,324.4,2023-07-10,751,D,0
-17.5888,30.7865,321.4,2023-07-10,751,D,0
-17.5539,30.2984,311.1,2023-07-10,751,D,0
-17.6128,30.4443,307.1,2023-07-10,751,D,0
-17.6141,30.4536,307.3,2023-07-10,751,D,0
-17.6238,30.2715,308.5,2023-07-10,751,D,0
-17.7151,30.2034,313.9,2023-07-10,751,D,0
-18.095,32.8235,306.2,2023-07-10,751,D,0
-17.9093,31.2237,305.7,2023-07-10,751,D,0
-17.83,30.4834,308.0,2023-07-10,751,D,0
-17.8314,30.4927,321.7,2023-07-10,751,D,0
-17.8413,30.1806,313.0,2023-07-10,751,D,0
-18.0673,30.5896,324.6,2023-07-10,751,D,0
-18.0708,30.551,306.6,2023-07-10,751,D,0
-18.3611,32.6431,314.8,2023-07-10,751,D,0
-18.3625,32.6536,338.4,2023-07-10,751,D,0
-18.3645,31.9844,308.1,2023-07-10,751,D,0
-18.3659,31.9943,311.5,2023-07-10,751,D,0
-18.4271,32.1684,322.5,2023-07-10,751,D,0
-18.3621,31.4987,330.7,2023-07-10,751,D,0
-18.3711,31.4974,333.5,2023-07-10,751,D,0
-18.4757,32.1965,308.1,2023-07-10,751,D,0
-18.2011,29.9359,326.0,2023-07-10,751,D,0
-18.54,32.1155,307.4,2023-07-10,752,D,2
-18.574,30.785,309.4,2023-07-10,752,D,0
-18.8612,32.2615,308.2,2023-07-10,752,D,0
-18.8705,32.2602,308.8,2023-07-10,752,D,0
-18.3737,26.4755,307.5,2023-07-10,752,D,0
-18.4298,26.4248,307.9,2023-07-10,752,D,0
-19.9996,30.7806,312.2,2023-07-10,752,D,0
-19.825,28.299,305.4,2023-07-10,752,D,0
-20.0899,29.5001,314.5,2023-07-10,752,D,0
-20.269,29.8362,309.3,2023-07-10,752,D,0
-20.2703,29.8456,312.2,2023-07-10,752,D,0
-20.3193,29.0615,305.6,2023-07-10,752,D,0
-20.3789,29.2124,304.1,2023-07-10,752,D,0
-20.3803,29.222,314.5,2023-07-10,752,D,0
-20.5645,28.0204,302.7,2023-07-10,752,D,0
-20.5661,28.0307,323.7,2023-07-10,752,D,0
-20.5508,28.023,335.6,2023-07-10,1236,D,0
-20.4979,28.3855,310.9,2023-07-10,1236,D,0
-20.4852,28.3831,319.6,2023-07-10,1236,D,0
-20.5518,28.0287,326.8,2023-07-10,1236,D,0
-20.5396,28.0258,342.2,2023-07-10,1236,D,0
-20.4867,28.3781,319.7,2023-07-10,1236,D,0
-20.5351,28.0393,307.2,2023-07-10,1236,D,0
-20.5386,28.0201,332.7,2023-07-10,1236,D,0
-19.594,29.955,313.4,2023-07-10,1236,D,0
-19.5367,30.0822,306.5,2023-07-10,1236,D,0
-19.285,30.5089,306.7,2023-07-10,1236,D,0
-19.3843,29.7007,311.9,2023-07-10,1236,D,0
-19.3895,29.6745,311.5,2023-07-10,1236,D,0
-18.8234,32.4852,308.7,2023-07-10,1236,D,0
-19.3815,29.6923,317.3,2023-07-10,1236,D,0
-18.806,32.4809,310.5,2023-07-10,1236,D,0
-19.1483,29.7124,308.1,2023-07-10,1236,D,0
-19.1547,29.6033,317.7,2023-07-10,1236,D,0
-19.1598,29.5773,310.7,2023-07-10,1236,D,0
-19.1535,29.5982,320.1,2023-07-10,1236,D,0
-18.1844,31.7548,313.7,2023-07-10,1236,D,0
-18.1264,31.5655,313.3,2023-07-10,1236,D,0
-18.134,31.5276,317.5,2023-07-10,1236,D,0
-18.2793,29.7581,315.7,2023-07-10,1236,D,0
-18.2735,29.7785,314.6,2023-07-10,1236,D,0
-17.7972,31.3196,310.0,2023-07-10,1236,D,0
-17.749,31.4693,320.1,2023-07-10,1236,D,0
-17.7536,31.5029,310.3,2023-07-10,1236,D,0
-17.7614,31.4638,316.9,2023-07-10,1236,D,0
-17.82,30.8294,317.3,2023-07-10,1236,D,0
-17.8137,30.8233,316.7,2023-07-10,1236,D,0
-17.5825,31.2989,317.3,2023-07-10,1236,D,0
-17.5941,31.2929,318.7,2023-07-10,1236,D,0
-17.4637,31.5906,314.0,2023-07-10,1236,D,0
-17.4719,31.5508,313.4,2023-07-10,1236,D,0
-17.43,31.5823,333.7,2023-07-10,1236,D,0
-17.4626,31.5859,318.0,2023-07-10,1236,D,0
-17.4206,31.6185,318.8,2023-07-10,1236,D,0
-17.429,31.5773,327.7,2023-07-10,1236,D,0
-17.5642,30.901,313.4,2023-07-10,1236,D,0
-17.4277,31.4966,324.3,2023-07-10,1236,D,0
-17.4107,31.4934,316.9,2023-07-10,1236,D,0
-17.4166,31.5255,319.3,2023-07-10,1236,D,0
-17.4239,31.488,326.4,2023-07-10,1236,D,0
-17.3757,30.9235,311.5,2023-07-10,1236,D,0
-18.2579,26.0154,311.1,2023-07-10,1236,D,0
-17.3669,30.2763,316.1,2023-07-10,1236,D,0
-17.7785,27.8228,313.3,2023-07-10,1236,D,0
-17.1654,30.4975,331.0,2023-07-10,1236,D,0
-17.9502,26.2549,313.4,2023-07-10,1236,D,0
-17.9529,26.2389,315.3,2023-07-10,1236,D,0
-17.152,30.5243,322.9,2023-07-10,1236,D,0
-17.1583,30.4912,321.5,2023-07-10,1236,D,0
-16.9563,30.8392,314.0,2023-07-10,1236,D,0
-16.9496,30.8296,313.1,2023-07-10,1236,D,0
-16.9051,30.7134,311.1,2023-07-10,1236,D,0
-16.8997,30.7072,310.2,2023-07-10,1236,D,0
-16.9958,29.7157,321.9,2023-07-10,1236,D,0
-16.9808,29.7123,323.5,2023-07-10,1236,D,0
-16.8675,30.137,316.7,2023-07-10,1236,D,0
-16.852,30.1339,313.8,2023-07-10,1236,D,0
-16.8587,30.1303,321.2,2023-07-10,1236,D,0
-16.5612,29.5033,317.5,2023-07-10,1237,D,0
-16.5813,29.4783,328.3,2023-07-10,1237,D,0
-16.5761,29.5064,360.0,2023-07-10,1237,D,0
-16.2295,29.4745,321.8,2023-07-10,1237,D,0
-16.459,31.0141,309.8,2023-07-10,1237,D,0
-16.4561,31.0095,312.1,2023-07-10,1237,D,0
-16.588,29.5139,314.6,2023-07-10,1237,D,0
-16.5934,29.486,320.3,2023-07-10,1237,D,0
-16.5731,29.5107,359.9,2023-07-10,1237,D,0
-16.5786,29.4827,339.9,2023-07-10,1237,D,0
-16.5909,29.5098,318.1,2023-07-10,1237,D,0
-16.2314,29.4508,327.0,2023-07-10,1237,D,0
-16.2346,29.4471,322.5,2023-07-10,1237,D,0
-16.2261,29.4783,317.7,2023-07-10,1237,D,0
-16.4144,30.0421,312.2,2023-07-10,1237,D,0
-20.5309,28.0125,314.0,2023-07-10,2002,N,0
-20.5427,28.0139,335.7,2023-07-10,2002,N,0
-16.837,32.0516,302.6,2023-07-10,2002,N,0
-17.3562,30.2839,301.9,2023-07-10,2002,N,0
-17.3658,30.2853,322.4,2023-07-10,2002,N,0
-17.3726,30.3087,300.2,2023-07-10,2002,N,0
-17.3917,30.4182,317.2,2023-07-10,2002,N,0
-17.5563,30.1542,319.1,2023-07-10,2002,N,0
-17.5149,30.5518,304.3,2023-07-10,2002,N,0
-17.4151,31.511,300.6,2023-07-10,2002,N,0
-17.9001,27.8968,307.3,2023-07-10,2002,N,0
-17.7632,30.1258,302.4,2023-07-10,2002,N,0
-16.2413,29.1872,320.1,2023-07-10,2003,N,0
-16.4308,31.0421,306.0,2023-07-10,2003,N,0
-16.2075,29.4648,306.6,2023-07-10,2003,N,0
-16.2089,29.4527,309.6,2023-07-10,2003,N,0
-16.2398,29.1999,302.9,2023-07-10,2003,N,0
-16.2082,29.4583,314.3,2023-07-10,2003,N,0
-16.2422,29.1936,320.2,2023-07-10,2003,N,0
-16.2013,29.4573,315.9,2023-07-10,2328,N,0
-16.2055,29.483,342.1,2023-07-10,2328,N,0
-16.2034,29.4701,306.7,2023-07-10,2328,N,0
-16.2074,29.4305,301.4,2023-07-10,2328,N,0
-16.2075,29.495,304.2,2023-07-10,2328,N,0
-16.2387,29.1974,305.6,2023-07-10,2328,N,0
-16.1952,29.4845,312.3,2023-07-10,2328,N,0
-17.5645,30.6995,304.2,2023-07-10,2329,N,0
-17.559,30.6966,301.1,2023-07-10,2329,N,0
-20.5125,27.9985,317.4,2023-07-10,2330,N,0
-20.5252,28.0098,302.0,2023-07-10,2330,N,0
-20.5357,28.0077,320.6,2023-07-10,2330,N,0
-20.5412,28.0009,302.5,2023-07-10,2330,N,0
-20.5435,28.0143,314.7,2023-07-10,2330,N,0
-20.523,27.9964,308.1,2023-07-10,2330,N,0
-17.9548,28.2586,306.4,2023-07-11,832,D,0
-17.0396,29.6149,309.8,2023-07-11,832,D,0
-17.0293,29.6228,306.2,2023-07-11,832,D,0
-18.4259,26.4186,305.0,2023-07-11,832,D,0
-17.9604,28.2774,303.9,2023-07-11,832,D,0
-17.9578,28.2515,306.2,2023-07-11,832,D,0
-17.6584,27.3412,304.6,2023-07-11,832,D,0
-17.4945,29.302,310.2,2023-07-11,1140,D,0
-18.6563,29.0263,310.4,2023-07-11,1140,D,0
-18.2959,30.7153,305.6,2023-07-11,1140,D,0
-18.228,29.839,310.3,2023-07-11,1140,D,0
-18.2334,29.8347,310.8,2023-07-11,1140,D,0
-18.111,30.1679,315.2,2023-07-11,1140,D,0
-18.1129,30.1521,325.5,2023-07-11,1140,D,0
-17.8396,30.8208,305.5,2023-07-11,1140,D,0
-17.7589,30.623,318.8,2023-07-11,1140,D,0
-17.7618,29.1301,305.4,2023-07-11,1140,D,0
-17.8475,27.8933,308.6,2023-07-11,1140,D,0
-17.3696,30.7216,311.4,2023-07-11,1140,D,0
-17.3437,28.5678,312.0,2023-07-11,1140,D,0
-16.6751,29.0852,303.1,2023-07-12,735,D,0
-16.8498,30.7928,306.8,2023-07-12,735,D,0
-16.7061,31.4326,305.7,2023-07-12,735,D,0
-16.5909,31.2943,309.4,2023-07-12,735,D,0
-16.1908,29.4827,306.3,2023-07-12,735,D,0
-16.1846,29.4889,308.2,2023-07-12,735,D,0
-17.8589,25.6163,303.8,2023-07-12,735,D,0
-17.8627,25.6215,301.8,2023-07-12,735,D,0
-18.2675,29.878,301.7,2023-07-12,735,D,0
-18.0629,30.4448,308.6,2023-07-12,735,D,0
-17.9335,31.4716,323.5,2023-07-12,735,D,0
-17.9316,31.4599,314.8,2023-07-12,735,D,0
-17.8259,31.3142,300.2,2023-07-12,735,D,0
-17.3998,30.4105,304.8,2023-07-12,735,D,0
-17.3067,30.4052,308.9,2023-07-12,735,D,0
-17.3043,30.3911,316.8,2023-07-12,735,D,0
-17.1473,30.6881,307.2,2023-07-12,735,D,0
-17.145,30.6741,303.9,2023-07-12,735,D,0
-16.6704,29.74,323.0,2023-07-12,1222,D,0
-19.3935,30.6544,301.5,2023-07-12,1222,D,0
-19.3214,29.8884,306.7,2023-07-12,1222,D,0
-19.3199,29.8981,308.7,2023-07-12,1222,D,0
-19.2683,29.7345,310.7,2023-07-12,1222,D,0
-18.9112,29.5968,313.4,2023-07-12,1222,D,0
-18.907,29.6043,308.3,2023-07-12,1222,D,0
-18.9094,29.5897,308.5,2023-07-12,1222,D,0
-18.6013,31.2292,306.0,2023-07-12,1222,D,0
-18.6048,31.2099,307.8,2023-07-12,1222,D,0
-18.589,31.2265,307.2,2023-07-12,1222,D,0
-18.5924,31.2074,311.3,2023-07-12,1222,D,0
-18.7891,29.5612,310.6,2023-07-12,1222,D,0
-18.4943,31.1032,314.8,2023-07-12,1222,D,0
-18.4977,31.0845,314.6,2023-07-12,1222,D,0
-18.4854,31.082,317.3,2023-07-12,1222,D,0
-18.4361,29.7975,311.9,2023-07-12,1222,D,0
-18.1169,31.4311,305.5,2023-07-12,1222,D,0
-18.1048,31.0518,309.5,2023-07-12,1222,D,0
-17.966,29.5775,310.2,2023-07-12,1222,D,0
-17.9685,29.5626,320.1,2023-07-12,1222,D,0
-18.4363,26.4207,316.2,2023-07-12,1222,D,0
-17.7576,30.4327,307.4,2023-07-12,1222,D,0
-18.3714,26.0044,312.0,2023-07-12,1222,D,0
-17.4462,31.4219,312.7,2023-07-12,1222,D,0
-17.9714,28.2437,311.0,2023-07-12,1222,D,0
-16.9601,30.829,309.5,2023-07-12,1222,D,0
-16.6754,31.0227,308.5,2023-07-12,1222,D,0
-16.4961,31.2768,312.7,2023-07-12,1222,D,0
-16.4962,31.294,306.3,2023-07-12,1222,D,0
-16.5,31.2724,309.3,2023-07-12,1222,D,0
-16.6013,30.2583,342.4,2023-07-12,1222,D,0
-16.6044,30.2406,334.8,2023-07-12,1222,D,0
-16.6673,29.7465,333.0,2023-07-12,1222,D,0
-16.5963,30.2502,321.1,2023-07-12,1222,D,0
-16.6677,29.7562,317.2,2023-07-12,1222,D,0
-16.4766,29.4477,315.6,2023-07-12,1222,D,0
-16.9542,29.4197,321.2,2023-07-13,815,D,0
-16.8348,29.5626,309.1,2023-07-13,815,D,0
-16.9559,29.4282,328.2,2023-07-13,815,D,0
-16.9447,29.4296,318.9,2023-07-13,815,D,0
-16.9561,29.4347,319.0,2023-07-13,815,D,0
-18.318,32.0845,316.1,2023-07-13,816,D,0
-18.0382,30.4863,304.3,2023-07-13,816,D,0
-17.8844,30.5163,305.4,2023-07-13,816,D,0
-17.8126,31.484,320.6,2023-07-13,816,D,0
-17.8102,31.462,306.3,2023-07-13,816,D,0
-17.7168,31.3408,303.1,2023-07-13,816,D,0
-17.8087,31.4791,322.7,2023-07-13,816,D,0
-19.18,29.9005,301.3,2023-07-13,816,D,0
-18.4853,31.1146,301.9,2023-07-13,816,D,0
-18.3332,31.9022,309.5,2023-07-13,816,D,0
-18.3248,31.8854,303.6,2023-07-13,816,D,0
-19.6768,29.7049,311.4,2023-07-13,1125,D,0
-16.5204,29.3969,324.4,2023-07-13,1126,D,0
-16.5237,29.364,323.3,2023-07-13,1126,D,0
-16.508,29.3621,326.2,2023-07-13,1126,D,0
-16.5222,29.4217,318.9,2023-07-13,1126,D,0
-16.5256,29.3901,339.9,2023-07-13,1126,D,0
-16.5099,29.3882,324.6,2023-07-13,1126,D,0
-16.5135,29.3551,327.3,2023-07-13,1126,D,0
-18.92,30.535,318.0,2023-07-13,1126,D,0
-16.2608,30.3025,320.1,2023-07-13,1126,D,0
-16.2563,30.3215,314.7,2023-07-13,1126,D,0
-16.2593,30.2957,314.3,2023-07-13,1126,D,0
-16.258,30.3287,308.1,2023-07-13,1126,D,0
-18.9203,30.5281,314.3,2023-07-13,1126,D,0
-18.488,31.0981,308.0,2023-07-13,1126,D,0
-18.3408,32.7175,303.4,2023-07-13,1126,D,0
-17.3139,31.5836,312.4,2023-07-13,1126,D,0
-17.0568,31.0644,309.1,2023-07-13,1126,D,0
-17.0327,30.1348,333.7,2023-07-13,1126,D,0
-16.9068,31.0361,316.2,2023-07-13,1126,D,0
-17.0054,29.647,312.4,2023-07-13,1126,D,0
-16.7974,30.941,312.4,2023-07-13,1126,D,0
-16.8072,30.9372,314.0,2023-07-13,1126,D,0
-16.7329,29.8142,314.8,2023-07-13,1126,D,0
-16.8136,28.9972,309.9,2023-07-13,1126,D,0
-16.7362,29.8104,313.8,2023-07-13,1126,D,0
-16.8231,28.9932,308.3,2023-07-13,1126,D,0
-16.5299,31.0364,312.6,2023-07-13,1126,D,0
-16.5361,29.3986,339.6,2023-07-13,1126,D,0
-18.3943,30.4306,315.3,2023-07-13,2026,N,0
-18.3707,26.4817,300.7,2023-07-13,2026,N,0
-17.2381,30.5439,316.6,2023-07-14,718,D,0
-17.2382,30.551,311.2,2023-07-14,718,D,0
-17.233,30.5232,310.0,2023-07-14,718,D,0
-17.3262,31.5309,301.4,2023-07-14,718,D,0
-18.329,31.9048,319.7,2023-07-14,719,D,0
-18.3271,31.8894,308.5,2023-07-14,719,D,0
-18.3308,31.9104,313.8,2023-07-14,719,D,0
-18.0947,30.6738,303.8,2023-07-14,719,D,0
-21.1149,31.6154,300.7,2023-07-14,719,D,0
-20.847,32.3118,324.6,2023-07-14,719,D,0
-20.8438,32.2941,352.1,2023-07-14,719,D,0
-20.0525,30.8729,300.7,2023-07-14,719,D,0
-18.092,30.6806,300.4,2023-07-14,719,D,0
-18.338,32.7122,336.1,2023-07-14,1207,D,0
-19.4594,31.1794,323.9,2023-07-14,1207,D,0
-18.5012,32.2221,336.3,2023-07-14,1207,D,0
-20.1476,29.3416,306.4,2023-07-14,1207,D,0
-21.3185,30.6274,320.8,2023-07-14,1207,D,0
-21.3169,30.6375,315.6,2023-07-14,1207,D,0
-18.7718,32.3848,306.5,2023-07-14,1207,D,0
-17.9293,27.6885,331.2,2023-07-14,1208,D,0
-18.1852,31.8328,316.7,2023-07-14,1208,D,0
-18.6942,27.9991,316.0,2023-07-14,1208,D,0
-17.7759,32.0144,312.5,2023-07-14,1208,D,0
-17.8074,30.2587,317.1,2023-07-14,1208,D,0
-17.9357,27.705,326.8,2023-07-14,1208,D,0
-17.9371,27.6956,376.7,2023-07-14,1208,D,0
-17.9384,27.6861,322.3,2023-07-14,1208,D,0
-17.9279,27.698,330.1,2023-07-14,1208,D,0
-17.9203,27.6871,318.9,2023-07-14,1208,D,0
-17.9216,27.6776,313.7,2023-07-14,1208,D,0
-17.4363,30.0875,347.3,2023-07-14,1208,D,0
-17.4371,29.2978,313.0,2023-07-14,1208,D,0
-17.4369,29.1738,316.3,2023-07-14,1208,D,0
-16.9097,29.2518,315.7,2023-07-14,1208,D,0
-16.6013,29.4588,309.7,2023-07-14,1208,D,0
-16.6103,29.1003,322.9,2023-07-14,1208,D,0
-16.5462,29.4039,317.3,2023-07-14,1208,D,0
-16.5356,29.4121,315.7,2023-07-14,1208,D,0
-16.4248,29.4075,315.7,2023-07-14,1208,D,0
-16.4263,29.3977,318.6,2023-07-14,1208,D,0
-16.3336,29.0356,316.6,2023-07-14,1208,D,0
-16.483,29.7876,305.7,2023-07-15,759,D,0
-16.8745,28.8548,309.8,2023-07-15,759,D,0
-16.6362,29.1176,315.3,2023-07-15,759,D,0
-18.4331,26.4229,310.2,2023-07-15,759,D,0
-18.4266,26.4201,311.6,2023-07-15,759,D,0
-18.3694,26.4823,312.4,2023-07-15,759,D,0
-17.6682,30.3086,312.6,2023-07-15,759,D,0
-17.6668,30.2986,314.3,2023-07-15,759,D,0
-17.4726,30.3451,305.4,2023-07-15,2010,N,0
-16.6616,29.7629,300.2,2023-07-15,2342,N,0
-17.6805,31.0247,312.3,2023-07-16,1153,D,0
-18.3607,25.533,376.0,2023-07-16,1153,D,0
-18.3629,25.5127,387.5,2023-07-16,1153,D,0
-18.3615,25.5283,394.5,2023-07-16,1153,D,0
-18.3639,25.508,369.8,2023-07-16,1153,D,0
-17.8527,29.5072,314.5,2023-07-16,1153,D,0
-17.8541,29.4964,327.8,2023-07-16,1153,D,0
-17.5942,31.3145,319.1,2023-07-16,1153,D,0
-17.531,31.6296,320.6,2023-07-16,1153,D,0
-17.6885,30.177,314.1,2023-07-16,1153,D,0
-17.6572,30.3354,315.9,2023-07-16,1153,D,0
-17.6586,30.3255,313.9,2023-07-16,1153,D,0
-17.648,30.3341,317.5,2023-07-16,1153,D,0
-17.613,30.5199,317.7,2023-07-16,1153,D,0
-17.6144,30.5101,331.7,2023-07-16,1153,D,0
-17.6228,30.0328,317.6,2023-07-16,1153,D,0
-17.3433,31.1987,311.6,2023-07-16,1153,D,0
-17.3447,31.1893,314.7,2023-07-16,1153,D,0
-18.195,31.8063,318.5,2023-07-16,1153,D,0
-20.8382,31.8531,317.2,2023-07-16,1153,D,0
-20.3966,29.2945,316.9,2023-07-16,1153,D,0
-20.3982,29.2824,310.0,2023-07-16,1153,D,0
-19.9298,31.2452,310.7,2023-07-16,1153,D,0
-20.1628,28.6529,333.5,2023-07-16,1153,D,0
-19.787,31.147,313.9,2023-07-16,1153,D,0
-19.7779,31.1456,311.0,2023-07-16,1153,D,0
-19.7873,31.0766,312.2,2023-07-16,1153,D,0
-19.6287,31.0299,328.3,2023-07-16,1153,D,0
-19.63,31.02,345.0,2023-07-16,1153,D,0
-19.6195,31.0285,341.8,2023-07-16,1153,D,0
-19.6209,31.0186,366.3,2023-07-16,1153,D,0
-19.9028,28.8512,327.5,2023-07-16,1153,D,0
-19.5426,30.7769,346.1,2023-07-16,1153,D,0
-19.5439,30.7669,334.9,2023-07-16,1153,D,0
-19.5366,30.7704,312.4,2023-07-16,1153,D,0
-19.4167,29.8703,310.5,2023-07-16,1153,D,0
-19.403,29.9012,312.7,2023-07-16,1153,D,0
-18.9533,32.4215,315.8,2023-07-16,1153,D,0
-19.0131,31.2948,310.1,2023-07-16,1153,D,0
-19.0664,30.9067,313.0,2023-07-16,1153,D,0
-19.0678,30.8968,353.5,2023-07-16,1153,D,0
-19.0992,30.5389,320.3,2023-07-16,1153,D,0
-19.1006,30.5288,319.6,2023-07-16,1153,D,0
-18.8117,32.4438,324.4,2023-07-16,1153,D,0
-18.8054,32.2985,343.3,2023-07-16,1153,D,0
-18.8068,32.2891,320.0,2023-07-16,1153,D,0
-18.7965,32.2971,336.7,2023-07-16,1153,D,0
-18.8426,31.1316,315.8,2023-07-16,1153,D,0
-18.9048,30.5485,319.6,2023-07-16,1153,D,0
-18.9062,30.5384,321.1,2023-07-16,1153,D,0
-18.6259,32.2666,309.8,2023-07-16,1153,D,0
-18.6273,32.2573,310.9,2023-07-16,1153,D,0
-18.5893,32.14,327.8,2023-07-16,1153,D,0
-18.5907,32.1307,311.8,2023-07-16,1153,D,0
-18.5774,32.0327,312.8,2023-07-16,1153,D,0
-18.5788,32.0233,311.7,2023-07-16,1153,D,0
-18.7672,30.5425,314.1,2023-07-16,1153,D,0
-18.7712,30.3198,313.4,2023-07-16,1153,D,0
-18.619,31.3485,310.3,2023-07-16,1153,D,0
-18.6243,31.3104,324.5,2023-07-16,1153,D,0
-18.6257,31.3009,309.9,2023-07-16,1153,D,0
-18.6261,30.4372,329.8,2023-07-16,1153,D,0
-18.6275,30.4271,331.6,2023-07-16,1153,D,0
-18.9711,27.7668,312.3,2023-07-16,1153,D,0
-18.6169,30.4358,321.4,2023-07-16,1153,D,0
-18.6182,30.4257,326.8,2023-07-16,1153,D,0
-18.4251,31.5544,331.2,2023-07-16,1153,D,0
-18.4264,31.5449,316.2,2023-07-16,1153,D,0
-18.5158,30.8385,314.2,2023-07-16,1153,D,0
-18.5112,30.7377,313.6,2023-07-16,1153,D,0
-18.4591,30.7096,315.0,2023-07-16,1153,D,0
-18.546,30.0635,320.7,2023-07-16,1153,D,0
-18.2694,31.6138,311.5,2023-07-16,1153,D,0
-18.3471,30.9948,314.7,2023-07-16,1153,D,0
-18.5462,29.286,313.0,2023-07-16,1153,D,0
-18.186,31.8049,315.0,2023-07-16,1153,D,0
-18.1874,31.7955,311.7,2023-07-16,1153,D,0
-18.3955,30.3112,311.8,2023-07-16,1153,D,0
-18.1409,31.8646,314.3,2023-07-16,1153,D,0
-18.136,31.8352,322.6,2023-07-16,1153,D,0
-18.1367,31.446,314.3,2023-07-16,1153,D,0
-18.1277,31.4446,320.9,2023-07-16,1153,D,0
-18.2732,30.4001,313.4,2023-07-16,1153,D,0
-18.2745,30.3901,327.0,2023-07-16,1153,D,0
-18.2219,30.7055,322.6,2023-07-16,1153,D,0
-18.2232,30.6957,321.4,2023-07-16,1153,D,0
-18.2639,30.3987,316.6,2023-07-16,1153,D,0
-18.2653,30.3887,364.1,2023-07-16,1153,D,0
-18.2667,30.3787,344.9,2023-07-16,1153,D,0
-18.0434,31.8432,323.1,2023-07-16,1153,D,0
-18.1862,30.8293,312.4,2023-07-16,1153,D,0
-18.0345,31.8418,324.8,2023-07-16,1153,D,0
-18.1596,30.6895,321.7,2023-07-16,1153,D,0
-18.0982,30.9966,317.4,2023-07-16,1153,D,0
-18.0996,30.9869,313.7,2023-07-16,1153,D,0
-18.0798,31.0622,322.6,2023-07-16,1153,D,0
-18.0892,30.9952,326.5,2023-07-16,1153,D,0
-18.1083,30.7912,321.4,2023-07-16,1153,D,0
-18.1096,30.7814,327.7,2023-07-16,1153,D,0
-18.2099,29.8291,316.9,2023-07-16,1153,D,0
-17.9187,31.6199,326.6,2023-07-16,1153,D,0
-17.9801,31.1869,313.9,2023-07-16,1153,D,0
-17.9815,31.1774,323.9,2023-07-16,1153,D,0
-17.9725,31.176,324.2,2023-07-16,1153,D,0
-18.1927,29.4145,312.5,2023-07-16,1153,D,0
-17.8295,31.5322,315.8,2023-07-16,1153,D,0
-17.8309,31.5229,327.7,2023-07-16,1153,D,0
-17.8206,31.5308,315.0,2023-07-16,1153,D,0
-17.8219,31.5215,316.7,2023-07-16,1153,D,0
-18.0726,29.6994,314.7,2023-07-16,1153,D,0
-17.8415,30.2634,315.1,2023-07-16,1153,D,0
-17.7246,30.9731,324.5,2023-07-16,1153,D,0
-17.7155,30.9717,333.0,2023-07-16,1153,D,0
-17.7169,30.9622,322.2,2023-07-16,1153,D,0
-17.7078,30.9608,374.0,2023-07-16,1153,D,0
-17.7092,30.9512,337.2,2023-07-16,1153,D,0
-18.3757,25.5143,317.4,2023-07-16,1153,D,0
-17.4037,30.3655,315.1,2023-07-16,1154,D,0
-17.382,30.3365,326.9,2023-07-16,1154,D,0
-17.3834,30.3266,323.9,2023-07-16,1154,D,0
-17.3186,30.457,313.7,2023-07-16,1154,D,0
-17.0644,31.9238,318.4,2023-07-16,1154,D,0
-17.2226,30.6837,315.9,2023-07-16,1154,D,0
-17.2799,31.323,319.2,2023-07-16,1154,D,0
-17.1365,31.2309,329.4,2023-07-16,1154,D,0
-17.1378,31.2216,315.3,2023-07-16,1154,D,0
-17.2926,29.9696,335.2,2023-07-16,1154,D,0
-16.9495,31.6435,319.4,2023-07-16,1154,D,0
-16.9509,31.6342,325.2,2023-07-16,1154,D,0
-16.8173,32.1672,320.2,2023-07-16,1154,D,0
-16.8187,32.1579,315.3,2023-07-16,1154,D,0
-16.8334,31.9318,344.6,2023-07-16,1154,D,0
-16.8348,31.9225,324.4,2023-07-16,1154,D,0
-17.0554,30.0397,355.1,2023-07-16,1154,D,0
-17.1197,29.5691,328.3,2023-07-16,1154,D,0
-17.1211,29.5586,327.5,2023-07-16,1154,D,0
-17.0461,30.0383,368.7,2023-07-16,1154,D,0
-17.0475,30.0283,324.1,2023-07-16,1154,D,0
-16.9463,30.6914,325.3,2023-07-16,1154,D,0
-16.9372,30.69,318.0,2023-07-16,1154,D,0
-16.9386,30.6804,316.0,2023-07-16,1154,D,0
-17.0273,29.7567,336.1,2023-07-16,1154,D,0
-17.0286,29.7464,342.8,2023-07-16,1154,D,0
-17.0165,29.7655,344.8,2023-07-16,1154,D,0
-17.0179,29.7552,351.2,2023-07-16,1154,D,0
-17.0193,29.745,380.0,2023-07-16,1154,D,0
-17.097,28.9032,314.5,2023-07-16,1154,D,0
-16.8827,30.3499,317.1,2023-07-16,1154,D,0
-16.9269,29.7457,317.1,2023-07-16,1154,D,0
-16.921,29.7497,325.1,2023-07-16,1154,D,0
-16.9116,29.7485,320.2,2023-07-16,1154,D,0
-16.6519,30.7539,328.2,2023-07-16,1154,D,0
-16.5853,30.7088,325.1,2023-07-16,1154,D,0
-16.5866,30.6993,352.6,2023-07-16,1154,D,0
-16.5776,30.698,337.4,2023-07-16,1154,D,0
-16.7138,29.5704,330.9,2023-07-16,1154,D,0
-16.7152,29.5601,362.3,2023-07-16,1154,D,0
-16.4485,29.4911,311.2,2023-07-16,1154,D,0
-16.9749,30.3915,306.7,2023-07-17,742,D,0
-16.4211,31.4546,317.3,2023-07-17,742,D,0
-16.5017,30.002,307.6,2023-07-17,742,D,0
-16.5042,30.0073,307.2,2023-07-17,742,D,0
-16.5264,29.3262,331.1,2023-07-17,742,D,0
-16.5284,29.3386,311.1,2023-07-17,742,D,0
-16.5366,29.3243,325.5,2023-07-17,742,D,0
-17.2646,31.2462,346.8,2023-07-17,742,D,0
-17.2661,31.256,325.7,2023-07-17,742,D,0
-16.9029,28.9388,308.2,2023-07-17,742,D,0
-17.3343,31.3953,308.7,2023-07-17,742,D,0
-17.5268,30.9089,316.2,2023-07-17,743,D,0
-17.5284,30.919,309.8,2023-07-17,743,D,0
-17.5246,30.117,307.5,2023-07-17,743,D,0
-17.633,30.712,307.6,2023-07-17,743,D,0
-17.6346,30.7223,313.2,2023-07-17,743,D,0
-17.8781,31.5769,319.4,2023-07-17,743,D,0
-17.8796,31.5865,320.9,2023-07-17,743,D,0
-17.9091,31.4142,306.9,2023-07-17,743,D,0
-17.7916,30.584,315.2,2023-07-17,743,D,0
-17.7932,30.5944,320.2,2023-07-17,743,D,0
-17.7978,30.587,340.3,2023-07-17,743,D,0
-17.9715,31.2183,306.6,2023-07-17,743,D,0
-18.0407,30.7755,321.3,2023-07-17,743,D,0
-18.0423,30.7857,308.3,2023-07-17,743,D,0
-18.1886,31.0121,309.6,2023-07-17,743,D,0
-18.167,30.8105,307.4,2023-07-17,743,D,0
-18.4223,32.193,339.4,2023-07-17,743,D,0
-18.4237,32.2024,325.7,2023-07-17,743,D,0
-18.2164,29.8223,310.8,2023-07-17,743,D,0
-18.2692,29.8868,310.4,2023-07-17,743,D,0
-18.7029,32.7282,304.6,2023-07-17,743,D,0
-17.9824,27.6817,309.5,2023-07-17,743,D,0
-18.395,29.972,306.0,2023-07-17,743,D,0
-18.6506,31.4404,311.8,2023-07-17,743,D,0
-18.6521,31.45,308.2,2023-07-17,743,D,0
-18.5391,30.0522,309.5,2023-07-17,743,D,0
-18.8419,31.1224,322.8,2023-07-17,743,D,0
-18.8433,31.1321,331.9,2023-07-17,743,D,0
-18.8457,30.4893,352.0,2023-07-17,743,D,0
-18.8473,30.4996,316.4,2023-07-17,743,D,0
-18.855,30.4878,308.2,2023-07-17,743,D,0
-18.8155,29.7773,307.3,2023-07-17,743,D,0
-19.093,30.5439,309.2,2023-07-17,743,D,0
-19.101,30.1051,309.1,2023-07-17,743,D,0
-19.6021,31.0257,306.5,2023-07-17,743,D,0
-19.6112,31.0241,307.1,2023-07-17,743,D,0
-19.9084,32.6609,307.0,2023-07-17,743,D,0
-19.7075,30.7527,313.2,2023-07-17,743,D,0
-19.7091,30.7626,305.5,2023-07-17,743,D,0
-20.0768,29.0738,322.5,2023-07-17,743,D,0
-20.0547,31.2893,312.9,2023-07-17,1234,D,0
-20.0394,31.2855,311.5,2023-07-17,1234,D,0
-17.5429,31.0617,310.0,2023-07-17,1235,D,0
-16.6824,31.1812,324.4,2023-07-17,1235,D,0
-16.6895,31.1445,315.0,2023-07-17,1235,D,0
-16.9152,29.5694,327.8,2023-07-17,1235,D,0
-16.9105,29.5914,315.2,2023-07-17,1235,D,0
-16.9156,29.5643,323.4,2023-07-17,1235,D,0
-16.7698,29.4439,329.5,2023-07-17,1235,D,0
-16.7647,29.4652,314.2,2023-07-17,1235,D,0
-16.7695,29.4388,326.5,2023-07-17,1235,D,0
-16.7884,29.0183,316.3,2023-07-17,1235,D,0
-16.7928,28.9942,313.0,2023-07-17,1235,D,0
-19.8578,29.9366,311.3,2023-07-17,1235,D,0
-19.8438,29.9334,317.8,2023-07-17,1235,D,0
-19.5989,31.0164,313.4,2023-07-17,1235,D,0
-19.6039,31.0126,314.1,2023-07-17,1235,D,0
-19.3843,30.6349,328.5,2023-07-17,1235,D,0
-19.3797,30.6564,316.3,2023-07-17,1235,D,0
-19.3854,30.6272,321.3,2023-07-17,1235,D,0
-19.4357,29.8897,309.5,2023-07-17,1235,D,0
-19.1132,31.384,312.2,2023-07-17,1235,D,0
-18.844,32.2748,309.6,2023-07-17,1235,D,0
-18.8404,32.2659,307.8,2023-07-17,1235,D,0
-19.339,29.6774,311.9,2023-07-17,1235,D,0
-19.0563,30.6621,314.8,2023-07-17,1235,D,0
-18.7285,31.828,310.4,2023-07-17,1235,D,0
-18.7245,31.8224,308.6,2023-07-17,1235,D,0
-18.7333,31.5225,308.5,2023-07-17,1235,D,0
-18.5844,31.0171,318.9,2023-07-17,1235,D,0
-18.5909,30.9849,314.3,2023-07-17,1235,D,0
-18.5895,31.0104,324.5,2023-07-17,1235,D,0
-18.4724,31.1897,310.8,2023-07-17,1235,D,0
-18.4634,31.1529,333.5,2023-07-17,1235,D,0
-18.4651,31.1831,313.6,2023-07-17,1235,D,0
-18.4716,31.1499,312.0,2023-07-17,1235,D,0
-18.4558,31.1465,325.8,2023-07-17,1235,D,0
-18.2488,31.7588,309.0,2023-07-17,1235,D,0
-18.2781,31.2382,313.9,2023-07-17,1235,D,0
-18.2873,31.2354,311.7,2023-07-17,1235,D,0
-18.9738,27.2838,324.6,2023-07-17,1235,D,0
-18.9768,27.2669,338.2,2023-07-17,1235,D,0
-18.9621,27.2815,318.4,2023-07-17,1235,D,0
-18.9651,27.2646,369.9,2023-07-17,1235,D,0
-18.968,27.2477,366.6,2023-07-17,1235,D,0
-18.9534,27.2622,335.9,2023-07-17,1235,D,0
-18.9564,27.2454,334.9,2023-07-17,1235,D,0
-18.1794,30.7297,309.7,2023-07-17,1235,D,0
-18.2274,30.3314,312.5,2023-07-17,1235,D,0
-18.1699,30.7225,312.4,2023-07-17,1235,D,0
-18.2304,30.327,313.6,2023-07-17,1235,D,0
-18.0933,30.7051,315.3,2023-07-17,1235,D,0
-17.9725,31.2239,311.4,2023-07-17,1235,D,0
-18.0972,30.6983,317.6,2023-07-17,1235,D,0
-17.9801,31.218,323.5,2023-07-17,1235,D,0
-18.039,30.7506,313.0,2023-07-17,1235,D,0
-17.8812,31.3782,315.7,2023-07-17,1235,D,0
-18.0868,30.1093,330.7,2023-07-17,1235,D,0
-18.0924,30.0812,312.7,2023-07-17,1235,D,0
-17.876,31.3722,314.3,2023-07-17,1235,D,0
-18.0887,30.1045,330.0,2023-07-17,1235,D,0
-17.8764,29.932,327.4,2023-07-17,1235,D,0
-17.6912,30.79,311.7,2023-07-17,1235,D,0
-17.8756,29.9243,327.0,2023-07-17,1235,D,0
-17.6674,30.1373,313.2,2023-07-17,1235,D,0
-17.6729,30.1088,320.9,2023-07-17,1235,D,0
-17.6054,30.2156,313.9,2023-07-17,1235,D,0
-17.6683,30.1297,318.8,2023-07-17,1235,D,0
-17.6736,30.1013,314.9,2023-07-17,1235,D,0
-17.5656,30.2604,326.5,2023-07-17,1235,D,0
-17.5713,30.2313,324.0,2023-07-17,1235,D,0
-17.5346,30.1009,328.0,2023-07-17,1235,D,0
-17.5543,30.2537,318.7,2023-07-17,1235,D,0
-17.5598,30.2243,318.0,2023-07-17,1235,D,0
-17.5373,30.0968,326.0,2023-07-17,1235,D,0
-17.4941,30.2412,317.8,2023-07-17,1235,D,0
-17.5224,30.0935,322.7,2023-07-17,1235,D,0
-17.9705,27.6683,315.1,2023-07-17,1235,D,0
-17.4441,30.418,317.0,2023-07-17,1235,D,0
-17.4289,30.4149,326.3,2023-07-17,1235,D,0
-17.4011,30.3145,313.4,2023-07-17,1235,D,0
-17.4262,30.4386,321.2,2023-07-17,1235,D,0
-17.4321,30.4078,320.9,2023-07-17,1235,D,0
-17.4037,30.3072,316.0,2023-07-17,1235,D,0
-17.3315,30.5166,310.2,2023-07-17,1235,D,0
-17.1032,31.046,311.0,2023-07-17,1235,D,0
-17.5743,28.0335,313.7,2023-07-17,1235,D,0
-17.578,28.0138,316.8,2023-07-17,1235,D,0
-17.5764,28.0289,317.6,2023-07-17,1235,D,0
-17.5799,28.0091,312.4,2023-07-17,1235,D,0
-17.0542,29.9636,311.0,2023-07-17,1235,D,0
-16.6811,31.5881,311.7,2023-07-17,1235,D,0
-16.6793,31.5827,312.0,2023-07-17,1235,D,0
-16.6798,31.1505,318.8,2023-07-17,1235,D,0
-17.2112,28.4446,314.8,2023-07-17,1235,D,0
-16.532,29.3239,316.3,2023-07-17,1236,D,0
-16.5296,29.3162,314.1,2023-07-17,1236,D,0
-18.2725,32.8231,307.5,2023-07-17,1953,N,0
-16.501,32.071,303.6,2023-07-17,1954,N,0
-17.1413,29.5528,300.3,2023-07-17,1954,N,0
-16.4984,32.0715,302.4,2023-07-17,2327,N,0
-18.2632,32.8257,300.1,2023-07-17,2328,N,0
-18.2618,32.8164,315.8,2023-07-17,2328,N,0
-18.2501,32.7991,300.7,2023-07-17,2328,N,0
-18.0789,31.6187,317.5,2023-07-17,2328,N,0
-17.423,30.4059,322.7,2023-07-18,823,D,0
-16.4411,29.9948,304.8,2023-07-18,823,D,0
-16.4437,30.0183,328.8,2023-07-18,823,D,0
-16.4375,30.0126,326.2,2023-07-18,823,D,0
-17.0248,29.6511,308.3,2023-07-18,823,D,0
-17.0381,29.6497,342.2,2023-07-18,823,D,0
-17.0406,29.6716,308.4,2023-07-18,823,D,0
-17.0341,29.6446,338.7,2023-07-18,823,D,0
-17.0364,29.6666,318.9,2023-07-18,823,D,0
-17.2103,30.6516,317.5,2023-07-18,823,D,0
-17.1224,29.5904,312.4,2023-07-18,823,D,0
-17.1332,29.5671,315.4,2023-07-18,823,D,0
-17.1357,29.589,312.9,2023-07-18,823,D,0
-17.1294,29.5607,310.3,2023-07-18,823,D,0
-17.1318,29.5826,325.1,2023-07-18,823,D,0
-17.2779,30.301,305.2,2023-07-18,823,D,0
-17.2826,30.2949,308.1,2023-07-18,823,D,0
-17.4259,30.4315,314.6,2023-07-18,823,D,0
-17.4266,30.3987,318.9,2023-07-18,823,D,0
-17.4293,30.4243,327.1,2023-07-18,823,D,0
-17.5289,30.5122,320.1,2023-07-18,823,D,0
-17.5316,30.5384,326.7,2023-07-18,823,D,0
-17.5433,30.5105,320.8,2023-07-18,823,D,0
-17.546,30.5366,327.8,2023-07-18,823,D,0
-17.5709,30.778,307.4,2023-07-18,823,D,0
-17.5737,30.8055,315.4,2023-07-18,823,D,0
-17.8536,31.4826,305.6,2023-07-18,823,D,0
-18.2863,32.8083,304.7,2023-07-18,823,D,0
-18.2897,32.8438,314.5,2023-07-18,823,D,0
-18.0654,30.4772,312.6,2023-07-18,823,D,0
-18.255,32.806,306.0,2023-07-18,823,D,0
-18.0537,30.4729,312.5,2023-07-18,823,D,0
-18.2925,32.8385,317.9,2023-07-18,823,D,0
-18.4486,32.2043,308.3,2023-07-18,823,D,0
-18.4546,32.197,308.0,2023-07-18,823,D,0
-18.4781,31.5687,304.7,2023-07-18,823,D,0
-18.1659,28.2207,309.3,2023-07-18,823,D,0
-18.6216,31.3482,307.6,2023-07-18,824,D,0
-18.3734,26.4836,311.5,2023-07-18,824,D,0
-19.0382,29.5406,307.5,2023-07-18,824,D,0
-19.0321,29.5357,306.5,2023-07-18,824,D,0
-18.946,27.1557,339.4,2023-07-18,824,D,0
-18.9726,27.2892,321.5,2023-07-18,824,D,0
-18.9803,27.2562,336.0,2023-07-18,824,D,0
-18.9821,27.2719,334.7,2023-07-18,824,D,0
-18.984,27.2878,318.4,2023-07-18,824,D,0
-18.9826,27.1765,333.7,2023-07-18,824,D,0
-18.9899,27.239,364.3,2023-07-18,824,D,0
-18.9917,27.2548,375.7,2023-07-18,824,D,0
-18.9935,27.2705,362.4,2023-07-18,824,D,0
-18.9939,27.1751,362.7,2023-07-18,824,D,0
-18.9994,27.2219,327.1,2023-07-18,824,D,0
-19.0012,27.2376,374.7,2023-07-18,824,D,0
-19.0031,27.2533,402.0,2023-07-18,824,D,0
-19.0049,27.2691,325.4,2023-07-18,824,D,0
-19.0052,27.1737,331.6,2023-07-18,824,D,0
-19.6375,28.8593,307.9,2023-07-18,824,D,0
-21.0519,31.5929,317.3,2023-07-18,1138,D,0
-20.0468,29.7661,317.9,2023-07-18,1138,D,0
-20.0446,29.7854,322.0,2023-07-18,1138,D,0
-20.0362,29.7715,327.6,2023-07-18,1138,D,0
-20.0342,29.7908,312.4,2023-07-18,1138,D,0
-20.0676,30.6412,311.8,2023-07-18,1138,D,0
-19.9974,31.2483,321.6,2023-07-18,1138,D,0
-19.9956,31.2633,336.6,2023-07-18,1138,D,0
-20.0068,31.2647,317.9,2023-07-18,1138,D,0
-20.0344,31.128,313.5,2023-07-18,1138,D,0
-20.0219,31.3278,311.9,2023-07-18,1138,D,0
-19.8396,32.7946,313.5,2023-07-18,1138,D,0
-19.8496,32.7961,315.0,2023-07-18,1138,D,0
-21.0501,31.6079,317.3,2023-07-18,1138,D,0
-20.226,32.6367,309.1,2023-07-18,1138,D,0
-19.0858,30.6678,317.4,2023-07-18,1139,D,0
-18.2613,32.8021,321.6,2023-07-18,1139,D,0
-18.4285,31.4806,314.4,2023-07-18,1139,D,0
-18.4302,31.4669,372.6,2023-07-18,1139,D,0
-18.4319,31.4532,325.5,2023-07-18,1139,D,0
-18.2515,32.8007,319.2,2023-07-18,1139,D,0
-18.4324,31.2679,315.5,2023-07-18,1139,D,0
-18.5606,30.0695,324.1,2023-07-18,1139,D,0
-18.5626,30.052,327.3,2023-07-18,1139,D,0
-18.3258,31.9062,314.1,2023-07-18,1139,D,0
-18.3275,31.8933,323.4,2023-07-18,1139,D,0
-18.5547,30.062,335.3,2023-07-18,1139,D,0
-18.5568,30.0445,314.2,2023-07-18,1139,D,0
-18.4223,30.9627,323.4,2023-07-18,1139,D,0
-18.4112,30.9612,314.7,2023-07-18,1139,D,0
-18.4417,30.2045,313.7,2023-07-18,1139,D,0
-18.4436,30.1875,314.6,2023-07-18,1139,D,0
-18.4474,30.1999,316.2,2023-07-18,1139,D,0
-18.3238,30.7432,317.1,2023-07-18,1139,D,0
-18.3257,30.7276,326.8,2023-07-18,1139,D,0
-18.0563,32.8162,319.7,2023-07-18,1139,D,0
-18.0577,32.8052,325.5,2023-07-18,1139,D,0
-18.3656,30.2171,318.9,2023-07-18,1139,D,0
-18.057,31.8648,316.1,2023-07-18,1139,D,0
-18.0893,31.3551,315.0,2023-07-18,1139,D,0
-18.091,31.3413,312.2,2023-07-18,1139,D,0
-18.1041,31.053,319.9,2023-07-18,1139,D,0
-17.9787,31.1471,324.6,2023-07-18,1139,D,0
-18.0572,30.4825,313.1,2023-07-18,1139,D,0
-18.0042,30.8378,327.3,2023-07-18,1139,D,0
-17.9754,31.1558,318.5,2023-07-18,1139,D,0
-17.9772,31.1415,317.2,2023-07-18,1139,D,0
-18.0029,30.8477,325.0,2023-07-18,1139,D,0
-18.0047,30.8327,317.8,2023-07-18,1139,D,0
-17.9917,30.8462,320.2,2023-07-18,1139,D,0
-17.9936,30.8313,321.3,2023-07-18,1139,D,0
-18.038,29.9666,334.9,2023-07-18,1139,D,0
-18.04,29.9491,330.7,2023-07-18,1139,D,0
-17.8482,31.4751,314.9,2023-07-18,1139,D,0
-17.961,30.5298,335.6,2023-07-18,1139,D,0
-18.0241,29.9824,316.5,2023-07-18,1139,D,0
-18.0261,29.965,328.1,2023-07-18,1139,D,0
-17.9609,30.5387,323.0,2023-07-18,1139,D,0
-17.9628,30.5229,327.1,2023-07-18,1139,D,0
-18.03,29.9761,323.3,2023-07-18,1139,D,0
-18.0321,29.9586,341.1,2023-07-18,1139,D,0
-17.7792,31.2598,311.7,2023-07-18,1139,D,0
-17.6779,31.5479,317.7,2023-07-18,1139,D,0
-18.0504,28.2574,314.3,2023-07-18,1139,D,0
-17.6611,31.2923,311.8,2023-07-18,1139,D,0
-17.5868,30.7989,326.3,2023-07-18,1139,D,0
-17.5886,30.7839,321.2,2023-07-18,1139,D,0
-17.6269,30.2662,321.8,2023-07-18,1139,D,0
-17.6165,30.2745,326.3,2023-07-18,1139,D,0
-17.8666,28.0294,313.1,2023-07-18,1139,D,0
-17.522,30.2783,335.6,2023-07-18,1139,D,0
-17.3512,31.491,333.3,2023-07-18,1139,D,0
-17.3529,31.4778,314.1,2023-07-18,1139,D,0
-17.5007,30.2867,330.4,2023-07-18,1139,D,0
-17.3029,31.7869,314.9,2023-07-18,1139,D,0
-17.4815,30.2511,318.6,2023-07-18,1139,D,0
-17.4509,30.4101,317.9,2023-07-18,1139,D,0
-17.4528,30.3943,326.0,2023-07-18,1139,D,0
-17.4395,30.4086,338.8,2023-07-18,1139,D,0
-17.4413,30.3927,347.7,2023-07-18,1139,D,0
-17.2979,31.3558,320.9,2023-07-18,1139,D,0
-17.3063,31.2047,320.8,2023-07-18,1139,D,0
-17.3017,30.6034,326.9,2023-07-18,1139,D,0
-17.3028,30.5984,324.5,2023-07-18,1139,D,0
-17.2133,31.0461,316.6,2023-07-18,1139,D,0
-17.3526,29.9017,311.8,2023-07-18,1139,D,0
-17.2299,30.635,325.4,2023-07-18,1139,D,0
-17.2317,30.6199,317.5,2023-07-18,1139,D,0
-17.2169,30.6487,320.3,2023-07-18,1139,D,0
-17.2187,30.6335,340.4,2023-07-18,1139,D,0
-17.2168,30.6418,328.5,2023-07-18,1139,D,0
-17.2187,30.6267,321.9,2023-07-18,1139,D,0
-17.1242,31.1972,310.8,2023-07-18,1139,D,0
-17.1135,31.1956,336.4,2023-07-18,1139,D,0
-17.1152,31.182,329.8,2023-07-18,1139,D,0
-17.1058,30.5293,313.2,2023-07-18,1139,D,0
-17.1424,29.5711,315.2,2023-07-18,1139,D,0
-16.92,31.0176,327.6,2023-07-18,1139,D,0
-16.9217,31.0036,321.6,2023-07-18,1139,D,0
-16.9091,31.0161,335.5,2023-07-18,1139,D,0
-16.9109,31.002,322.9,2023-07-18,1139,D,0
-16.9237,30.7112,317.7,2023-07-18,1139,D,0
-17.0493,29.632,343.2,2023-07-18,1139,D,0
-17.0513,29.6142,329.0,2023-07-18,1139,D,0
-16.9237,30.7058,318.5,2023-07-18,1139,D,0
-17.0572,29.6279,344.2,2023-07-18,1139,D,0
-17.0451,29.6264,330.3,2023-07-18,1139,D,0
-16.8655,30.9901,316.7,2023-07-18,1139,D,0
-16.7568,31.4267,330.9,2023-07-18,1139,D,0
-16.7584,31.4136,314.7,2023-07-18,1139,D,0
-16.7494,31.4323,314.5,2023-07-18,1139,D,0
-16.8401,30.4574,321.5,2023-07-18,1139,D,0
-16.8375,29.8904,316.3,2023-07-18,1139,D,0
-16.8431,29.886,317.7,2023-07-18,1139,D,0
-16.5262,31.8064,318.9,2023-07-18,1139,D,0
-16.7944,29.5833,314.5,2023-07-18,1139,D,0
-16.7992,29.5952,314.1,2023-07-18,1139,D,0
-16.5506,31.2203,312.9,2023-07-18,1139,D,0
-16.54,31.219,315.9,2023-07-18,1139,D,0
-16.6329,30.0139,310.5,2023-07-18,1139,D,0
-16.5919,30.2517,315.4,2023-07-18,1139,D,0
-16.5805,30.2501,314.5,2023-07-18,1139,D,0
-16.451,30.0083,328.1,2023-07-18,1139,D,0
-19.4295,32.7392,339.7,2023-07-18,1139,D,0
-19.431,32.7267,320.2,2023-07-18,1139,D,0
-19.554,30.7584,313.1,2023-07-18,1139,D,0
-19.5425,30.757,317.9,2023-07-18,1139,D,0
-19.5219,29.9441,313.3,2023-07-18,1139,D,0
-19.3999,30.7011,314.5,2023-07-18,1139,D,0
-19.4018,30.6849,312.3,2023-07-18,1139,D,0
-19.4026,30.6944,319.2,2023-07-18,1139,D,0
-19.2071,31.5666,315.9,2023-07-18,1139,D,0
-19.0558,32.6412,310.1,2023-07-18,1139,D,0
-19.0574,32.6288,322.2,2023-07-18,1139,D,0
-19.2216,31.1533,317.2,2023-07-18,1139,D,0
-19.2234,31.1385,315.7,2023-07-18,1139,D,0
-19.3607,29.7592,311.6,2023-07-18,1139,D,0
-19.3628,29.74,314.3,2023-07-18,1139,D,0
-18.9704,32.184,316.3,2023-07-18,1139,D,0
-19.2403,29.7939,314.2,2023-07-18,1139,D,0
-18.9822,31.8287,316.8,2023-07-18,1139,D,0
-18.9837,31.8155,322.5,2023-07-18,1139,D,0
-18.9777,31.8228,325.8,2023-07-18,1139,D,0
-18.9794,31.8097,312.1,2023-07-18,1139,D,0
-18.8846,32.4692,314.7,2023-07-18,1139,D,0
-18.8745,32.4677,344.5,2023-07-18,1139,D,0
-18.8761,32.4556,374.2,2023-07-18,1139,D,0
-18.8644,32.4662,328.1,2023-07-18,1139,D,0
-18.866,32.454,352.6,2023-07-18,1139,D,0
-19.0877,30.6517,322.9,2023-07-18,1139,D,0
-18.8059,32.3648,320.1,2023-07-18,1139,D,0
-18.9391,31.2186,311.9,2023-07-18,1139,D,0
-18.6574,32.7293,308.7,2023-07-18,1139,D,0
-18.8629,31.099,314.6,2023-07-18,1139,D,0
-18.8518,31.0974,331.0,2023-07-18,1139,D,0
-18.6416,32.2179,329.5,2023-07-18,1139,D,0
-18.5763,32.1584,311.5,2023-07-18,1139,D,0
-18.9202,29.3919,314.6,2023-07-18,1139,D,0
-18.684,30.7839,316.6,2023-07-18,1139,D,0
-19.0224,27.2508,327.7,2023-07-18,1139,D,0
-19.0229,27.2439,334.8,2023-07-18,1139,D,0
-19.0259,27.2148,324.0,2023-07-18,1139,D,0
-19.0198,27.1249,343.0,2023-07-18,1139,D,0
-18.9959,27.2115,342.0,2023-07-18,1139,D,0
-18.9988,27.1823,382.0,2023-07-18,1139,D,0
-18.2957,32.8436,311.5,2023-07-18,1139,D,0
-18.2974,32.8312,320.5,2023-07-18,1139,D,0
-18.286,32.8421,336.4,2023-07-18,1139,D,0
-18.2876,32.8298,351.6,2023-07-18,1139,D,0
-18.2778,32.8283,347.7,2023-07-18,1139,D,0
-18.2794,32.8166,332.4,2023-07-18,1139,D,0
-18.2711,32.8037,321.6,2023-07-18,1139,D,0
-18.9594,27.2149,305.2,2023-07-18,2034,N,0
-18.998,27.2744,302.0,2023-07-18,2034,N,0
-19.0366,27.1442,307.6,2023-07-18,2034,N,0
-18.2675,32.8173,316.6,2023-07-18,2034,N,0
-18.2631,32.8416,336.9,2023-07-18,2034,N,0
-18.2727,32.8235,328.9,2023-07-18,2034,N,0
-18.9399,27.1738,322.5,2023-07-18,2034,N,0
-18.9687,27.2165,306.2,2023-07-18,2034,N,0
-18.2681,32.8476,335.0,2023-07-18,2034,N,0
-19.0351,27.1544,301.5,2023-07-18,2034,N,0
-18.2398,32.8124,300.7,2023-07-18,2034,N,0
-16.5052,29.3331,307.7,2023-07-18,2035,N,0
-16.5042,29.3277,306.6,2023-07-18,2035,N,0
-18.2526,32.8701,317.1,2023-07-19,10,N,0
-18.266,32.8718,319.3,2023-07-19,10,N,0
-18.2616,32.8275,302.5,2023-07-19,10,N,0
-18.7161,32.8138,303.0,2023-07-19,726,D,0
-18.4378,31.1435,310.5,2023-07-19,726,D,0
-18.714,32.8206,308.9,2023-07-19,726,D,0
-18.4294,31.1208,307.4,2023-07-19,726,D,0
-18.4324,31.1377,320.5,2023-07-19,726,D,0
-18.5079,31.3624,307.2,2023-07-19,726,D,0
-18.5107,31.3783,306.3,2023-07-19,726,D,0
-16.5106,29.3316,309.1,2023-07-19,726,D,0
-16.87,29.5145,307.1,2023-07-19,726,D,0
-16.9011,29.6068,335.2,2023-07-19,726,D,0
-16.9054,29.6301,308.8,2023-07-19,726,D,0
-16.9147,29.6041,317.9,2023-07-19,726,D,0
-17.1875,29.5049,309.5,2023-07-19,726,D,0
-17.201,29.502,316.3,2023-07-19,726,D,0
-17.6083,30.9014,302.9,2023-07-19,726,D,0
-17.6114,30.9192,326.8,2023-07-19,726,D,0
-17.9174,31.6177,331.4,2023-07-19,726,D,0
-17.9202,31.6337,313.2,2023-07-19,726,D,0
-17.9288,31.6155,332.5,2023-07-19,726,D,0
-17.9315,31.6315,314.9,2023-07-19,726,D,0
-17.7224,30.3569,310.0,2023-07-19,726,D,0
-17.9657,31.6251,330.6,2023-07-19,726,D,0
-17.7223,30.3499,310.8,2023-07-19,726,D,0
-17.9629,31.6188,311.7,2023-07-19,726,D,0
-17.9657,31.6347,313.0,2023-07-19,726,D,0
-17.9743,31.6168,312.4,2023-07-19,726,D,0
-17.9771,31.6327,318.1,2023-07-19,726,D,0
-18.0466,31.7652,306.7,2023-07-19,726,D,0
-17.9901,31.2956,314.4,2023-07-19,726,D,0
-18.2435,32.8117,310.4,2023-07-19,726,D,0
-17.9336,30.894,317.1,2023-07-19,726,D,0
-17.9367,30.912,308.0,2023-07-19,726,D,0
-18.2602,32.8488,322.1,2023-07-19,726,D,0
-17.9258,30.8896,307.8,2023-07-19,726,D,0
-17.929,30.9076,312.5,2023-07-19,726,D,0
-17.9971,31.2883,309.7,2023-07-19,726,D,0
-18.0,31.3049,318.8,2023-07-19,726,D,0
-18.3138,31.5117,305.7,2023-07-19,726,D,0
-18.4349,31.1266,317.8,2023-07-19,726,D,0
-19.5163,29.9165,307.4,2023-07-19,727,D,0
-19.703,29.919,307.1,2023-07-19,727,D,0
-21.0028,31.765,314.3,2023-07-19,727,D,0
-21.1738,31.748,307.0,2023-07-19,727,D,0
-19.0597,27.1494,307.7,2023-07-19,727,D,0
-19.7026,29.926,306.1,2023-07-19,727,D,0
-19.0497,27.1575,305.4,2023-07-19,727,D,0
-19.5163,29.9094,305.8,2023-07-19,727,D,0
-19.3367,31.3061,315.1,2023-07-19,1220,D,0
-19.1398,32.1641,319.6,2023-07-19,1220,D,0
-19.1423,32.1595,316.4,2023-07-19,1220,D,0
-19.0571,32.4042,324.8,2023-07-19,1220,D,0
-19.0441,32.4017,319.2,2023-07-19,1220,D,0
-19.3435,30.5567,316.6,2023-07-19,1220,D,0
-19.3423,30.5658,316.5,2023-07-19,1220,D,0
-19.4272,29.9331,311.9,2023-07-19,1220,D,0
-19.527,28.9587,316.4,2023-07-19,1220,D,0
-19.53,28.9536,317.2,2023-07-19,1220,D,0
-18.8866,32.4013,321.6,2023-07-19,1220,D,0
-18.8907,32.3792,356.8,2023-07-19,1220,D,0
-19.0489,30.9172,312.1,2023-07-19,1220,D,0
-20.9994,31.7588,315.7,2023-07-19,1220,D,0
-20.2815,32.8461,322.2,2023-07-19,1220,D,0
-20.2908,29.5531,349.1,2023-07-19,1220,D,0
-20.293,29.54,357.3,2023-07-19,1220,D,0
-20.2952,29.527,321.1,2023-07-19,1220,D,0
-20.2804,29.5512,367.4,2023-07-19,1220,D,0
-18.8777,32.3762,315.2,2023-07-19,1220,D,0
-20.2826,29.538,360.0,2023-07-19,1220,D,0
-20.2848,29.5249,324.7,2023-07-19,1220,D,0
-20.338,29.0227,318.6,2023-07-19,1220,D,0
-20.3881,28.7128,318.0,2023-07-19,1220,D,0
-20.39,28.7009,315.0,2023-07-19,1220,D,0
-20.288,29.013,313.8,2023-07-19,1220,D,0
-20.1835,29.2166,370.6,2023-07-19,1220,D,0
-20.1856,29.2042,336.8,2023-07-19,1220,D,0
-20.1362,29.3108,313.2,2023-07-19,1220,D,0
-19.7223,31.0164,321.4,2023-07-19,1220,D,0
-19.7133,31.0262,318.6,2023-07-19,1220,D,0
-19.7162,31.0096,314.7,2023-07-19,1220,D,0
-19.8147,29.7602,335.0,2023-07-19,1220,D,0
-19.817,29.7465,322.6,2023-07-19,1220,D,0
-19.8064,29.7445,319.7,2023-07-19,1220,D,0
-19.9976,28.5324,323.2,2023-07-19,1220,D,0
-19.7936,29.7559,317.7,2023-07-19,1220,D,0
-19.4739,31.2681,330.2,2023-07-19,1220,D,0
-19.462,31.2656,328.0,2023-07-19,1220,D,0
-19.4501,31.2633,313.2,2023-07-19,1220,D,0
-19.7682,29.1767,323.0,2023-07-19,1220,D,0
-19.7688,29.1828,320.4,2023-07-19,1220,D,0
-19.7708,29.1702,324.4,2023-07-19,1220,D,0
-19.515,30.4995,314.4,2023-07-19,1220,D,0
-17.8608,30.1169,317.2,2023-07-19,1221,D,0
-19.3123,29.029,316.6,2023-07-19,1221,D,0
-19.3144,29.0164,323.3,2023-07-19,1221,D,0
-19.0307,30.6357,315.5,2023-07-19,1221,D,0
-18.5821,32.1796,312.0,2023-07-19,1221,D,0
-18.5858,32.1753,312.7,2023-07-19,1221,D,0
-18.56,32.1691,310.3,2023-07-19,1221,D,0
-18.2606,32.8667,338.2,2023-07-19,1221,D,0
-18.2658,32.8387,331.9,2023-07-19,1221,D,0
-18.8402,29.5211,323.2,2023-07-19,1221,D,0
-18.8425,29.5074,332.4,2023-07-19,1221,D,0
-18.4353,31.7686,323.1,2023-07-19,1221,D,0
-18.439,31.7484,311.9,2023-07-19,1221,D,0
-18.8319,29.5054,323.7,2023-07-19,1221,D,0
-18.3817,31.9891,314.0,2023-07-19,1221,D,0
-18.4228,31.6238,334.6,2023-07-19,1221,D,0
-18.4103,31.6212,313.7,2023-07-19,1221,D,0
-18.4139,31.6018,313.4,2023-07-19,1221,D,0
-18.4213,31.6162,349.8,2023-07-19,1221,D,0
-18.3049,32.1182,313.0,2023-07-19,1221,D,0
-18.4432,31.1372,315.1,2023-07-19,1221,D,0
-18.2649,32.0436,309.5,2023-07-19,1221,D,0
-18.2688,32.0224,319.3,2023-07-19,1221,D,0
-18.4597,30.9763,323.6,2023-07-19,1221,D,0
-18.2683,32.039,314.9,2023-07-19,1221,D,0
-18.2721,32.0178,314.7,2023-07-19,1221,D,0
-18.4555,30.9699,320.6,2023-07-19,1221,D,0
-19.0417,27.247,315.8,2023-07-19,1221,D,0
-19.0324,27.2453,317.3,2023-07-19,1221,D,0
-19.034,27.2351,316.9,2023-07-19,1221,D,0
-19.0466,27.1535,319.8,2023-07-19,1221,D,0
-19.0058,27.2934,329.3,2023-07-19,1221,D,0
-18.9856,27.3004,320.5,2023-07-19,1221,D,0
-18.2055,31.7289,342.1,2023-07-19,1221,D,0
-18.2092,31.7087,320.0,2023-07-19,1221,D,0
-18.9989,27.0932,330.8,2023-07-19,1221,D,0
-19.0005,27.0831,341.0,2023-07-19,1221,D,0
-18.9911,27.0957,336.5,2023-07-19,1221,D,0
-18.9926,27.0856,327.6,2023-07-19,1221,D,0
-18.2177,31.724,310.3,2023-07-19,1221,D,0
-18.2015,31.7417,312.1,2023-07-19,1221,D,0
-18.2051,31.7215,336.5,2023-07-19,1221,D,0
-18.9726,27.0925,328.7,2023-07-19,1221,D,0
-18.1579,31.8377,313.2,2023-07-19,1221,D,0
-18.1616,31.8171,313.0,2023-07-19,1221,D,0
-18.4197,30.0257,312.8,2023-07-19,1221,D,0
-18.8968,27.1522,346.3,2023-07-19,1221,D,0
-18.8984,27.1421,346.3,2023-07-19,1221,D,0
-18.8904,27.1558,329.5,2023-07-19,1221,D,0
-18.8919,27.1456,347.1,2023-07-19,1221,D,0
-18.8935,27.1354,318.2,2023-07-19,1221,D,0
-18.3328,30.0647,319.4,2023-07-19,1221,D,0
-18.137,31.0957,316.7,2023-07-19,1221,D,0
-18.1403,31.0778,314.1,2023-07-19,1221,D,0
-18.3327,30.0579,320.1,2023-07-19,1221,D,0
-18.1445,31.0902,320.4,2023-07-19,1221,D,0
-18.0808,31.3817,319.8,2023-07-19,1221,D,0
-18.0369,31.4127,315.4,2023-07-19,1221,D,0
-18.0245,31.4103,312.8,2023-07-19,1221,D,0
-18.0341,30.5915,338.8,2023-07-19,1221,D,0
-18.0369,30.575,327.9,2023-07-19,1221,D,0
-17.9031,30.9195,316.9,2023-07-19,1221,D,2
-17.9063,30.902,317.6,2023-07-19,1221,D,0
-17.8994,30.9135,321.4,2023-07-19,1221,D,0
-17.7608,31.3423,311.3,2023-07-19,1221,D,0
-17.8872,30.234,324.4,2023-07-19,1221,D,0
-17.8731,30.2476,319.0,2023-07-19,1221,D,0
-17.8759,30.2319,372.4,2023-07-19,1221,D,0
-17.8786,30.2161,328.0,2023-07-19,1221,D,0
-17.907,29.9844,323.1,2023-07-19,1221,D,0
-17.9096,29.9693,320.9,2023-07-19,1221,D,0
-17.8635,30.1016,313.3,2023-07-19,1221,D,0
-17.8633,30.112,320.4,2023-07-19,1221,D,0
-18.3746,26.4793,323.2,2023-07-19,1221,D,0
-17.7176,30.3435,314.2,2023-07-19,1221,D,0
-17.7205,30.337,315.9,2023-07-19,1221,D,0
-17.5817,30.4051,312.2,2023-07-19,1221,D,0
-17.3959,31.0075,314.4,2023-07-19,1221,D,0
-17.4432,30.3896,321.9,2023-07-19,1221,D,0
-17.4461,30.3733,314.8,2023-07-19,1221,D,0
-17.4316,30.3874,333.4,2023-07-19,1221,D,0
-17.4345,30.3711,334.9,2023-07-19,1221,D,0
-17.4369,30.3828,342.6,2023-07-19,1221,D,0
-18.1576,25.838,326.6,2023-07-19,1221,D,0
-18.159,25.8286,348.3,2023-07-19,1221,D,0
-17.4253,30.3805,340.2,2023-07-19,1221,D,0
-18.1487,25.8365,318.8,2023-07-19,1221,D,0
-18.1397,25.835,325.4,2023-07-19,1221,D,0
-17.3927,30.2243,321.1,2023-07-19,1221,D,0
-17.3955,30.2084,318.0,2023-07-19,1221,D,0
-17.2434,31.0415,312.9,2023-07-19,1221,D,0
-17.1102,31.5798,314.9,2023-07-19,1221,D,0
-17.3154,30.2694,314.5,2023-07-19,1221,D,0
-17.2517,30.5654,312.5,2023-07-19,1221,D,0
-17.4759,29.1329,316.1,2023-07-19,1221,D,0
-17.14,31.1122,314.3,2023-07-19,1221,D,0
-17.4292,29.2588,325.6,2023-07-19,1221,D,0
-17.1155,30.1522,314.6,2023-07-19,1221,D,0
-16.9336,31.019,314.0,2023-07-19,1221,D,0
-16.9369,31.0001,335.0,2023-07-19,1221,D,0
-16.9632,30.7778,323.1,2023-07-19,1221,D,0
-16.5215,32.4039,317.0,2023-07-19,1221,D,0
-16.8164,30.8495,315.6,2023-07-19,1221,D,0
-16.5173,32.3979,318.0,2023-07-19,1221,D,0
-16.9965,29.5745,322.0,2023-07-19,1221,D,0
-16.983,29.587,333.7,2023-07-19,1221,D,0
-16.9855,29.5723,348.2,2023-07-19,1221,D,0
-16.6454,31.1683,314.3,2023-07-19,1221,D,0
-16.644,31.1607,314.8,2023-07-19,1221,D,0
-16.8679,29.6496,318.2,2023-07-19,1221,D,0
-16.8685,29.3024,332.3,2023-07-19,1221,D,0
-16.8577,29.3004,329.0,2023-07-19,1221,D,0
-16.7801,29.6279,314.3,2023-07-19,1221,D,0
-16.7665,29.6409,329.1,2023-07-19,1221,D,0
-16.769,29.6258,355.2,2023-07-19,1221,D,0
-16.7458,29.3459,316.8,2023-07-19,1221,D,0
-16.7143,29.3994,321.4,2023-07-19,1221,D,0
-16.6972,29.3672,316.2,2023-07-19,1221,D,0
-16.7316,29.1,317.7,2023-07-19,1221,D,0
-16.6967,29.3615,317.2,2023-07-19,1221,D,0
-16.5091,29.3211,327.8,2023-07-19,1221,D,0
-16.5063,29.3293,326.5,2023-07-19,1221,D,0
-16.5086,29.3158,324.6,2023-07-19,1221,D,0
-16.3201,29.8843,314.3,2023-07-19,1221,D,0
-16.3223,29.8775,316.7,2023-07-19,1221,D,0
-16.3453,29.5328,316.4,2023-07-19,1221,D,0
-16.1162,30.7947,324.6,2023-07-19,1221,D,0
-16.0352,30.3424,318.1,2023-07-19,1221,D,0
-18.4398,31.1244,307.4,2023-07-19,1937,N,0
-18.4392,31.1175,302.6,2023-07-19,1937,N,0
-18.294,32.8703,308.3,2023-07-19,2313,N,0
-18.2967,32.8647,305.6,2023-07-19,2313,N,0
-18.2984,32.8748,302.4,2023-07-19,2313,N,0
-19.047,30.2453,302.5,2023-07-19,2314,N,0
-16.3907,29.859,315.4,2023-07-20,806,D,0
-16.3922,29.8705,311.7,2023-07-20,806,D,0
-17.3085,30.4981,308.9,2023-07-20,807,D,0
-17.5428,32.1117,326.7,2023-07-20,807,D,0
-17.5382,32.1065,324.3,2023-07-20,807,D,0
-17.3081,30.0997,309.7,2023-07-20,807,D,0
-17.3182,30.0983,315.0,2023-07-20,807,D,0
-17.4152,29.9808,307.9,2023-07-20,807,D,0
-17.6365,31.2847,314.0,2023-07-20,807,D,0
-17.5959,30.2041,314.2,2023-07-20,807,D,0
-17.7116,30.8777,316.2,2023-07-20,807,D,0
-17.7133,30.8915,318.6,2023-07-20,807,D,0
-17.6279,29.892,306.9,2023-07-20,807,D,0
-17.778,30.5894,324.8,2023-07-20,807,D,0
-17.9223,31.7655,309.4,2023-07-20,807,D,0
-17.9242,31.7815,312.0,2023-07-20,807,D,0
-17.9589,31.8753,326.3,2023-07-20,807,D,0
-17.957,31.8854,312.2,2023-07-20,807,D,0
-17.9667,31.8677,310.3,2023-07-20,807,D,0
-17.9686,31.8841,310.0,2023-07-20,807,D,0
-17.8547,30.819,309.3,2023-07-20,807,D,0
-17.8721,30.8727,311.8,2023-07-20,807,D,0
-17.9406,31.2551,319.5,2023-07-20,807,D,0
-17.9424,31.2698,322.9,2023-07-20,807,D,0
-18.1039,31.0021,315.0,2023-07-20,807,D,0
-18.1056,31.0163,313.5,2023-07-20,807,D,0
-18.1431,31.3232,308.1,2023-07-20,807,D,0
-17.9941,29.3423,309.8,2023-07-20,807,D,0
-18.3372,31.814,327.6,2023-07-20,807,D,0
-18.3619,32.0317,316.5,2023-07-20,807,D,0
-18.3639,32.0489,310.5,2023-07-20,807,D,0
-18.1685,29.7389,308.4,2023-07-20,807,D,0
-18.3327,30.5475,312.8,2023-07-20,807,D,0
-18.4286,31.1269,316.9,2023-07-20,807,D,0
-18.4397,31.1255,310.5,2023-07-20,807,D,0
-18.6786,29.9089,318.8,2023-07-20,807,D,0
-18.3693,26.4779,321.9,2023-07-20,807,D,0
-18.4343,26.4869,312.6,2023-07-20,807,D,0
-18.4337,26.4202,311.0,2023-07-20,807,D,0
-18.9406,30.0592,309.5,2023-07-20,807,D,0
-19.0494,30.2548,312.0,2023-07-20,807,D,0
-18.5101,26.243,312.2,2023-07-20,807,D,0
-19.1656,29.8116,312.7,2023-07-20,807,D,0
-19.176,29.7407,308.5,2023-07-20,807,D,0
-18.9137,27.1304,308.6,2023-07-20,807,D,0
-19.3229,30.0211,306.8,2023-07-20,807,D,0
-19.9493,32.6453,304.0,2023-07-20,807,D,0
-19.7441,29.7274,317.6,2023-07-20,807,D,0
-20.1582,28.7333,304.2,2023-07-20,807,D,0
-18.9338,30.0661,313.2,2023-07-20,807,D,0
-16.8214,30.3518,313.6,2023-07-20,807,D,0
-16.7689,29.6423,312.7,2023-07-20,807,D,0
-16.7704,29.6357,340.7,2023-07-20,807,D,0
-16.7718,29.647,314.4,2023-07-20,807,D,0
-16.7801,29.6344,314.9,2023-07-20,807,D,0
-16.7256,29.0713,311.4,2023-07-20,807,D,0
-17.209,30.6868,307.7,2023-07-20,807,D,0
-20.1509,27.976,306.5,2023-07-20,808,D,0
-19.7511,29.728,310.3,2023-07-20,1124,D,0
-18.6443,31.566,313.2,2023-07-20,1124,D,0
-18.9476,32.6144,307.2,2023-07-20,1124,D,0
-19.5389,29.5727,309.6,2023-07-20,1124,D,0
-19.7451,29.7232,309.2,2023-07-20,1124,D,0
-18.684,29.8611,312.9,2023-07-20,1125,D,0
-18.6887,29.9008,332.0,2023-07-20,1125,D,0
-18.6919,29.8664,323.5,2023-07-20,1125,D,0
-18.6727,29.8991,318.9,2023-07-20,1125,D,0
-18.6966,29.897,328.9,2023-07-20,1125,D,0
-18.7,29.8629,314.0,2023-07-20,1125,D,0
-18.6805,29.8955,329.4,2023-07-20,1125,D,0
-18.1412,31.6319,318.6,2023-07-20,1125,D,0
-18.1437,31.6078,326.3,2023-07-20,1125,D,0
-18.1364,31.6266,324.9,2023-07-20,1125,D,0
-18.1391,31.6022,320.7,2023-07-20,1125,D,0
-18.1168,30.9889,313.5,2023-07-20,1125,D,0
-18.1157,30.5464,316.5,2023-07-20,1125,D,0
-18.1188,30.5161,316.5,2023-07-20,1125,D,0
-18.0732,30.5113,313.7,2023-07-20,1125,D,0
-18.076,30.5069,314.6,2023-07-20,1125,D,0
-17.7922,31.4582,318.5,2023-07-20,1125,D,0
-17.7797,31.1746,316.6,2023-07-20,1125,D,0
-17.7825,31.148,313.7,2023-07-20,1125,D,0
-17.6803,31.3868,313.9,2023-07-20,1125,D,0
-17.6175,30.404,312.0,2023-07-20,1125,D,0
-17.6205,30.3735,315.8,2023-07-20,1125,D,0
-17.6196,30.3969,316.4,2023-07-20,1125,D,0
-17.3084,30.4927,313.6,2023-07-20,1125,D,0
-17.3116,29.3357,320.1,2023-07-20,1125,D,0
-16.89,29.6965,325.6,2023-07-20,1125,D,0
-16.8777,29.7232,319.5,2023-07-20,1125,D,0
-16.8811,29.6906,323.3,2023-07-20,1125,D,0
-16.6814,31.403,335.9,2023-07-20,1125,D,0
-16.6551,29.9726,311.2,2023-07-20,1125,D,0
-16.4067,29.8676,316.2,2023-07-20,1125,D,0
-16.411,29.8609,315.8,2023-07-20,1125,D,0
-16.3954,29.8593,319.6,2023-07-20,1125,D,0
-16.3844,29.5011,317.6,2023-07-20,1125,D,0
-16.3761,29.4957,317.0,2023-07-20,1125,D,0
-20.5719,27.9617,302.4,2023-07-20,2017,N,0
-18.1328,31.6215,304.5,2023-07-20,2018,N,0
-18.3341,30.9122,307.5,2023-07-20,2018,N,0
-17.7867,30.067,300.1,2023-07-20,2018,N,0
-17.7881,30.0576,315.4,2023-07-20,2018,N,0
-17.8983,28.0254,301.3,2023-07-20,2018,N,0
-17.2129,30.6455,320.7,2023-07-20,2018,N,0
-17.0601,30.8598,301.3,2023-07-20,2018,N,0
-16.8234,31.8566,302.3,2023-07-20,2018,N,0
-17.0261,29.5909,313.5,2023-07-20,2018,N,0
-18.1275,31.6258,305.7,2023-07-20,2018,N,0
-17.9366,29.8619,312.3,2023-07-20,2018,N,0
-17.887,30.3892,308.2,2023-07-20,2018,N,0
-17.0275,29.5816,317.0,2023-07-20,2018,N,0
-16.9209,29.6828,345.6,2023-07-20,2018,N,0
-16.9222,29.6735,325.6,2023-07-20,2018,N,0
-16.912,29.6814,326.1,2023-07-20,2018,N,0
-16.9133,29.672,300.5,2023-07-20,2018,N,0
-17.0241,29.5938,300.7,2023-07-20,2355,N,0
-16.6,29.1564,301.9,2023-07-20,2355,N,0
-19.3635,29.9352,328.4,2023-07-21,1206,D,0
-18.9242,32.5031,311.9,2023-07-21,1206,D,0
-18.9262,32.4908,323.4,2023-07-21,1206,D,0
-18.9042,32.1808,328.2,2023-07-21,1206,D,0
-18.9061,32.169,314.7,2023-07-21,1206,D,0
-19.1101,30.5663,333.4,2023-07-21,1206,D,0
-19.1269,30.5794,319.3,2023-07-21,1206,D,0
-19.1116,30.5563,333.7,2023-07-21,1206,D,0
-18.8327,32.1794,312.6,2023-07-21,1206,D,0
-18.8343,32.174,313.1,2023-07-21,1206,D,0
-19.0686,30.2398,329.8,2023-07-21,1206,D,0
-19.07,30.23,314.2,2023-07-21,1206,D,0
-18.737,32.137,319.6,2023-07-21,1206,D,0
-18.589,31.8444,316.4,2023-07-21,1206,D,0
-18.616,31.5494,316.6,2023-07-21,1206,D,0
-18.4199,31.5589,320.9,2023-07-21,1206,D,0
-18.4085,31.5683,320.0,2023-07-21,1206,D,0
-18.4103,31.5571,327.0,2023-07-21,1206,D,0
-18.3357,31.8936,331.5,2023-07-21,1206,D,0
-18.5474,29.7817,312.9,2023-07-21,1206,D,0
-18.1909,31.2637,341.0,2023-07-21,1206,D,0
-18.2702,30.6347,319.8,2023-07-21,1206,D,0
-18.2718,30.6246,318.4,2023-07-21,1206,D,0
-18.2715,30.4528,310.7,2023-07-21,1206,D,0
-18.1189,31.069,334.3,2023-07-21,1206,D,0
-18.2328,30.1522,323.2,2023-07-21,1206,D,0
-16.8162,30.8057,314.6,2023-07-21,1207,D,0
-17.0536,29.1122,318.1,2023-07-21,1207,D,0
-16.8962,29.6709,314.3,2023-07-21,1207,D,0
-16.8976,29.6613,343.2,2023-07-21,1207,D,0
-16.8991,29.6517,319.8,2023-07-21,1207,D,0
-16.8862,29.3669,326.5,2023-07-21,1207,D,0
-16.8876,29.3575,319.0,2023-07-21,1207,D,0
-16.88,29.3466,338.4,2023-07-21,1207,D,0
-16.8814,29.3372,332.8,2023-07-21,1207,D,0
-16.8565,29.3856,315.8,2023-07-21,1207,D,0
-16.8579,29.3761,322.9,2023-07-21,1207,D,0
-16.8593,29.3667,333.1,2023-07-21,1207,D,0
-16.6864,30.3269,319.1,2023-07-21,1207,D,0
-16.688,30.3167,312.5,2023-07-21,1207,D,0
-16.8176,29.3986,314.0,2023-07-21,1207,D,0
-16.7638,29.6337,371.9,2023-07-21,1207,D,0
-16.7653,29.6241,372.1,2023-07-21,1207,D,0
-16.7548,29.6322,327.9,2023-07-21,1207,D,0
-16.7562,29.6226,327.4,2023-07-21,1207,D,0
-16.7442,29.6403,332.0,2023-07-21,1207,D,0
-16.7457,29.6307,327.1,2023-07-21,1207,D,0
-16.7471,29.6211,334.3,2023-07-21,1207,D,0
-16.7486,29.6115,372.8,2023-07-21,1207,D,0
-16.75,29.602,327.9,2023-07-21,1207,D,0
-16.7334,29.6515,315.6,2023-07-21,1207,D,0
-16.7348,29.6419,312.4,2023-07-21,1207,D,0
-16.8134,29.1118,315.4,2023-07-21,1207,D,0
-16.5984,30.3575,320.6,2023-07-21,1207,D,0
-16.6575,29.3603,324.7,2023-07-21,1207,D,0
-16.659,29.3509,322.1,2023-07-21,1207,D,0
-16.6443,29.3873,317.8,2023-07-21,1207,D,0
-16.6457,29.3778,319.4,2023-07-21,1207,D,0
-16.6333,29.3369,324.8,2023-07-21,1207,D,0
-16.6348,29.3274,324.4,2023-07-21,1207,D,0
-16.6229,29.3448,338.1,2023-07-21,1207,D,0
-16.6243,29.3354,348.1,2023-07-21,1207,D,0
-16.6258,29.3259,330.6,2023-07-21,1207,D,0
-16.6238,29.2774,313.6,2023-07-21,1207,D,0
-16.6252,29.268,325.6,2023-07-21,1207,D,0
-16.6392,29.1741,321.6,2023-07-21,1207,D,0
-16.6187,29.1834,324.7,2023-07-21,1207,D,0
-16.6201,29.174,326.9,2023-07-21,1207,D,0
-16.4432,29.981,312.4,2023-07-21,1207,D,0
-16.4854,29.4656,326.2,2023-07-21,1207,D,0
-16.4868,29.4561,326.0,2023-07-21,1207,D,0
-16.4064,29.8686,314.7,2023-07-21,1207,D,0
-16.3698,29.8624,313.8,2023-07-21,1207,D,0
-16.3713,29.8525,319.3,2023-07-21,1207,D,0
-16.3293,29.8891,326.8,2023-07-21,1207,D,0
-16.2502,30.286,333.6,2023-07-21,1207,D,0
-16.2517,30.2757,312.9,2023-07-21,1207,D,0
-16.3691,29.4987,324.0,2023-07-21,1207,D,0
-16.4315,29.016,318.6,2023-07-21,1207,D,0
-16.4329,29.0067,340.4,2023-07-21,1207,D,0
-16.0645,30.1701,314.9,2023-07-21,1207,D,0
-16.0552,30.1685,315.1,2023-07-21,1207,D,0
-16.0428,30.1872,316.8,2023-07-21,1207,D,0
-15.8835,30.1481,332.9,2023-07-21,1207,D,0
-15.8851,30.1379,349.4,2023-07-21,1207,D,0
-15.8866,30.1276,335.2,2023-07-21,1207,D,0
-15.7202,30.3018,317.3,2023-07-21,1207,D,0
-17.9531,30.2379,319.9,2023-07-21,1207,D,0
-17.9546,30.2281,328.8,2023-07-21,1207,D,0
-17.7238,31.4207,353.8,2023-07-21,1207,D,0
-17.7256,31.4096,419.1,2023-07-21,1207,D,0
-17.7991,30.8165,357.0,2023-07-21,1207,D,0
-17.6983,31.3934,319.8,2023-07-21,1207,D,0
-17.7001,31.3824,318.4,2023-07-21,1207,D,0
-17.4189,31.4766,333.7,2023-07-21,1207,D,0
-17.4207,31.4653,332.2,2023-07-21,1207,D,0
-17.5728,30.4966,314.4,2023-07-21,1207,D,0
-17.3553,31.3551,322.5,2023-07-21,1207,D,0
-17.4926,30.1693,324.9,2023-07-21,1207,D,0
-17.4941,30.1594,316.5,2023-07-21,1207,D,0
-17.4788,30.0905,315.3,2023-07-21,1207,D,0
-17.4803,30.0807,314.5,2023-07-21,1207,D,0
-17.4817,30.0709,315.8,2023-07-21,1207,D,0
-17.3744,30.649,317.3,2023-07-21,1207,D,0
-17.4104,30.4154,321.7,2023-07-21,1207,D,0
-17.7767,27.6635,314.3,2023-07-21,1207,D,0
-17.3423,30.2538,320.3,2023-07-21,1207,D,0
-17.3316,30.2621,317.6,2023-07-21,1207,D,0
-17.33,30.211,317.0,2023-07-21,1207,D,0
-17.3315,30.201,314.4,2023-07-21,1207,D,0
-17.1812,30.8929,311.6,2023-07-21,1207,D,0
-17.2861,30.2078,315.9,2023-07-21,1207,D,0
-17.1113,30.7442,316.1,2023-07-21,1207,D,0
-17.2955,29.5272,313.1,2023-07-21,1207,D,0
-17.2969,29.5177,319.0,2023-07-21,1207,D,0
-17.1019,30.7426,311.9,2023-07-21,1207,D,0
-17.1476,30.3214,319.4,2023-07-21,1207,D,0
-16.9812,30.8678,317.5,2023-07-21,1207,D,0
-17.1624,29.5577,331.3,2023-07-21,1207,D,0
-17.1639,29.5482,323.1,2023-07-21,1207,D,0
-17.1534,29.5562,319.5,2023-07-21,1207,D,0
-17.1548,29.5467,324.2,2023-07-21,1207,D,0
-17.0636,30.0872,317.0,2023-07-21,1207,D,0
-17.0651,30.0774,325.1,2023-07-21,1207,D,0
-17.0141,30.1737,314.2,2023-07-21,1207,D,0
-17.0748,29.5855,320.1,2023-07-21,1207,D,0
-17.3133,27.948,319.9,2023-07-21,1207,D,0
-17.0462,29.5905,317.2,2023-07-21,1207,D,0
-17.0357,29.5986,317.8,2023-07-21,1207,D,0
-17.0372,29.589,325.2,2023-07-21,1207,D,0
-16.8178,30.7953,317.7,2023-07-21,1207,D,0
-17.9211,25.2805,316.9,2023-07-21,2058,N,0
-17.937,25.2635,326.1,2023-07-21,2058,N,0
-17.37,30.6474,310.5,2023-07-22,750,D,0
-17.4524,30.4572,328.2,2023-07-22,750,D,0
-17.4538,30.4665,325.5,2023-07-22,750,D,0
-17.7971,32.6347,310.3,2023-07-22,750,D,0
-17.7267,31.2663,311.7,2023-07-22,750,D,0
-17.7357,31.2649,308.3,2023-07-22,750,D,0
-17.7329,30.5468,313.7,2023-07-22,750,D,0
-17.83,30.7056,343.7,2023-07-22,750,D,0
-17.8314,30.7149,324.9,2023-07-22,750,D,0
-17.968,31.6696,305.2,2023-07-22,750,D,0
-18.2332,32.324,315.2,2023-07-22,750,D,0
-18.2346,32.3339,312.8,2023-07-22,750,D,0
-18.183,30.2194,309.8,2023-07-22,750,D,0
-18.3142,29.9907,313.5,2023-07-22,750,D,0
-18.3156,30.0001,311.9,2023-07-22,750,D,0
-17.9345,30.1625,314.1,2023-07-22,750,D,0
-17.1078,29.2724,315.1,2023-07-22,750,D,0
-16.309,29.0484,307.4,2023-07-22,750,D,0
-16.8426,31.8453,315.6,2023-07-22,750,D,0
-16.8466,30.285,327.8,2023-07-22,750,D,0
-16.848,30.2943,313.1,2023-07-22,750,D,0
-17.0476,30.7064,309.2,2023-07-22,750,D,0
-17.049,30.7157,310.4,2023-07-22,750,D,0
-17.2781,31.605,308.6,2023-07-22,750,D,0
-17.012,29.7283,306.8,2023-07-22,750,D,0
-17.0134,29.7378,310.5,2023-07-22,750,D,0
-19.7353,29.0757,307.6,2023-07-22,751,D,0
-17.9194,25.2502,309.7,2023-07-22,751,D,0
-19.1461,30.8914,310.9,2023-07-22,751,D,0
-19.1447,30.882,351.6,2023-07-22,751,D,0
-18.3691,26.4756,310.9,2023-07-22,751,D,0
-17.9412,25.2573,317.2,2023-07-22,751,D,0
-17.9223,25.2667,319.1,2023-07-22,751,D,0
-17.0948,31.1497,317.3,2023-07-22,2001,N,0
-17.6578,30.7193,320.9,2023-07-22,2001,N,0
-17.7417,30.0686,302.6,2023-07-22,2001,N,0
-17.7303,30.0791,313.9,2023-07-22,2001,N,0
-17.5615,30.9428,309.1,2023-07-22,2001,N,0
-17.59,30.4593,306.2,2023-07-22,2001,N,0
-17.2418,30.7232,310.1,2023-07-22,2001,N,0
-17.2432,30.7125,337.5,2023-07-22,2001,N,0
-18.0784,30.9403,305.2,2023-07-22,2001,N,0
-17.8804,30.1828,310.0,2023-07-22,2001,N,0
-17.7943,30.0583,310.6,2023-07-22,2001,N,0
-17.0058,29.6061,301.3,2023-07-22,2341,N,0
-17.2442,30.717,303.1,2023-07-22,2341,N,0
-18.0714,30.9379,307.1,2023-07-23,831,D,0
-18.075,30.9789,309.1,2023-07-23,831,D,0
-16.9428,29.4554,311.3,2023-07-23,831,D,0
-16.8721,29.4991,308.5,2023-07-23,831,D,0
-16.944,31.3805,306.4,2023-07-23,831,D,0
-16.9431,31.386,308.1,2023-07-23,831,D,0
-18.4282,26.425,312.4,2023-07-23,831,D,0
-18.0733,30.9857,307.6,2023-07-23,831,D,0
-18.0695,30.9448,309.6,2023-07-23,831,D,0
-16.9855,29.2726,311.5,2023-07-23,831,D,0
-16.9838,29.266,313.4,2023-07-23,831,D,0
-20.9563,31.4708,315.8,2023-07-23,1151,D,0
-17.3622,30.9486,315.2,2023-07-23,1152,D,0
-20.0803,31.0896,323.5,2023-07-23,1152,D,0
-20.0817,31.0794,317.0,2023-07-23,1152,D,0
-20.3185,28.5206,328.2,2023-07-23,1152,D,0
-19.9355,30.4075,321.5,2023-07-23,1152,D,0
-19.926,30.4061,320.5,2023-07-23,1152,D,0
-19.5426,31.3961,317.4,2023-07-23,1152,D,0
-19.5348,31.3849,317.0,2023-07-23,1152,D,0
-19.4532,31.3055,321.6,2023-07-23,1152,D,0
-19.4545,31.2956,321.5,2023-07-23,1152,D,0
-19.4468,31.2989,325.6,2023-07-23,1152,D,0
-19.5604,29.9469,318.9,2023-07-23,1152,D,0
-18.9759,32.5447,318.5,2023-07-23,1152,D,0
-18.9772,32.5353,327.5,2023-07-23,1152,D,0
-18.9786,32.5259,341.3,2023-07-23,1152,D,0
-18.9534,32.6371,311.4,2023-07-23,1152,D,0
-18.9696,32.5244,334.3,2023-07-23,1152,D,0
-18.971,32.515,325.9,2023-07-23,1152,D,0
-18.9607,32.523,338.2,2023-07-23,1152,D,0
-18.9621,32.5136,346.7,2023-07-23,1152,D,0
-18.9823,32.3727,322.2,2023-07-23,1152,D,0
-18.9734,32.3712,352.6,2023-07-23,1152,D,0
-19.0252,31.8768,340.9,2023-07-23,1152,D,0
-19.0266,31.8673,316.7,2023-07-23,1152,D,0
-18.8486,32.4127,317.9,2023-07-23,1152,D,0
-19.0305,31.1097,320.7,2023-07-23,1152,D,0
-19.0318,31.0998,319.0,2023-07-23,1152,D,0
-18.8264,32.4314,317.6,2023-07-23,1152,D,0
-19.1693,29.7315,315.2,2023-07-23,1152,D,0
-19.0449,30.5983,322.1,2023-07-23,1152,D,0
-18.7161,32.5615,322.0,2023-07-23,1152,D,0
-18.6,32.6606,318.4,2023-07-23,1152,D,0
-18.7395,31.554,322.3,2023-07-23,1152,D,0
-18.7116,31.4216,318.1,2023-07-23,1152,D,0
-18.5611,32.1695,315.8,2023-07-23,1152,D,0
-18.5917,31.7593,314.9,2023-07-23,1152,D,0
-18.6134,31.5385,347.4,2023-07-23,1152,D,0
-18.6147,31.5289,414.3,2023-07-23,1152,D,0
-18.616,31.5193,348.1,2023-07-23,1152,D,0
-18.6057,31.5275,355.8,2023-07-23,1152,D,0
-18.607,31.5179,315.0,2023-07-23,1152,D,0
-18.505,32.106,320.7,2023-07-23,1152,D,0
-18.5063,32.0966,327.9,2023-07-23,1152,D,0
-18.4138,32.3597,313.1,2023-07-23,1152,D,0
-18.6098,30.8207,327.6,2023-07-23,1152,D,0
-18.6112,30.8106,317.5,2023-07-23,1152,D,0
-18.6576,30.4629,316.7,2023-07-23,1152,D,0
-18.5249,30.8434,325.3,2023-07-23,1152,D,0
-18.3173,31.9391,318.7,2023-07-23,1152,D,0
-18.3187,31.9297,326.5,2023-07-23,1152,D,0
-18.3297,31.3329,321.2,2023-07-23,1152,D,0
-18.4202,30.6092,329.3,2023-07-23,1152,D,0
-18.4216,30.599,315.7,2023-07-23,1152,D,0
-18.3517,30.8355,318.4,2023-07-23,1152,D,0
-18.3531,30.8255,337.5,2023-07-23,1152,D,0
-18.2466,31.3987,322.6,2023-07-23,1152,D,0
-18.2172,31.4756,325.4,2023-07-23,1152,D,0
-18.2185,31.466,330.8,2023-07-23,1152,D,0
-18.2476,31.1252,326.7,2023-07-23,1152,D,0
-18.3731,30.2036,320.6,2023-07-23,1152,D,0
-18.2385,31.1238,317.1,2023-07-23,1152,D,0
-18.1511,31.553,316.6,2023-07-23,1152,D,0
-18.1821,31.1394,316.2,2023-07-23,1152,D,0
-18.2278,30.4635,319.8,2023-07-23,1152,D,0
-18.2292,30.4532,330.4,2023-07-23,1152,D,0
-18.2305,30.443,339.0,2023-07-23,1152,D,0
-18.2894,30.0009,324.5,2023-07-23,1152,D,0
-18.2184,30.4622,318.6,2023-07-23,1152,D,0
-18.2212,30.4416,382.8,2023-07-23,1152,D,0
-18.0906,31.264,328.3,2023-07-23,1152,D,0
-18.092,31.2543,322.3,2023-07-23,1152,D,0
-18.139,30.8417,326.1,2023-07-23,1152,D,0
-18.0851,31.0383,319.3,2023-07-23,1152,D,0
-18.148,30.5806,324.4,2023-07-23,1152,D,0
-18.0868,30.9585,326.5,2023-07-23,1152,D,0
-18.0882,30.9486,351.0,2023-07-23,1152,D,0
-18.1624,30.4052,320.1,2023-07-23,1152,D,0
-18.1638,30.3949,325.8,2023-07-23,1152,D,0
-18.052,31.1427,318.9,2023-07-23,1152,D,0
-18.0777,30.9571,332.8,2023-07-23,1152,D,0
-18.079,30.9472,332.1,2023-07-23,1152,D,0
-18.2382,29.7639,327.2,2023-07-23,1152,D,0
-18.0685,30.9557,321.8,2023-07-23,1152,D,0
-18.0699,30.9459,328.4,2023-07-23,1152,D,0
-18.0726,30.9262,347.2,2023-07-23,1152,D,0
-18.0739,30.9163,320.5,2023-07-23,1152,D,0
-18.1188,30.5866,330.4,2023-07-23,1152,D,0
-18.062,30.9346,332.3,2023-07-23,1152,D,0
-17.9284,31.6357,321.6,2023-07-23,1152,D,0
-17.9775,31.1554,315.7,2023-07-23,1152,D,0
-18.04,30.7029,319.9,2023-07-23,1152,D,0
-18.1636,29.7137,317.2,2023-07-23,1152,D,0
-17.8592,31.8653,318.6,2023-07-23,1152,D,0
-18.0559,30.4467,318.7,2023-07-23,1152,D,0
-17.9615,30.9338,327.8,2023-07-23,1152,D,0
-17.9629,30.924,331.4,2023-07-23,1152,D,0
-18.038,30.1084,322.8,2023-07-23,1152,D,0
-17.8222,31.6029,317.6,2023-07-23,1152,D,0
-18.0675,29.8165,316.5,2023-07-23,1152,D,0
-17.7215,31.6682,314.1,2023-07-23,1152,D,0
-17.7228,31.6587,315.3,2023-07-23,1152,D,0
-17.7429,31.5169,319.2,2023-07-23,1152,D,0
-17.9185,30.0308,316.7,2023-07-23,1152,D,0
-17.9199,30.0202,319.1,2023-07-23,1152,D,0
-17.7361,31.3021,327.7,2023-07-23,1152,D,0
-17.7375,31.2926,327.9,2023-07-23,1152,D,0
-17.7194,31.2898,327.5,2023-07-23,1152,D,0
-17.7207,31.2802,348.4,2023-07-23,1152,D,0
-17.7077,31.3075,334.0,2023-07-23,1152,D,0
-17.709,31.2979,351.6,2023-07-23,1152,D,0
-17.7675,30.8721,322.6,2023-07-23,1152,D,0
-17.6781,31.1205,316.0,2023-07-23,1152,D,0
-17.7777,30.2503,319.9,2023-07-23,1152,D,0
-17.7791,30.2399,335.8,2023-07-23,1152,D,0
-17.5214,31.8449,323.4,2023-07-23,1152,D,0
-17.859,29.3922,317.1,2023-07-23,1152,D,0
-17.5412,31.512,320.7,2023-07-23,1152,D,0
-17.5425,31.5025,346.3,2023-07-23,1152,D,0
-17.5182,31.4795,319.6,2023-07-23,1152,D,0
-17.7224,29.9793,328.0,2023-07-23,1152,D,0
-17.7238,29.9687,373.0,2023-07-23,1152,D,0
-17.7129,29.978,325.3,2023-07-23,1152,D,0
-17.7143,29.9674,373.9,2023-07-23,1152,D,0
-17.7156,29.9569,324.3,2023-07-23,1152,D,0
-17.5266,30.8866,318.6,2023-07-23,1152,D,0
-17.4562,31.3278,322.7,2023-07-23,1152,D,0
-17.413,31.5048,317.3,2023-07-23,1152,D,0
-17.4143,31.4953,321.3,2023-07-23,1152,D,0
-17.5499,30.1139,349.1,2023-07-23,1152,D,0
-17.5513,30.1034,391.3,2023-07-23,1152,D,0
-17.5527,30.093,346.8,2023-07-23,1152,D,0
-17.5419,30.1021,338.1,2023-07-23,1152,D,0
-17.3749,31.0555,318.6,2023-07-23,1152,D,2
-17.3762,31.0458,323.3,2023-07-23,1152,D,0
-17.3713,30.95,316.5,2023-07-23,1152,D,0
-17.3719,30.8111,313.0,2023-07-23,1152,D,0
-17.3733,30.8013,317.8,2023-07-23,1152,D,0
-17.264,31.5174,317.4,2023-07-23,1152,D,0
-17.2653,31.508,323.0,2023-07-23,1152,D,0
-17.2901,31.134,320.2,2023-07-23,1152,D,0
-17.281,31.1326,317.9,2023-07-23,1152,D,0
-17.2958,30.9582,313.7,2023-07-23,1152,D,0
-17.1773,31.6134,319.5,2023-07-23,1152,D,0
-17.354,30.3454,318.2,2023-07-23,1152,D,0
-17.2328,31.0216,315.1,2023-07-23,1152,D,0
-17.2651,30.7196,347.7,2023-07-23,1152,D,0
-17.2665,30.7098,325.7,2023-07-23,1152,D,0
-17.2881,30.5509,324.3,2023-07-23,1152,D,0
-17.256,30.7182,327.2,2023-07-23,1152,D,0
-17.2573,30.7084,322.7,2023-07-23,1152,D,0
-17.152,30.6657,328.0,2023-07-23,1152,D,0
-17.0866,31.0168,319.4,2023-07-23,1152,D,0
-17.1905,30.2671,317.1,2023-07-23,1152,D,0
-17.169,30.2847,339.2,2023-07-23,1152,D,0
-17.1704,30.2745,334.8,2023-07-23,1152,D,0
-17.1611,30.2731,315.9,2023-07-23,1152,D,0
-17.0955,30.4078,316.7,2023-07-23,1152,D,0
-16.9545,31.2332,314.5,2023-07-23,1152,D,0
-17.0002,30.8399,327.0,2023-07-23,1152,D,0
-16.9293,31.0839,314.7,2023-07-23,1152,D,0
-16.9306,31.0744,314.7,2023-07-23,1152,D,0
-16.7898,31.5572,322.2,2023-07-23,1152,D,0
-16.8831,30.7569,317.6,2023-07-23,1152,D,0
-17.032,29.1732,317.5,2023-07-23,1152,D,0
-16.9837,29.4646,322.4,2023-07-23,1152,D,0
-16.8163,30.5699,325.0,2023-07-23,1152,D,0
-16.8177,30.56,319.9,2023-07-23,1152,D,0
-16.8719,30.1596,319.6,2023-07-23,1152,D,0
-16.4742,30.383,331.0,2023-07-23,1153,D,0
-16.6117,29.3527,327.0,2023-07-23,1153,D,0
-16.6132,29.3417,376.4,2023-07-23,1153,D,0
-16.6146,29.3305,349.3,2023-07-23,1153,D,0
-16.6035,29.3403,348.2,2023-07-23,1153,D,0
-16.6049,29.3292,382.1,2023-07-23,1153,D,0
-16.3166,29.0346,323.4,2023-07-23,1153,D,0
-16.072,30.6366,331.3,2023-07-23,1153,D,0
-16.0733,30.627,319.6,2023-07-23,1153,D,0
-15.8994,30.1636,314.4,2023-07-23,1153,D,0
-16.7366,30.8903,340.0,2023-07-23,1153,D,0
-16.7379,30.8807,330.6,2023-07-23,1153,D,0
-16.8237,30.0529,320.9,2023-07-23,1153,D,0
-16.6303,31.3195,317.5,2023-07-23,1153,D,0
-16.6316,31.3101,340.6,2023-07-23,1153,D,0
-16.6329,31.3007,328.6,2023-07-23,1153,D,0
-16.8515,29.3766,320.0,2023-07-23,1153,D,0
-16.8718,29.1498,338.7,2023-07-23,1153,D,0
-16.8733,29.1383,322.5,2023-07-23,1153,D,0
-16.759,29.3121,317.2,2023-07-23,1153,D,0
-16.5663,29.9847,322.5,2023-07-23,1153,D,0
-16.5361,30.1372,315.5,2023-07-23,1153,D,0
-17.9617,25.3208,300.7,2023-07-23,2042,N,0
-16.4838,32.0521,310.6,2023-07-24,733,D,0
-16.3033,29.0387,314.3,2023-07-24,733,D,0
-18.3009,30.9252,329.9,2023-07-24,734,D,0
-18.7132,31.4996,315.0,2023-07-24,734,D,0
-18.7151,31.5113,314.8,2023-07-24,734,D,0
-19.4497,30.8514,310.4,2023-07-24,734,D,0
-19.5218,30.2321,311.7,2023-07-24,734,D,0
-19.5241,30.2457,308.7,2023-07-24,734,D,0
-19.5282,30.2389,312.8,2023-07-24,734,D,0
-16.8326,30.7841,314.3,2023-07-24,734,D,0
-16.8349,30.7981,327.5,2023-07-24,734,D,0
-16.941,31.3185,316.1,2023-07-24,734,D,0
-16.9394,31.3256,314.3,2023-07-24,734,D,0
-16.9845,30.9803,307.1,2023-07-24,734,D,0
-17.4623,30.4627,323.4,2023-07-24,734,D,0
-17.7811,31.5072,309.3,2023-07-24,734,D,0
-17.7443,30.7812,309.5,2023-07-24,734,D,0
-17.7933,30.5854,324.0,2023-07-24,734,D,0
-18.165,32.8302,312.4,2023-07-24,734,D,0
-18.1635,32.8204,307.9,2023-07-24,734,D,0
-18.1486,31.0572,319.9,2023-07-24,734,D,0
-18.2987,30.9124,330.1,2023-07-24,734,D,0
-16.8372,30.7821,328.1,2023-07-24,1234,D,0
-16.8432,30.7511,317.0,2023-07-24,1234,D,0
-16.9746,29.992,315.1,2023-07-24,1234,D,0
-16.8433,30.7786,319.9,2023-07-24,1234,D,0
-16.8279,30.7755,325.6,2023-07-24,1234,D,0
-16.975,29.9872,316.9,2023-07-24,1234,D,0
-16.6849,29.6541,317.3,2023-07-24,1234,D,0
-16.6898,29.628,319.9,2023-07-24,1234,D,0
-16.6837,29.6488,317.5,2023-07-24,1234,D,0
-16.511,29.2657,336.2,2023-07-24,1234,D,0
-16.5153,29.2421,331.7,2023-07-24,1234,D,0
-16.4225,29.5842,314.3,2023-07-24,1234,D,0
-16.4083,29.5813,320.3,2023-07-24,1234,D,0
-16.4195,29.5763,316.9,2023-07-24,1234,D,0
-18.8843,32.3281,313.6,2023-07-24,1234,D,0
-18.9983,31.0484,315.6,2023-07-24,1234,D,0
-19.0022,31.0443,316.2,2023-07-24,1234,D,0
-19.1783,29.5801,317.5,2023-07-24,1234,D,0
-19.2973,28.8742,315.3,2023-07-24,1234,D,0
-18.7452,31.4723,318.1,2023-07-24,1234,D,0
-18.7518,31.4395,325.6,2023-07-24,1234,D,0
-18.7369,31.4658,315.4,2023-07-24,1234,D,0
-18.7432,31.433,317.6,2023-07-24,1234,D,0
-18.6658,31.4148,331.4,2023-07-24,1234,D,0
-18.6721,31.3829,315.3,2023-07-24,1234,D,0
-18.7878,30.0867,319.8,2023-07-24,1234,D,0
-18.7737,30.0838,315.4,2023-07-24,1234,D,0
-18.7856,30.0813,324.2,2023-07-24,1234,D,0
-17.7604,31.4985,314.7,2023-07-24,1234,D,0
-18.0806,29.7505,315.0,2023-07-24,1234,D,0
-17.6284,31.9914,313.3,2023-07-24,1234,D,0
-18.0281,29.951,314.7,2023-07-24,1234,D,0
-17.6992,31.3089,318.0,2023-07-24,1234,D,0
-17.7054,31.3026,318.1,2023-07-24,1234,D,0
-17.8563,30.1265,315.7,2023-07-24,1234,D,0
-17.8615,30.1,313.5,2023-07-24,1234,D,0
-17.8561,30.1214,316.6,2023-07-24,1234,D,0
-18.4305,26.4185,321.9,2023-07-24,1234,D,0
-17.7042,30.1921,317.8,2023-07-24,1234,D,0
-17.7094,30.1652,317.0,2023-07-24,1234,D,0
-17.7448,29.9794,315.6,2023-07-24,1234,D,0
-17.7499,29.9526,315.4,2023-07-24,1234,D,0
-17.6736,30.2725,313.1,2023-07-24,1234,D,0
-17.5134,31.0112,314.3,2023-07-24,1234,D,0
-17.5266,30.5615,313.3,2023-07-24,1234,D,0
-17.76,29.1165,315.4,2023-07-24,1234,D,0
-17.4054,30.0004,319.8,2023-07-24,1234,D,0
-17.4107,29.9731,324.9,2023-07-24,1234,D,0
-17.4178,29.9953,319.1,2023-07-24,1234,D,0
-17.4229,29.9681,315.8,2023-07-24,1234,D,0
-17.4034,29.9923,322.7,2023-07-24,1234,D,0
-17.1573,31.1123,333.9,2023-07-24,1234,D,0
-17.1558,30.8733,315.4,2023-07-24,1234,D,0
-17.1495,31.1057,319.6,2023-07-24,1234,D,0
-17.162,30.87,315.3,2023-07-24,1234,D,0
-17.954,25.3246,331.1,2023-07-24,1234,D,0
-17.956,25.3124,325.5,2023-07-24,1234,D,0
-17.3124,28.4028,314.7,2023-07-24,1234,D,0
-16.4052,29.5735,320.4,2023-07-24,1234,D,0
-16.2919,29.0235,315.6,2023-07-24,1234,D,0
-16.2823,28.9982,320.2,2023-07-24,1234,D,0
-17.7843,30.5303,302.0,2023-07-24,1945,N,0
-17.8255,30.771,311.2,2023-07-24,2326,N,0
-16.8092,29.6101,302.1,2023-07-24,2326,N,0
-16.5705,29.6114,339.0,2023-07-25,814,D,0
-16.8622,31.8575,314.0,2023-07-25,814,D,0
-16.7785,30.5685,309.2,2023-07-25,814,D,0
-16.7805,30.5851,314.0,2023-07-25,814,D,0
-16.7856,30.579,316.2,2023-07-25,814,D,0
-16.7896,30.4028,309.9,2023-07-25,814,D,0
-16.7917,30.4204,309.7,2023-07-25,814,D,0
-16.7054,29.3244,312.7,2023-07-25,814,D,0
-17.1703,30.6504,318.9,2023-07-25,814,D,0
-17.1723,30.6681,336.9,2023-07-25,814,D,0
-17.1845,30.6667,315.2,2023-07-25,814,D,0
-17.2089,30.6638,318.8,2023-07-25,814,D,0
-17.2808,31.179,309.9,2023-07-25,814,D,0
-17.3756,31.1005,311.4,2023-07-25,814,D,0
-17.3025,30.2735,311.1,2023-07-25,814,D,0
-17.3743,31.0751,319.9,2023-07-25,814,D,0
-17.3764,31.0948,318.0,2023-07-25,814,D,0
-17.7319,30.6756,316.7,2023-07-25,814,D,0
-17.9489,32.0338,310.2,2023-07-25,814,D,0
-17.94,31.2595,312.9,2023-07-25,814,D,0
-17.846,30.2383,313.4,2023-07-25,814,D,0
-17.9387,31.2542,312.8,2023-07-25,814,D,0
-17.8538,30.2492,311.9,2023-07-25,814,D,0
-16.2923,29.0391,312.3,2023-07-25,814,D,0
-16.5685,29.6031,323.0,2023-07-25,814,D,0
-18.5068,32.0975,325.0,2023-07-25,815,D,0
-18.1798,30.4982,316.4,2023-07-25,815,D,0
-18.3352,30.9585,313.5,2023-07-25,815,D,0
-18.3374,30.9787,308.6,2023-07-25,815,D,0
-18.376,31.3287,305.6,2023-07-25,815,D,0
-18.3397,30.6625,310.2,2023-07-25,815,D,0
-18.5014,32.1047,327.5,2023-07-25,815,D,0
-18.5041,32.1297,309.8,2023-07-25,815,D,0
-18.5153,32.1034,314.5,2023-07-25,815,D,0
-18.3419,30.6557,307.4,2023-07-25,815,D,0
-18.5093,32.1225,324.8,2023-07-25,815,D,0
-18.6589,29.9046,306.6,2023-07-25,815,D,0
-18.3711,26.4842,315.1,2023-07-25,815,D,0
-18.435,26.4893,315.4,2023-07-25,815,D,0
-19.3958,30.2337,304.5,2023-07-25,815,D,0
-20.0509,29.0259,310.9,2023-07-25,815,D,0
-20.0635,29.0343,313.5,2023-07-25,815,D,0
-20.2616,28.4987,307.5,2023-07-25,815,D,0
-20.3976,28.1158,307.7,2023-07-25,815,D,0
-20.0573,29.0232,313.0,2023-07-25,1137,D,0
-18.9969,32.5709,324.5,2023-07-25,1137,D,0
-18.9953,32.5834,321.1,2023-07-25,1137,D,0
-19.3826,30.2414,310.8,2023-07-25,1137,D,0
-19.397,30.2244,316.7,2023-07-25,1137,D,0
-19.3872,30.228,313.9,2023-07-25,1137,D,0
-19.3996,30.2296,315.0,2023-07-25,1137,D,0
-19.5397,29.7716,318.6,2023-07-25,1137,D,0
-19.5419,29.7581,313.9,2023-07-25,1137,D,0
-19.5397,29.7786,313.6,2023-07-25,1137,D,0
-20.0532,28.9941,311.5,2023-07-25,1137,D,0
-20.4008,28.1108,311.7,2023-07-25,1137,D,0
-20.0507,29.0177,314.9,2023-07-25,1137,D,0
-20.0596,28.9997,311.6,2023-07-25,1137,D,0
-17.2864,31.3569,319.0,2023-07-25,1138,D,0
-18.6716,29.8708,311.7,2023-07-25,1138,D,0
-18.6569,29.8887,333.9,2023-07-25,1138,D,0
-18.6591,29.8693,311.0,2023-07-25,1138,D,0
-18.2938,32.0858,314.6,2023-07-25,1138,D,0
-18.375,31.3254,313.7,2023-07-25,1138,D,0
-18.4358,30.808,312.8,2023-07-25,1138,D,0
-18.3493,30.9715,329.0,2023-07-25,1138,D,0
-18.2186,31.7813,319.5,2023-07-25,1138,D,0
-18.2202,31.7675,313.7,2023-07-25,1138,D,0
-18.4437,29.7111,313.3,2023-07-25,1138,D,0
-18.2149,31.774,324.0,2023-07-25,1138,D,0
-18.4427,29.7039,315.0,2023-07-25,1138,D,0
-18.1296,31.8464,316.2,2023-07-25,1138,D,0
-18.1189,31.8451,316.8,2023-07-25,1138,D,0
-18.1541,31.0773,316.4,2023-07-25,1138,D,0
-18.133,30.9632,315.1,2023-07-25,1138,D,0
-18.1879,30.4871,333.6,2023-07-25,1138,D,0
-18.1791,30.4966,328.7,2023-07-25,1138,D,0
-18.1812,30.4795,324.4,2023-07-25,1138,D,0
-18.0796,31.1233,342.5,2023-07-25,1138,D,0
-18.1003,30.4517,314.0,2023-07-25,1138,D,0
-18.032,30.9436,326.8,2023-07-25,1138,D,0
-18.0338,30.9278,341.0,2023-07-25,1138,D,0
-18.0344,30.9387,325.0,2023-07-25,1138,D,0
-18.023,30.9372,327.4,2023-07-25,1138,D,0
-18.025,30.9214,328.9,2023-07-25,1138,D,0
-17.9498,31.163,322.4,2023-07-25,1138,D,0
-17.8346,31.8433,342.7,2023-07-25,1138,D,0
-17.8283,31.8497,325.2,2023-07-25,1138,D,0
-17.83,31.8361,331.0,2023-07-25,1138,D,0
-17.7983,31.5643,316.7,2023-07-25,1138,D,0
-17.8001,31.5501,328.2,2023-07-25,1138,D,0
-17.8149,31.3339,318.0,2023-07-25,1138,D,0
-17.8167,31.3196,317.5,2023-07-25,1138,D,0
-17.8145,31.3285,321.1,2023-07-25,1138,D,0
-17.9112,30.2517,326.3,2023-07-25,1138,D,0
-17.9055,30.1968,348.6,2023-07-25,1138,D,0
-17.8689,30.4054,318.7,2023-07-25,1138,D,0
-17.8709,30.3882,328.3,2023-07-25,1138,D,0
-17.8913,30.2132,351.7,2023-07-25,1138,D,0
-17.857,30.4039,324.5,2023-07-25,1138,D,0
-17.859,30.3866,374.0,2023-07-25,1138,D,0
-17.861,30.3693,328.2,2023-07-25,1138,D,0
-17.8793,30.2117,329.0,2023-07-25,1138,D,0
-17.8532,30.2264,318.5,2023-07-25,1138,D,0
-17.8552,30.2085,338.0,2023-07-25,1138,D,0
-17.8478,30.2191,327.2,2023-07-25,1138,D,0
-17.85,30.2011,324.4,2023-07-25,1138,D,0
-17.7226,30.6683,324.8,2023-07-25,1138,D,0
-17.7245,30.652,317.0,2023-07-25,1138,D,0
-17.7417,30.2951,315.9,2023-07-25,1138,D,0
-17.5177,32.1342,321.2,2023-07-25,1138,D,0
-17.3835,31.7903,316.3,2023-07-25,1138,D,0
-17.3885,31.7991,314.2,2023-07-25,1138,D,0
-17.3407,31.1883,315.3,2023-07-25,1138,D,0
-17.3589,30.9477,315.0,2023-07-25,1138,D,0
-17.8911,25.5792,318.1,2023-07-25,1138,D,0
-17.8948,25.5389,324.9,2023-07-25,1138,D,0
-17.8886,25.5749,322.4,2023-07-25,1138,D,0
-17.8925,25.5348,324.1,2023-07-25,1138,D,0
-17.2607,30.9144,320.1,2023-07-25,1138,D,0
-17.1684,31.5774,320.4,2023-07-25,1138,D,0
-17.2494,30.9125,318.1,2023-07-25,1138,D,0
-17.2108,30.6634,319.6,2023-07-25,1138,D,0
-17.2128,30.647,324.3,2023-07-25,1138,D,0
-17.1067,31.4214,314.9,2023-07-25,1138,D,0
-17.1952,30.6959,331.7,2023-07-25,1138,D,0
-17.2347,30.366,331.7,2023-07-25,1138,D,0
-17.1839,30.6936,316.4,2023-07-25,1138,D,0
-17.2388,30.2288,350.4,2023-07-25,1138,D,0
-17.2408,30.2123,340.0,2023-07-25,1138,D,0
-17.2269,30.2271,332.6,2023-07-25,1138,D,0
-17.2215,30.2216,317.9,2023-07-25,1138,D,0
-17.365,28.3014,314.1,2023-07-25,1138,D,0
-17.03,30.0964,352.3,2023-07-25,1138,D,0
-17.0322,30.0788,374.5,2023-07-25,1138,D,0
-17.0027,29.9135,315.2,2023-07-25,1138,D,0
-16.7653,31.7036,332.9,2023-07-25,1138,D,0
-16.767,31.6903,323.5,2023-07-25,1138,D,0
-16.7585,31.7093,318.9,2023-07-25,1138,D,0
-16.7603,31.6961,322.7,2023-07-25,1138,D,0
-16.8275,30.9041,318.2,2023-07-25,1138,D,0
-16.8293,30.8893,316.5,2023-07-25,1138,D,0
-17.0379,29.1486,317.7,2023-07-25,1138,D,0
-17.025,29.1471,354.0,2023-07-25,1138,D,0
-16.6991,31.7545,326.7,2023-07-25,1138,D,0
-16.7008,31.7413,324.2,2023-07-25,1138,D,0
-16.7635,31.1489,315.1,2023-07-25,1138,D,0
-16.7652,31.1345,316.5,2023-07-25,1138,D,0
-16.9055,29.6348,334.1,2023-07-25,1138,D,0
-16.9077,29.6159,353.0,2023-07-25,1138,D,0
-16.9037,29.6297,344.1,2023-07-25,1138,D,0
-16.9059,29.6107,341.7,2023-07-25,1138,D,0
-16.7521,30.2919,327.7,2023-07-25,1138,D,0
-16.7546,30.3018,323.6,2023-07-25,1138,D,0
-16.7566,30.2857,318.1,2023-07-25,1138,D,0
-16.6294,30.0918,324.3,2023-07-25,1138,D,0
-16.6313,30.075,317.6,2023-07-25,1138,D,0
-16.5822,29.6075,323.5,2023-07-25,1138,D,0
-16.5844,29.5888,322.0,2023-07-25,1138,D,0
-16.5639,29.5479,320.7,2023-07-25,1138,D,0
-16.5622,29.5426,321.7,2023-07-25,1138,D,0
-16.4158,29.3611,323.0,2023-07-25,1138,D,0
-16.418,29.3416,318.2,2023-07-25,1138,D,0
-16.4152,29.3559,325.8,2023-07-25,1138,D,0
-16.2974,29.0317,332.0,2023-07-25,1138,D,0
-16.2998,29.0112,318.4,2023-07-25,1138,D,0
-16.0628,30.8085,319.9,2023-07-25,1138,D,0
-16.0865,30.5167,336.0,2023-07-25,1138,D,0
-16.0883,30.501,355.5,2023-07-25,1138,D,0
-16.0893,30.5117,346.3,2023-07-25,1138,D,0
-16.0912,30.4961,332.6,2023-07-25,1138,D,0
-18.6861,32.446,317.6,2023-07-25,1138,D,0
-18.7506,31.428,312.7,2023-07-25,1138,D,0
-18.8258,29.5376,312.5,2023-07-25,1138,D,0
-18.8113,29.5495,312.1,2023-07-25,1138,D,0
-18.8136,29.5289,312.1,2023-07-25,1138,D,0
-18.6694,29.8902,343.8,2023-07-25,1138,D,0
-17.1188,30.3762,321.9,2023-07-25,2025,N,0
-17.117,30.3881,301.0,2023-07-25,2025,N,0
-17.3023,30.1882,313.0,2023-07-25,2025,N,0
-17.4205,30.5404,300.5,2023-07-25,2025,N,0
-20.3049,28.4569,304.0,2023-07-25,2025,N,0
-20.3139,28.4584,303.4,2023-07-25,2025,N,0
-16.5163,30.8592,303.5,2023-07-25,2026,N,0
-16.7962,29.4811,308.7,2023-07-25,2026,N,0
-16.7946,29.4919,301.0,2023-07-25,2026,N,0
-16.8878,29.6148,303.5,2023-07-25,2026,N,0
-17.0061,29.507,301.9,2023-07-25,2026,N,0
-17.1008,29.108,303.0,2023-07-25,2026,N,0
-17.0992,29.1183,317.2,2023-07-25,2026,N,0
-16.0885,30.4742,305.5,2023-07-25,2026,N,0
-16.282,29.0328,308.6,2023-07-25,2026,N,0
-16.2726,29.0315,309.1,2023-07-25,2026,N,0
-16.2742,29.0207,318.3,2023-07-25,2026,N,0
-16.0865,30.4869,315.6,2023-07-25,2026,N,0
-16.5198,30.8668,300.7,2023-07-25,2026,N,0
-16.7547,29.0213,311.5,2023-07-26,8,N,0
-16.7566,29.0376,338.0,2023-07-26,8,N,0
-20.8682,32.2676,333.1,2023-07-26,718,D,0
-20.8649,32.2494,320.8,2023-07-26,718,D,0
-19.0567,29.3878,312.5,2023-07-26,1219,D,0
-18.8281,32.3878,316.3,2023-07-26,1219,D,0
-18.8244,32.408,320.6,2023-07-26,1219,D,0
-18.8276,32.3951,328.7,2023-07-26,1219,D,0
-19.3343,30.2219,320.3,2023-07-26,1219,D,0
-20.0716,28.5737,331.8,2023-07-26,1219,D,0
-20.0699,28.5847,326.7,2023-07-26,1219,D,0
-20.087,28.725,326.5,2023-07-26,1219,D,0
-20.0852,28.7363,316.9,2023-07-26,1219,D,0
-20.0491,29.0242,319.5,2023-07-26,1219,D,0
-20.0472,29.0358,321.1,2023-07-26,1219,D,0
-20.1219,29.1402,325.0,2023-07-26,1219,D,0
-18.3946,30.248,311.8,2023-07-26,1219,D,0
-18.3971,30.2334,310.4,2023-07-26,1219,D,0
-18.48,30.6261,312.4,2023-07-26,1219,D,0
-17.7506,27.5562,319.2,2023-07-26,1220,D,0
-17.7395,30.0889,318.9,2023-07-26,1220,D,0
-17.6042,30.3486,321.9,2023-07-26,1220,D,0
-17.3282,30.6072,317.5,2023-07-26,1220,D,0
-17.2456,30.6823,327.0,2023-07-26,1220,D,0
-17.2483,30.6667,312.0,2023-07-26,1220,D,0
-17.2919,30.4143,313.8,2023-07-26,1220,D,0
-17.3438,30.1106,310.8,2023-07-26,1220,D,0
-17.906,25.5449,319.1,2023-07-26,1220,D,0
-17.8916,25.5808,325.2,2023-07-26,1220,D,0
-17.893,25.5714,322.3,2023-07-26,1220,D,0
-17.8814,25.5887,316.6,2023-07-26,1220,D,0
-17.8827,25.5793,335.8,2023-07-26,1220,D,0
-17.1438,29.5292,336.0,2023-07-26,1220,D,0
-16.9984,30.0374,319.5,2023-07-26,1220,D,0
-17.0975,29.1215,313.3,2023-07-26,1220,D,0
-17.1028,29.1169,316.4,2023-07-26,1220,D,0
-16.8613,29.5563,331.5,2023-07-26,1220,D,0
-16.5786,29.9979,314.0,2023-07-26,1220,D,0
-16.472,30.0128,328.5,2023-07-26,1220,D,0
-16.6087,29.1839,325.0,2023-07-26,1220,D,0
-16.4583,30.0258,313.3,2023-07-26,1220,D,0
-16.4608,30.0109,340.0,2023-07-26,1220,D,0
-16.4855,29.4639,314.3,2023-07-26,1220,D,0
-16.4552,29.4955,338.4,2023-07-26,1220,D,0
-16.4422,29.5073,318.0,2023-07-26,1220,D,0
-16.4444,29.4936,320.6,2023-07-26,1220,D,0
-16.3405,29.8432,314.3,2023-07-26,1220,D,0
-16.3372,29.8512,313.9,2023-07-26,1220,D,0
-16.2669,29.0163,321.1,2023-07-26,1220,D,0
-16.269,29.0034,331.0,2023-07-26,1220,D,0
-18.3946,30.2422,316.7,2023-07-26,1220,D,0
-18.2041,30.4129,346.4,2023-07-26,1220,D,0
-18.7201,27.1911,314.3,2023-07-26,1220,D,0
-18.7216,27.1812,314.4,2023-07-26,1220,D,0
-18.2369,30.0804,321.8,2023-07-26,1220,D,0
-18.0955,29.7738,323.3,2023-07-26,1220,D,0
-18.0979,29.7602,318.2,2023-07-26,1220,D,0
-18.0929,29.7677,323.8,2023-07-26,1220,D,0
-17.9871,30.2002,319.5,2023-07-26,1220,D,0
-17.9761,30.198,315.1,2023-07-26,1220,D,0
-18.4327,26.4161,320.6,2023-07-26,1220,D,0
-17.748,30.1056,311.7,2023-07-26,1220,D,0
-17.7071,30.2806,316.3,2023-07-26,1220,D,0
-16.4582,29.4217,306.4,2023-07-27,758,D,0
-18.4313,26.42,311.9,2023-07-27,758,D,0
-18.8828,28.4178,308.7,2023-07-27,758,D,0
-19.0108,30.9302,310.8,2023-07-27,758,D,0
-18.3675,26.4794,317.1,2023-07-27,758,D,0
-18.6935,30.8311,312.9,2023-07-27,758,D,0
-17.9135,25.5644,357.7,2023-07-27,758,D,0
-17.9116,25.5528,363.0,2023-07-27,758,D,0
-17.9135,25.5706,338.9,2023-07-27,758,D,0
-17.9117,25.5589,381.9,2023-07-27,758,D,0
-17.9098,25.5473,343.4,2023-07-27,758,D,0
-17.9037,25.5723,326.4,2023-07-27,758,D,0
-17.9018,25.5606,362.8,2023-07-27,758,D,0
-17.8999,25.5489,337.7,2023-07-27,758,D,0
-17.8956,25.5856,318.6,2023-07-27,758,D,0
-18.3581,30.9254,316.5,2023-07-27,758,D,0
-18.2994,31.5024,313.7,2023-07-27,758,D,0
-17.9791,30.9824,313.5,2023-07-27,758,D,0
-17.9777,30.9718,317.2,2023-07-27,758,D,0
-17.287,29.0349,317.1,2023-07-27,758,D,0
-17.3147,30.6084,311.1,2023-07-27,758,D,0
-16.9761,29.5622,312.2,2023-07-27,758,D,0
-16.9748,29.5529,313.0,2023-07-27,758,D,0
-16.8978,29.4664,312.9,2023-07-27,758,D,0
-16.5318,29.5464,313.3,2023-07-27,758,D,0
-16.5331,29.5557,321.1,2023-07-27,758,D,0
-16.8015,29.6294,310.6,2023-07-27,758,D,0
-16.8991,29.4757,311.7,2023-07-27,758,D,0
-16.2435,30.3747,313.2,2023-07-27,758,D,0
-20.7827,29.1515,310.5,2023-07-27,759,D,0
-18.1427,31.5226,317.3,2023-07-27,1123,D,0
-19.4837,30.0358,310.5,2023-07-27,1123,D,0
-19.3057,29.7063,326.4,2023-07-27,1123,D,0
-19.3091,29.6671,321.6,2023-07-27,1123,D,0
-19.3186,29.7033,317.5,2023-07-27,1123,D,0
-19.3018,29.7018,320.0,2023-07-27,1123,D,0
-19.3054,29.6627,313.9,2023-07-27,1123,D,0
-18.9054,32.4742,317.4,2023-07-27,1123,D,0
-18.9079,32.4504,315.8,2023-07-27,1123,D,0
-19.0166,30.9189,322.9,2023-07-27,1123,D,0
-18.9055,32.1527,313.9,2023-07-27,1123,D,0
-19.0204,30.9147,323.8,2023-07-27,1123,D,0
-18.8355,32.4137,314.9,2023-07-27,1123,D,0
-18.751,32.3502,326.0,2023-07-27,1123,D,0
-18.5198,31.8341,311.4,2023-07-27,1123,D,0
-18.5225,31.8077,310.1,2023-07-27,1123,D,0
-18.5009,31.5905,314.0,2023-07-27,1123,D,0
-18.5159,31.8263,320.1,2023-07-27,1123,D,0
-18.1133,32.8409,309.7,2023-07-27,1123,D,0
-18.1033,32.8335,316.7,2023-07-27,1123,D,0
-17.8313,31.6276,317.9,2023-07-27,1123,D,0
-17.616,31.5021,315.2,2023-07-27,1124,D,0
-16.5442,29.5322,314.3,2023-07-27,1124,D,0
-16.4982,29.9738,312.4,2023-07-27,1124,D,0
-17.7259,30.271,315.4,2023-07-27,1124,D,0
-17.729,30.2381,312.2,2023-07-27,1124,D,0
-16.4919,29.9799,314.9,2023-07-27,1124,D,0
-16.551,29.54,316.3,2023-07-27,1124,D,0
-17.1773,30.2346,329.7,2023-07-27,1124,D,0
-17.1932,30.2356,337.4,2023-07-27,1124,D,0
-17.1907,30.2114,330.2,2023-07-27,1124,D,0
-17.1877,30.2422,345.2,2023-07-27,1124,D,0
-17.7159,30.263,320.7,2023-07-27,1124,D,0
-17.911,25.5615,320.0,2023-07-27,1301,D,0
-17.9098,25.5566,319.1,2023-07-27,1301,D,0
-16.9148,29.3883,306.3,2023-07-27,2009,N,0
-16.9228,29.3856,320.6,2023-07-27,2009,N,0
-18.1243,30.1657,301.2,2023-07-27,2009,N,0
-16.9215,29.3956,304.3,2023-07-27,2009,N,0
-17.7017,30.437,300.1,2023-07-27,2009,N,0
-16.9166,29.3901,305.1,2023-07-27,2354,N,0
-18.3639,26.4793,306.5,2023-07-27,2354,N,0
-17.9146,25.5899,320.4,2023-07-28,839,D,0
-17.9123,25.5674,327.2,2023-07-28,839,D,0
-17.9257,25.5658,336.7,2023-07-28,839,D,0
-17.9304,25.5721,323.2,2023-07-28,839,D,0
-17.917,25.5736,342.9,2023-07-28,839,D,0
-21.6054,30.5802,321.1,2023-07-28,1204,D,0
-20.721,32.088,322.5,2023-07-28,1204,D,0
-21.6144,30.5818,348.9,2023-07-28,1204,D,0
-18.9689,31.9535,314.4,2023-07-28,1205,D,0
-19.0054,31.3841,321.3,2023-07-28,1205,D,0
-19.007,31.3737,325.1,2023-07-28,1205,D,0
-18.9676,31.0252,332.0,2023-07-28,1205,D,0
-18.7408,32.3502,319.7,2023-07-28,1205,D,0
-18.7141,32.2037,317.9,2023-07-28,1205,D,0
-18.8541,30.3104,318.2,2023-07-28,1205,D,0
-18.7859,30.4018,321.0,2023-07-28,1205,D,0
-18.7873,30.3922,320.7,2023-07-28,1205,D,0
-18.4573,32.2086,313.6,2023-07-28,1205,D,0
-18.6966,30.1933,326.4,2023-07-28,1205,D,0
-18.698,30.1837,318.9,2023-07-28,1205,D,0
-18.3366,32.4417,316.1,2023-07-28,1205,D,0
-18.3461,32.3833,315.5,2023-07-28,1205,D,0
-18.3266,32.4398,318.0,2023-07-28,1205,D,0
-18.546,30.9383,374.8,2023-07-28,1205,D,0
-18.5297,30.9401,327.5,2023-07-28,1205,D,0
-18.5313,30.9301,322.7,2023-07-28,1205,D,0
-18.5818,30.5339,319.7,2023-07-28,1205,D,0
-18.5833,30.5241,322.7,2023-07-28,1205,D,0
-18.7146,29.513,322.0,2023-07-28,1205,D,0
-18.2249,32.565,314.8,2023-07-28,1205,D,0
-18.53,30.4455,316.2,2023-07-28,1205,D,0
-18.5209,30.444,317.9,2023-07-28,1205,D,0
-18.2178,32.159,319.9,2023-07-28,1205,D,0
-18.3343,31.2969,321.1,2023-07-28,1205,D,0
-18.3359,31.2865,359.4,2023-07-28,1205,D,0
-18.3375,31.2762,326.0,2023-07-28,1205,D,0
-18.3334,30.8327,342.9,2023-07-28,1205,D,0
-18.3349,30.8228,319.7,2023-07-28,1205,D,0
-18.0844,32.106,321.8,2023-07-28,1205,D,0
-18.0863,32.0945,371.3,2023-07-28,1205,D,0
-18.0882,32.0831,344.0,2023-07-28,1205,D,0
-18.0746,32.1042,317.2,2023-07-28,1205,D,0
-18.0765,32.0928,316.6,2023-07-28,1205,D,0
-18.2191,31.1589,315.6,2023-07-28,1205,D,0
-17.9534,32.7838,319.4,2023-07-28,1205,D,0
-18.0964,31.824,322.0,2023-07-28,1205,D,0
-18.0982,31.813,365.5,2023-07-28,1205,D,0
-18.2663,30.6019,321.8,2023-07-28,1205,D,0
-18.2678,30.5921,318.3,2023-07-28,1205,D,0
-18.2102,30.7237,317.6,2023-07-28,1205,D,0
-18.2117,30.7138,328.9,2023-07-28,1205,D,0
-18.201,30.7221,318.2,2023-07-28,1205,D,0
-18.2026,30.7122,321.4,2023-07-28,1205,D,0
-18.1418,31.0663,316.7,2023-07-28,1205,D,0
-18.3281,29.7618,325.7,2023-07-28,1205,D,0
-18.3295,29.7524,341.5,2023-07-28,1205,D,0
-18.0117,31.7811,322.7,2023-07-28,1205,D,0
-18.092,31.1416,319.9,2023-07-28,1205,D,0
-18.2454,30.0096,319.3,2023-07-28,1205,D,0
-18.1371,30.6648,360.5,2023-07-28,1205,D,0
-18.1386,30.655,325.7,2023-07-28,1205,D,0
-18.1279,30.6632,334.1,2023-07-28,1205,D,0
-18.0147,31.2274,316.8,2023-07-28,1205,D,0
-18.0037,31.2362,318.1,2023-07-28,1205,D,0
-18.0053,31.2258,327.5,2023-07-28,1205,D,0
-18.0885,30.5593,318.1,2023-07-28,1205,D,0
-18.0128,30.3315,317.6,2023-07-28,1205,D,0
-18.0143,30.3218,325.3,2023-07-28,1205,D,0
-17.9426,30.5524,317.5,2023-07-28,1205,D,0
-17.9949,30.2035,316.8,2023-07-28,1205,D,0
-18.1037,29.4659,321.4,2023-07-28,1205,D,0
-18.1051,29.4565,323.3,2023-07-28,1205,D,0
-17.8094,31.3623,316.8,2023-07-28,1205,D,0
-17.9613,30.3658,331.4,2023-07-28,1205,D,0
-17.7336,31.5355,340.3,2023-07-28,1205,D,0
-17.7353,31.5249,317.2,2023-07-28,1205,D,0
-17.9189,30.3388,332.7,2023-07-28,1205,D,0
-17.9083,30.3469,320.7,2023-07-28,1205,D,0
-17.9098,30.3373,345.5,2023-07-28,1205,D,0
-17.9824,29.7922,333.4,2023-07-28,1205,D,0
-17.9838,29.7828,328.2,2023-07-28,1205,D,0
-17.886,30.2583,319.5,2023-07-28,1205,D,0
-17.6361,31.6352,320.5,2023-07-28,1205,D,0
-17.7798,30.5897,323.3,2023-07-28,1205,D,0
-17.7813,30.5798,320.9,2023-07-28,1205,D,0
-17.791,30.3347,324.6,2023-07-28,1205,D,0
-17.7602,30.2306,351.1,2023-07-28,1205,D,0
-17.7617,30.2209,364.0,2023-07-28,1205,D,0
-17.6919,30.6187,320.4,2023-07-28,1205,D,0
-17.7512,30.229,323.0,2023-07-28,1205,D,0
-17.7526,30.2194,328.0,2023-07-28,1205,D,0
-17.4849,31.6754,324.3,2023-07-28,1205,D,0
-17.4866,31.6644,317.7,2023-07-28,1205,D,0
-17.5651,30.9097,356.3,2023-07-28,1205,D,0
-17.5542,30.9183,324.1,2023-07-28,1205,D,0
-17.5558,30.908,322.8,2023-07-28,1205,D,0
-18.1792,26.3842,322.8,2023-07-28,1205,D,0
-17.4843,31.142,318.6,2023-07-28,1205,D,0
-17.4859,31.1318,321.2,2023-07-28,1205,D,0
-17.4749,31.1406,328.8,2023-07-28,1205,D,0
-17.1704,32.93,323.5,2023-07-28,1205,D,0
-17.5337,30.5092,326.4,2023-07-28,1205,D,0
-17.4632,30.9067,318.7,2023-07-28,1205,D,0
-17.5245,30.5077,328.1,2023-07-28,1205,D,0
-17.4507,30.9254,316.4,2023-07-28,1205,D,0
-18.2052,25.4486,318.7,2023-07-28,1205,D,0
-17.2647,31.3079,318.5,2023-07-28,1205,D,0
-17.4617,29.8246,317.0,2023-07-28,1205,D,0
-17.3958,30.0179,317.0,2023-07-28,1205,D,0
-17.3208,30.2163,319.1,2023-07-28,1205,D,0
-17.9468,25.5735,353.3,2023-07-28,1205,D,0
-17.9484,25.5611,365.9,2023-07-28,1205,D,0
-17.273,30.3474,325.5,2023-07-28,1205,D,0
-17.9366,25.5721,353.0,2023-07-28,1205,D,0
-17.9382,25.5597,339.9,2023-07-28,1205,D,0
-17.1179,31.2875,316.3,2023-07-28,1205,D,0
-16.9847,31.8556,324.4,2023-07-28,1205,D,0
-17.3868,29.2054,324.7,2023-07-28,1205,D,0
-17.3882,29.1961,322.6,2023-07-28,1205,D,0
-17.3156,29.5666,320.4,2023-07-28,1205,D,0
-17.317,29.5573,321.6,2023-07-28,1205,D,0
-17.3307,29.4637,327.6,2023-07-28,1205,D,0
-17.0639,31.1631,334.8,2023-07-28,1205,D,0
-17.0656,31.1526,349.2,2023-07-28,1205,D,0
-17.1184,30.8123,336.1,2023-07-28,1205,D,0
-17.1199,30.8022,323.6,2023-07-28,1205,D,0
-17.3066,29.5652,326.7,2023-07-28,1205,D,0
-17.1091,30.8107,326.5,2023-07-28,1205,D,0
-17.1879,30.2968,316.0,2023-07-28,1205,D,0
-16.8125,32.5374,319.9,2023-07-28,1205,D,0
-17.2349,29.8621,348.4,2023-07-28,1205,D,0
-17.2043,29.9489,328.0,2023-07-28,1205,D,0
-17.1953,29.9474,326.0,2023-07-28,1205,D,0
-17.1967,29.9378,316.7,2023-07-28,1205,D,0
-17.1772,29.9444,316.8,2023-07-28,1205,D,0
-20.9713,29.0468,316.8,2023-07-28,1205,D,0
-20.0911,32.6919,317.0,2023-07-28,1205,D,0
-20.0812,32.6904,318.4,2023-07-28,1205,D,0
-20.5166,29.7196,338.8,2023-07-28,1205,D,0
-20.518,29.7101,321.8,2023-07-28,1205,D,0
-20.4974,29.7261,338.9,2023-07-28,1205,D,0
-20.4988,29.7166,322.8,2023-07-28,1205,D,0
-20.4885,29.7246,324.3,2023-07-28,1205,D,0
-20.4221,30.0538,316.1,2023-07-28,1205,D,0
-20.0589,31.2973,336.9,2023-07-28,1205,D,0
-20.0604,31.2872,357.0,2023-07-28,1205,D,0
-19.8021,32.8312,311.1,2023-07-28,1205,D,0
-19.739,32.8984,316.4,2023-07-28,1205,D,0
-20.1623,28.5203,327.9,2023-07-28,1205,D,2
-19.6481,31.0287,317.9,2023-07-28,1205,D,0
-19.6389,31.0271,320.2,2023-07-28,1205,D,0
-19.5581,30.7777,316.8,2023-07-28,1205,D,0
-19.5047,30.0915,320.4,2023-07-28,1205,D,0
-19.3982,30.6776,324.1,2023-07-28,1205,D,0
-19.446,30.1723,322.4,2023-07-28,1205,D,0
-19.4474,30.1628,330.9,2023-07-28,1205,D,0
-19.3634,30.6616,314.9,2023-07-28,1205,D,0
-19.1944,31.6948,320.4,2023-07-28,1205,D,0
-19.1961,31.6842,321.6,2023-07-28,1205,D,0
-19.005,32.371,331.5,2023-07-28,1205,D,0
-18.9991,32.1594,324.5,2023-07-28,1205,D,0
-19.2012,30.7623,315.3,2023-07-28,1205,D,0
-19.108,31.3125,314.2,2023-07-28,1205,D,0
-16.8111,29.9277,316.4,2023-07-28,1206,D,0
-16.9435,31.2234,317.9,2023-07-28,1206,D,0
-16.9451,31.2129,315.1,2023-07-28,1206,D,0
-17.1079,30.1587,321.3,2023-07-28,1206,D,0
-17.1468,29.9005,320.0,2023-07-28,1206,D,0
-17.1869,29.3134,320.7,2023-07-28,1206,D,0
-17.2045,29.1925,329.3,2023-07-28,1206,D,0
-17.2059,29.1832,327.0,2023-07-28,1206,D,0
-17.0776,29.8046,316.3,2023-07-28,1206,D,0
-16.9757,30.1837,316.8,2023-07-28,1206,D,0
-17.073,29.5283,335.8,2023-07-28,1206,D,0
-17.0744,29.519,399.5,2023-07-28,1206,D,0
-17.0758,29.5096,331.5,2023-07-28,1206,D,0
-17.0641,29.5269,319.0,2023-07-28,1206,D,0
-16.92,30.2438,338.6,2023-07-28,1206,D,0
-16.9215,30.2341,360.1,2023-07-28,1206,D,0
-17.1634,28.5906,317.2,2023-07-28,1206,D,0
-16.5718,32.3227,319.9,2023-07-28,1206,D,0
-16.889,30.143,328.5,2023-07-28,1206,D,0
-16.8313,30.464,339.6,2023-07-28,1206,D,0
-16.8328,30.4541,383.2,2023-07-28,1206,D,0
-16.8343,30.4442,329.7,2023-07-28,1206,D,0
-16.9397,29.7407,318.0,2023-07-28,1206,D,0
-16.9411,29.7312,333.3,2023-07-28,1206,D,0
-16.6225,31.6861,327.4,2023-07-28,1206,D,0
-16.9175,29.3951,318.2,2023-07-28,1206,D,0
-16.9189,29.3858,320.1,2023-07-28,1206,D,0
-16.9852,28.9304,319.3,2023-07-28,1206,D,0
-16.84,29.7961,330.6,2023-07-28,1206,D,0
-16.8414,29.7866,328.1,2023-07-28,1206,D,0
-16.831,29.7946,361.4,2023-07-28,1206,D,0
-16.8324,29.7852,327.8,2023-07-28,1206,D,0
-16.8422,29.7189,319.6,2023-07-28,1206,D,0
-16.8007,29.9358,315.6,2023-07-28,1206,D,0
-16.8021,29.9262,352.3,2023-07-28,1206,D,0
-16.822,29.7932,336.5,2023-07-28,1206,D,0
-16.7076,30.0614,316.1,2023-07-28,1206,D,0
-16.7976,29.3311,319.5,2023-07-28,1206,D,0
-16.6209,30.3256,322.8,2023-07-28,1206,D,0
-16.6579,30.0826,331.5,2023-07-28,1206,D,0
-16.7774,29.1566,328.8,2023-07-28,1206,D,0
-16.3882,29.422,321.3,2023-07-28,1206,D,0
-16.2511,30.2708,316.5,2023-07-28,1206,D,0
-16.2287,30.3119,325.7,2023-07-28,1206,D,0
-16.2195,30.3104,325.3,2023-07-28,1206,D,0
-16.0821,30.7718,319.8,2023-07-28,1206,D,0
-16.8914,29.5765,321.0,2023-07-29,741,D,0
-17.2064,31.3066,310.2,2023-07-29,741,D,0
-17.1962,30.5222,319.6,2023-07-29,741,D,0
-17.1979,30.533,310.3,2023-07-29,741,D,0
-17.4168,31.9611,309.2,2023-07-29,741,D,0
-17.3953,30.0291,310.8,2023-07-29,741,D,0
-17.666,30.3618,325.0,2023-07-29,741,D,0
-17.6677,30.3726,315.4,2023-07-29,741,D,0
-16.6033,31.8282,317.6,2023-07-29,741,D,0
-16.3255,29.8158,310.2,2023-07-29,741,D,0
-16.0088,30.3324,311.6,2023-07-29,741,D,0
-16.7868,31.1028,309.3,2023-07-29,741,D,0
-16.6767,30.0261,318.0,2023-07-29,741,D,0
-16.6789,30.0317,318.6,2023-07-29,741,D,0
-16.6887,30.0298,322.6,2023-07-29,741,D,0
-16.76,30.2853,313.5,2023-07-29,741,D,0
-16.7697,30.2836,320.5,2023-07-29,741,D,0
-16.7517,29.0318,327.7,2023-07-29,741,D,0
-17.1566,31.5828,315.5,2023-07-29,741,D,0
-16.4219,31.0072,313.9,2023-07-29,741,D,0
-16.8816,29.5722,328.4,2023-07-29,741,D,0
-16.8793,29.566,315.0,2023-07-29,741,D,0
-16.8813,29.5783,311.8,2023-07-29,741,D,0
-16.8894,29.5642,334.9,2023-07-29,741,D,0
-19.089,31.4925,314.5,2023-07-29,742,D,0
-19.6378,30.9785,314.1,2023-07-29,742,D,0
-19.7472,31.5763,311.6,2023-07-29,742,D,0
-19.6735,29.5154,308.7,2023-07-29,742,D,0
-19.6753,29.5268,316.8,2023-07-29,742,D,0
-19.7278,29.4051,324.1,2023-07-29,742,D,0
-19.7297,29.4166,323.0,2023-07-29,742,D,0
-19.7316,29.4281,317.6,2023-07-29,742,D,0
-19.7414,29.4264,332.1,2023-07-29,742,D,0
-20.8511,32.2498,311.8,2023-07-29,742,D,0
-20.8525,32.2593,313.9,2023-07-29,742,D,0
-20.5326,29.5025,318.5,2023-07-29,742,D,0
-20.5583,28.4004,309.4,2023-07-29,742,D,0
-20.5604,28.4132,308.6,2023-07-29,742,D,0
-20.5667,28.4053,317.1,2023-07-29,742,D,0
-20.523,29.5042,320.4,2023-07-29,742,D,0
-17.7391,30.7609,309.3,2023-07-29,742,D,0
-17.7608,30.4381,323.9,2023-07-29,742,D,0
-17.8461,30.9151,328.3,2023-07-29,742,D,0
-17.8454,30.7893,313.3,2023-07-29,742,D,0
-17.847,30.7996,309.1,2023-07-29,742,D,0
-17.8528,30.4662,310.5,2023-07-29,742,D,0
-17.8583,30.4701,308.9,2023-07-29,742,D,0
-18.2421,31.3816,324.9,2023-07-29,742,D,0
-18.2436,31.3914,322.7,2023-07-29,742,D,0
-18.3387,31.3492,316.9,2023-07-29,742,D,0
-18.3698,31.4931,310.8,2023-07-29,742,D,0
-18.3713,31.5028,315.2,2023-07-29,742,D,0
-18.5098,32.1172,312.9,2023-07-29,742,D,0
-18.5112,32.1265,309.9,2023-07-29,742,D,0
-18.3916,31.2742,312.0,2023-07-29,742,D,0
-18.189,29.859,320.5,2023-07-29,742,D,0
-18.6353,31.4804,309.7,2023-07-29,742,D,0
-18.5937,30.7916,319.7,2023-07-29,742,D,0
-18.6157,30.9331,310.5,2023-07-29,742,D,0
-18.8336,31.1494,357.4,2023-07-29,742,D,0
-18.8351,31.1592,320.2,2023-07-29,742,D,0
-18.1019,25.7136,320.3,2023-07-29,742,D,0
-19.0875,31.4829,318.1,2023-07-29,742,D,0
-19.9931,32.8919,314.5,2023-07-29,1108,D,0
-19.9919,32.8828,311.4,2023-07-29,1108,D,0
-19.0046,32.4934,314.7,2023-07-29,1109,D,0
-19.4958,32.8086,332.4,2023-07-29,1109,D,0
-19.5006,32.7763,312.1,2023-07-29,1109,D,0
-19.4973,32.8151,333.2,2023-07-29,1109,D,0
-19.0044,32.5016,314.9,2023-07-29,1109,D,0
-19.1791,29.7554,315.0,2023-07-29,1247,D,0
-19.179,29.7508,315.3,2023-07-29,1247,D,0
-18.5668,29.0687,313.4,2023-07-29,1247,D,0
-18.5504,29.0642,316.7,2023-07-29,1247,D,0
-18.5561,29.101,316.9,2023-07-29,1247,D,0
-18.5637,29.0629,317.0,2023-07-29,1247,D,0
-18.0166,29.7659,315.2,2023-07-29,1247,D,0
-17.9569,25.5756,325.1,2023-07-29,1247,D,0
-17.9359,25.616,348.5,2023-07-29,1247,D,0
-17.9399,25.5944,336.4,2023-07-29,1247,D,0
-17.9228,25.6134,345.6,2023-07-29,1247,D,0
-17.9097,25.6108,333.5,2023-07-29,1247,D,0
-17.9404,25.6117,341.9,2023-07-29,1247,D,0
-17.9142,25.6065,330.4,2023-07-29,1247,D,0
-17.9273,25.6091,347.0,2023-07-29,1247,D,0
-17.9011,25.6038,326.3,2023-07-29,1247,D,0
-16.9014,29.4717,316.0,2023-07-29,1247,D,0
-19.71,29.1818,314.3,2023-07-29,1247,D,0
-19.8122,28.0209,330.9,2023-07-29,1247,D,0
-19.7973,28.0174,325.6,2023-07-29,1247,D,0
-19.7991,28.0101,327.3,2023-07-29,1247,D,0
-20.5294,29.5036,307.6,2023-07-29,1952,N,0
-20.5168,29.502,305.2,2023-07-29,1952,N,0
-17.5053,30.739,310.1,2023-07-29,1952,N,0
-16.686,30.8244,303.7,2023-07-29,2339,N,0
-19.4823,30.8808,302.4,2023-07-29,2340,N,0
-18.3353,32.0138,322.3,2023-07-29,2340,N,0
-18.6417,31.3714,302.0,2023-07-29,2340,N,0
-19.1572,30.2289,303.3,2023-07-29,2340,N,0
-19.7414,30.1892,300.2,2023-07-29,2340,N,0
-20.5244,29.5106,302.8,2023-07-29,2340,N,0
-20.535,29.5128,300.5,2023-07-29,2340,N,0
-15.9341,30.1494,313.0,2023-07-30,822,D,0
-15.9691,30.139,316.7,2023-07-30,822,D,0
-15.975,30.0695,314.8,2023-07-30,822,D,0
-16.3718,29.8853,315.7,2023-07-30,822,D,0
-16.368,29.8801,315.1,2023-07-30,822,D,0
-16.8174,31.4245,311.1,2023-07-30,822,D,0
-16.8188,31.4472,311.5,2023-07-30,822,D,0
-17.0149,29.4959,321.1,2023-07-30,822,D,0
-17.0173,29.5171,324.6,2023-07-30,822,D,0
-17.1118,28.6483,310.9,2023-07-30,822,D,0
-17.3789,30.5884,314.9,2023-07-30,822,D,0
-17.5888,30.2665,313.3,2023-07-30,822,D,0
-18.3799,31.9836,312.8,2023-07-30,822,D,0
-18.3338,31.3658,310.5,2023-07-30,822,D,0
-18.3884,31.9775,312.5,2023-07-30,822,D,0
-17.9052,25.6304,330.6,2023-07-30,822,D,0
-17.9067,25.642,329.2,2023-07-30,822,D,0
-17.9166,25.6406,331.4,2023-07-30,822,D,0
-17.941,25.6728,313.5,2023-07-30,822,D,0
-18.5264,30.4363,314.5,2023-07-30,822,D,0
-18.529,30.4627,313.5,2023-07-30,822,D,0
-18.8458,32.4998,321.4,2023-07-30,822,D,0
-18.8507,32.4925,318.0,2023-07-30,823,D,0
-18.8038,30.4957,324.3,2023-07-30,823,D,0
-18.8065,30.5225,317.5,2023-07-30,823,D,0
-18.3684,26.477,312.6,2023-07-30,823,D,0
-18.8183,30.4942,325.2,2023-07-30,823,D,0
-18.821,30.5209,321.1,2023-07-30,823,D,0
-19.7665,29.8799,311.0,2023-07-30,823,D,0
-19.7691,29.9053,314.1,2023-07-30,823,D,0
-19.7842,28.0083,321.4,2023-07-30,823,D,0
-19.7863,28.0263,315.6,2023-07-30,823,D,0
-19.777,28.0033,312.6,2023-07-30,823,D,0
-19.7789,28.0212,324.9,2023-07-30,823,D,0
-20.5316,29.5196,306.9,2023-07-30,823,D,0
-19.7858,28.0212,338.2,2023-07-30,1150,D,0
-19.5192,29.9249,323.4,2023-07-30,1150,D,0
-19.5177,29.9368,322.7,2023-07-30,1150,D,0
-19.7658,28.0135,327.8,2023-07-30,1150,D,0
-19.7639,28.0295,326.8,2023-07-30,1150,D,0
-19.5276,29.9382,321.3,2023-07-30,1150,D,0
-19.7772,28.015,327.9,2023-07-30,1150,D,0
-19.7753,28.031,339.4,2023-07-30,1150,D,0
-19.7887,28.0165,323.8,2023-07-30,1150,D,0
-19.7867,28.0325,314.7,2023-07-30,1150,D,0
-21.1499,31.4086,321.3,2023-07-30,1150,D,0
-20.8177,29.9575,317.8,2023-07-30,1150,D,0
-20.8193,29.945,315.9,2023-07-30,1150,D,0
-20.6299,30.9555,326.2,2023-07-30,1150,D,0
-20.2822,32.5839,314.2,2023-07-30,1150,D,0
-20.5456,29.5146,313.4,2023-07-30,1150,D,0
-20.5471,29.502,313.7,2023-07-30,1150,D,0
-20.0708,32.7136,320.9,2023-07-30,1150,D,0
-20.0721,32.7041,322.9,2023-07-30,1150,D,0
-20.5653,28.3873,315.6,2023-07-30,1150,D,0
-20.564,28.3959,310.7,2023-07-30,1150,D,0
-19.9564,32.7377,317.7,2023-07-30,1150,D,0
-19.9578,32.7282,315.4,2023-07-30,1150,D,0
-19.9475,32.7363,332.1,2023-07-30,1150,D,0
-20.1525,31.1708,314.6,2023-07-30,1150,D,0
-19.9322,32.7147,314.9,2023-07-30,1150,D,0
-19.6672,29.7986,358.8,2023-07-30,1150,D,0
-20.1858,30.1266,318.1,2023-07-30,1150,D,0
-20.3579,28.5892,312.9,2023-07-30,1150,D,0
-19.7294,32.9116,314.1,2023-07-30,1150,D,0
-19.9624,30.3667,337.6,2023-07-30,1150,D,0
-19.9638,30.3553,320.4,2023-07-30,1150,D,0
-19.9592,30.3713,320.9,2023-07-30,1150,D,0
-19.9607,30.3599,327.4,2023-07-30,1150,D,0
-19.5812,32.7883,319.3,2023-07-30,1150,D,0
-19.796,31.0181,326.8,2023-07-30,1150,D,0
-19.4885,32.7969,316.1,2023-07-30,1150,D,0
-19.9216,29.3875,322.0,2023-07-30,1150,D,0
-19.7259,30.5995,323.2,2023-07-30,1150,D,0
-19.665,29.8163,356.4,2023-07-30,1150,D,0
-19.6666,29.8042,356.1,2023-07-30,1150,D,0
-19.5116,30.9732,326.1,2023-07-30,1150,D,0
-19.2587,32.7887,320.4,2023-07-30,1150,D,0
-19.7163,30.5981,321.9,2023-07-30,1150,D,0
-19.7656,29.9035,346.2,2023-07-30,1150,D,0
-19.7671,29.8916,346.2,2023-07-30,1150,D,0
-19.7556,29.9022,316.2,2023-07-30,1150,D,0
-19.7571,29.8903,329.3,2023-07-30,1150,D,0
-19.5758,30.7504,322.5,2023-07-30,1150,D,0
-19.6738,29.91,334.8,2023-07-30,1150,D,0
-19.6843,29.8256,323.0,2023-07-30,1150,D,0
-19.6859,29.8135,361.4,2023-07-30,1150,D,0
-19.4686,31.4141,326.3,2023-07-30,1150,D,0
-19.47,31.4041,358.4,2023-07-30,1150,D,0
-19.6743,29.8241,344.8,2023-07-30,1150,D,0
-19.6758,29.8121,367.5,2023-07-30,1150,D,0
-19.6788,29.7878,328.1,2023-07-30,1150,D,0
-19.6642,29.8227,340.5,2023-07-30,1150,D,0
-19.6657,29.8107,372.9,2023-07-30,1150,D,0
-18.6529,31.469,342.3,2023-07-30,1151,D,0
-19.0364,32.6734,322.1,2023-07-30,1151,D,0
-19.0319,32.5762,321.4,2023-07-30,1151,D,0
-19.7668,26.5339,316.5,2023-07-30,1151,D,0
-18.9621,32.6173,326.2,2023-07-30,1151,D,0
-18.9634,32.6079,319.2,2023-07-30,1151,D,0
-18.9339,32.6224,349.5,2023-07-30,1151,D,0
-18.9674,32.3862,323.7,2023-07-30,1151,D,0
-18.925,32.621,346.8,2023-07-30,1151,D,0
-19.2895,29.8849,320.0,2023-07-30,1151,D,0
-19.2811,29.8717,318.9,2023-07-30,1151,D,0
-19.2248,29.7543,321.8,2023-07-30,1151,D,0
-19.1947,29.7566,315.8,2023-07-30,1151,D,0
-19.0606,30.7032,340.0,2023-07-30,1151,D,0
-18.8223,32.3704,321.8,2023-07-30,1151,D,0
-19.0511,30.7017,327.7,2023-07-30,1151,D,0
-18.701,32.8993,386.9,2023-07-30,1151,D,0
-18.7024,32.8899,342.7,2023-07-30,1151,D,0
-18.6655,32.8199,328.2,2023-07-30,1151,D,0
-18.9846,30.2046,334.5,2023-07-30,1151,D,0
-18.7997,31.5336,319.8,2023-07-30,1151,D,0
-18.801,31.5238,332.4,2023-07-30,1151,D,0
-18.7933,31.5271,333.5,2023-07-30,1151,D,0
-18.7947,31.5172,317.6,2023-07-30,1151,D,0
-18.7618,31.5528,322.7,2023-07-30,1151,D,0
-18.7631,31.5429,318.9,2023-07-30,1151,D,0
-18.8754,30.4209,320.6,2023-07-30,1151,D,0
-18.6643,31.7898,318.4,2023-07-30,1151,D,0
-18.7826,30.9324,340.3,2023-07-30,1151,D,0
-18.6946,31.5055,342.6,2023-07-30,1151,D,0
-18.6959,31.4956,328.0,2023-07-30,1151,D,0
-18.6854,31.5041,345.5,2023-07-30,1151,D,0
-18.8237,30.4845,324.8,2023-07-30,1151,D,0
-18.679,31.483,334.8,2023-07-30,1151,D,0
-18.8083,30.5265,334.5,2023-07-30,1151,D,0
-18.8344,30.3298,326.3,2023-07-30,1151,D,0
-18.8358,30.3191,321.3,2023-07-30,1151,D,0
-18.5985,31.9959,326.9,2023-07-30,1151,D,0
-18.6401,31.6972,322.2,2023-07-30,1151,D,0
-18.6685,31.4915,346.3,2023-07-30,1151,D,0
-18.6698,31.4816,375.3,2023-07-30,1151,D,0
-18.6593,31.4901,332.4,2023-07-30,1151,D,0
-18.6607,31.4802,347.1,2023-07-30,1151,D,0
-18.662,31.4704,345.1,2023-07-30,1151,D,0
-18.6634,31.4605,344.1,2023-07-30,1151,D,0
-18.7878,30.5345,325.1,2023-07-30,1151,D,0
-18.7892,30.5236,350.3,2023-07-30,1151,D,0
-18.7907,30.5128,340.9,2023-07-30,1151,D,0
-18.6515,31.4788,365.0,2023-07-30,1151,D,0
-18.719,30.7633,322.0,2023-07-30,1151,D,0
-18.7204,30.7528,318.1,2023-07-30,1151,D,0
-18.7151,30.7573,324.3,2023-07-30,1151,D,0
-18.743,30.4783,322.6,2023-07-30,1151,D,0
-18.4768,32.1466,331.8,2023-07-30,1151,D,0
-18.4379,32.2277,321.1,2023-07-30,1151,D,0
-18.3662,31.9518,322.4,2023-07-30,1151,D,0
-18.5104,30.8421,324.5,2023-07-30,1151,D,0
-18.4996,30.8511,320.8,2023-07-30,1151,D,0
-18.501,30.8407,332.8,2023-07-30,1151,D,0
-18.4958,30.8082,347.1,2023-07-30,1151,D,0
-18.4972,30.7978,347.8,2023-07-30,1151,D,0
-18.5345,30.4464,323.2,2023-07-30,1151,D,0
-18.525,30.4449,323.7,2023-07-30,1151,D,0
-18.5264,30.4342,321.7,2023-07-30,1151,D,0
-18.3903,31.2394,323.1,2023-07-30,1151,D,0
-18.2971,31.8531,323.2,2023-07-30,1151,D,0
-18.44,30.7508,321.6,2023-07-30,1151,D,0
-18.3446,31.3779,326.5,2023-07-30,1151,D,0
-18.4292,30.7598,328.5,2023-07-30,1151,D,0
-18.4306,30.7494,343.7,2023-07-30,1151,D,0
-18.432,30.739,329.6,2023-07-30,1151,D,0
-18.2867,31.7275,322.9,2023-07-30,1151,D,0
-18.2763,31.7357,317.8,2023-07-30,1151,D,0
-18.2777,31.7261,341.8,2023-07-30,1151,D,0
-18.3235,31.3949,347.3,2023-07-30,1151,D,0
-18.3249,31.385,332.1,2023-07-30,1151,D,0
-18.393,30.7437,324.6,2023-07-30,1151,D,0
-18.3944,30.7333,322.6,2023-07-30,1151,D,0
-18.3741,30.5636,325.6,2023-07-30,1151,D,0
-18.1344,31.7669,322.7,2023-07-30,1151,D,0
-18.1254,31.7655,363.0,2023-07-30,1151,D,0
-18.1267,31.756,330.1,2023-07-30,1151,D,0
-18.2176,31.0883,317.4,2023-07-30,1151,D,0
-18.3281,30.2484,322.6,2023-07-30,1151,D,0
-18.1157,31.7673,316.7,2023-07-30,1151,D,0
-18.2404,30.8672,327.3,2023-07-30,1151,D,0
-18.3237,30.2524,319.6,2023-07-30,1151,D,0
-18.314,30.251,357.5,2023-07-30,1151,D,0
-18.3155,30.24,324.0,2023-07-30,1151,D,0
-18.3161,30.1613,319.3,2023-07-30,1151,D,0
-18.0445,32.0767,324.7,2023-07-30,1151,D,0
-18.2904,30.2811,321.9,2023-07-30,1151,D,0
-18.305,30.171,341.5,2023-07-30,1151,D,0
-18.1543,31.0825,332.4,2023-07-30,1151,D,0
-18.2846,30.1002,319.9,2023-07-30,1151,D,0
-18.0173,31.6186,324.5,2023-07-30,1151,D,0
-18.0187,31.609,325.4,2023-07-30,1151,D,0
-18.0083,31.6172,360.3,2023-07-30,1151,D,0
-18.0096,31.6075,345.9,2023-07-30,1151,D,0
-18.1366,30.6774,320.3,2023-07-30,1151,D,0
-18.1988,30.0593,324.7,2023-07-30,1151,D,0
-18.0868,30.6913,328.4,2023-07-30,1151,D,0
-18.1187,30.4485,326.5,2023-07-30,1151,D,0
-18.0803,30.6943,320.0,2023-07-30,1151,D,0
-18.0817,30.6839,325.6,2023-07-30,1151,D,0
-18.1132,30.452,335.1,2023-07-30,1151,D,0
-18.1146,30.4413,337.8,2023-07-30,1151,D,0
-18.0638,30.7449,327.3,2023-07-30,1151,D,0
-18.0652,30.7345,319.6,2023-07-30,1151,D,0
-18.1051,30.44,322.2,2023-07-30,1151,D,0
-18.0545,30.7435,320.0,2023-07-30,1151,D,0
-17.979,31.2274,329.7,2023-07-30,1151,D,0
-17.8972,31.7504,335.7,2023-07-30,1151,D,0
-17.965,31.1237,320.0,2023-07-30,1151,D,0
-18.0477,30.5076,322.5,2023-07-30,1151,D,0
-18.0491,30.497,320.4,2023-07-30,1151,D,0
-17.9004,31.2704,317.4,2023-07-30,1151,D,0
-17.8916,31.1984,319.4,2023-07-30,1151,D,0
-17.8756,31.2465,328.8,2023-07-30,1151,D,0
-18.0364,29.6623,335.5,2023-07-30,1151,D,0
-18.0346,29.6673,326.6,2023-07-30,1151,D,0
-18.0362,29.6556,326.9,2023-07-30,1151,D,0
-17.8094,31.2598,322.8,2023-07-30,1151,D,0
-17.9645,30.1197,324.3,2023-07-30,1151,D,0
-17.9697,30.0069,330.8,2023-07-30,1151,D,0
-17.9658,29.9608,321.1,2023-07-30,1151,D,0
-17.7131,31.5527,331.4,2023-07-30,1151,D,0
-17.81,30.8414,324.1,2023-07-30,1151,D,0
-17.8007,30.84,336.3,2023-07-30,1151,D,0
-17.7914,30.8387,334.3,2023-07-30,1151,D,0
-17.8367,30.4968,322.7,2023-07-30,1151,D,0
-17.785,30.8426,319.7,2023-07-30,1151,D,0
-17.7864,30.8323,319.1,2023-07-30,1151,D,0
-17.833,30.4907,317.9,2023-07-30,1151,D,0
-17.7706,30.8092,332.4,2023-07-30,1151,D,0
-17.772,30.799,328.3,2023-07-30,1151,D,0
-17.7613,30.8078,371.4,2023-07-30,1151,D,0
-17.7626,30.7976,333.4,2023-07-30,1151,D,0
-17.9046,29.6548,329.5,2023-07-30,1151,D,0
-17.6359,31.5843,325.3,2023-07-30,1151,D,0
-17.6372,31.5748,345.5,2023-07-30,1151,D,0
-17.8917,29.6768,318.4,2023-07-30,1151,D,0
-17.8818,29.6754,326.2,2023-07-30,1151,D,0
-17.7935,30.2787,317.0,2023-07-30,1151,D,0
-17.7504,30.5322,349.4,2023-07-30,1151,D,0
-17.7518,30.5218,355.6,2023-07-30,1151,D,0
-17.7811,30.2988,332.3,2023-07-30,1151,D,0
-17.7825,30.2881,330.4,2023-07-30,1151,D,0
-17.741,30.5308,340.5,2023-07-30,1151,D,0
-17.7424,30.5204,339.1,2023-07-30,1151,D,0
-17.7699,30.2024,318.3,2023-07-30,1151,D,0
-17.6083,31.3169,320.4,2023-07-30,1151,D,0
-17.6097,31.3071,322.5,2023-07-30,1151,D,0
-17.6519,31.0011,329.0,2023-07-30,1151,D,0
-17.6533,30.9912,337.8,2023-07-30,1151,D,0
-17.685,30.7586,322.1,2023-07-30,1151,D,0
-17.6864,30.7484,335.0,2023-07-30,1151,D,0
-17.644,30.9897,335.7,2023-07-30,1151,D,0
-17.6757,30.7572,401.5,2023-07-30,1151,D,0
-17.6771,30.747,389.2,2023-07-30,1151,D,0
-17.8502,29.2004,316.7,2023-07-30,1151,D,0
-17.6071,30.9839,335.2,2023-07-30,1151,D,0
-17.6085,30.974,331.0,2023-07-30,1151,D,0
-17.5697,31.0033,322.4,2023-07-30,1151,D,0
-17.5591,31.0118,321.7,2023-07-30,1151,D,0
-17.6614,30.258,321.5,2023-07-30,1151,D,0
-17.6628,30.2473,322.6,2023-07-30,1151,D,0
-17.5515,30.9292,329.3,2023-07-30,1151,D,0
-17.5529,30.9193,320.8,2023-07-30,1151,D,0
-17.7787,29.2099,320.7,2023-07-30,1151,D,0
-17.7803,29.1976,316.8,2023-07-30,1151,D,0
-17.2868,32.7457,321.2,2023-07-30,1151,D,0
-17.2882,32.7364,321.3,2023-07-30,1151,D,0
-17.5423,30.9279,339.9,2023-07-30,1151,D,0
-17.5436,30.9179,319.7,2023-07-30,1151,D,0
-17.5903,30.2804,323.2,2023-07-30,1151,D,0
-17.5917,30.2696,344.6,2023-07-30,1151,D,0
-17.8925,27.8369,323.1,2023-07-30,1151,D,0
-17.8943,27.8215,321.8,2023-07-30,1151,D,0
-17.5865,30.2731,338.4,2023-07-30,1151,D,0
-17.588,30.2623,321.9,2023-07-30,1151,D,0
-17.8931,27.8299,327.2,2023-07-30,1151,D,0
-17.4499,30.9278,321.3,2023-07-30,1151,D,0
-17.3394,31.5295,356.5,2023-07-30,1151,D,0
-17.3407,31.52,333.1,2023-07-30,1151,D,0
-17.354,31.4237,328.4,2023-07-30,1151,D,0
-17.3435,31.432,320.1,2023-07-30,1151,D,0
-17.3449,31.4223,324.6,2023-07-30,1151,D,0
-17.3714,30.9715,317.2,2023-07-30,1151,D,0
-17.3728,30.9616,335.8,2023-07-30,1151,D,0
-17.4093,30.5528,322.4,2023-07-30,1151,D,0
-17.4651,29.9842,333.9,2023-07-30,1151,D,0
-17.4666,29.973,323.5,2023-07-30,1151,D,0
-17.3188,30.943,328.6,2023-07-30,1151,D,0
-17.3202,30.9331,321.5,2023-07-30,1151,D,0
-17.2503,31.2474,327.3,2023-07-30,1151,D,0
-17.2398,31.2557,345.7,2023-07-30,1151,D,0
-17.9413,25.6694,315.8,2023-07-30,1151,D,0
-17.2334,31.2349,337.0,2023-07-30,1151,D,0
-17.2347,31.2251,364.7,2023-07-30,1151,D,0
-17.2149,31.3015,339.4,2023-07-30,1151,D,0
-17.2162,31.2919,331.6,2023-07-30,1151,D,0
-17.2256,31.2238,338.5,2023-07-30,1151,D,0
-17.2269,31.2141,317.1,2023-07-30,1151,D,0
-17.9171,25.6439,319.0,2023-07-30,1151,D,0
-17.2249,31.0236,342.1,2023-07-30,1151,D,0
-17.2263,31.0137,328.5,2023-07-30,1151,D,0
-17.2763,30.6423,333.1,2023-07-30,1151,D,0
-17.1837,31.2573,319.6,2023-07-30,1151,D,0
-17.2158,31.0222,349.4,2023-07-30,1151,D,0
-17.2171,31.0123,340.1,2023-07-30,1151,D,0
-17.2656,30.6513,322.3,2023-07-30,1151,D,0
-17.267,30.6407,320.6,2023-07-30,1151,D,0
-17.2752,30.5788,365.8,2023-07-30,1151,D,0
-17.2766,30.5685,351.1,2023-07-30,1151,D,0
-17.2708,30.5726,329.0,2023-07-30,1151,D,0
-17.2722,30.5623,327.5,2023-07-30,1151,D,0
-17.26,30.5816,358.2,2023-07-30,1151,D,0
-17.2614,30.5713,359.7,2023-07-30,1151,D,0
-17.2774,30.3828,338.7,2023-07-30,1151,D,0
-17.2788,30.3723,327.5,2023-07-30,1151,D,0
-17.1689,31.0402,328.0,2023-07-30,1151,D,0
-17.2456,30.2594,323.3,2023-07-30,1151,D,0
-17.2361,30.258,322.3,2023-07-30,1151,D,0
-17.0479,31.3138,336.7,2023-07-30,1151,D,0
-17.1097,30.6571,320.7,2023-07-30,1151,D,0
-17.0014,31.1921,329.3,2023-07-30,1151,D,0
-17.0027,31.1824,330.8,2023-07-30,1151,D,0
-16.9895,31.2101,324.1,2023-07-30,1151,D,0
-16.9909,31.2004,375.7,2023-07-30,1151,D,0
-16.9818,31.199,346.8,2023-07-30,1151,D,0
-16.9831,31.1893,345.8,2023-07-30,1151,D,0
-17.1655,29.8487,352.2,2023-07-30,1151,D,0
-17.1999,29.5892,323.8,2023-07-30,1151,D,0
-16.9726,31.1976,373.8,2023-07-30,1151,D,0
-16.974,31.188,392.1,2023-07-30,1151,D,0
-17.2393,29.2101,322.7,2023-07-30,1151,D,0
-16.7245,32.8758,327.8,2023-07-30,1151,D,0
-16.9582,31.235,319.5,2023-07-30,1151,D,0
-16.9595,31.2253,325.5,2023-07-30,1151,D,0
-16.8987,31.5295,322.8,2023-07-30,1151,D,0
-16.9761,30.9689,325.7,2023-07-30,1151,D,0
-16.8897,31.5281,332.2,2023-07-30,1151,D,0
-16.891,31.5186,326.3,2023-07-30,1151,D,0
-17.0699,30.2004,323.4,2023-07-30,1151,D,0
-17.0713,30.1897,350.3,2023-07-30,1151,D,0
-16.8529,31.7252,320.0,2023-07-30,1151,D,0
-16.7499,32.3861,321.0,2023-07-30,1151,D,0
-16.7512,32.3768,319.6,2023-07-30,1151,D,0
-16.8426,31.7332,333.4,2023-07-30,1151,D,0
-16.8439,31.7238,333.0,2023-07-30,1151,D,0
-17.0655,29.9063,328.0,2023-07-30,1151,D,0
-17.067,29.8954,328.9,2023-07-30,1151,D,0
-16.8188,31.6365,319.2,2023-07-30,1151,D,0
-16.7253,32.1669,319.6,2023-07-30,1151,D,0
-16.8093,31.4411,325.3,2023-07-30,1151,D,0
-16.8518,31.1334,317.7,2023-07-30,1151,D,0
-16.8835,30.4377,330.6,2023-07-30,1151,D,0
-16.9813,29.628,328.1,2023-07-30,1151,D,0
-17.1079,28.642,319.0,2023-07-30,1151,D,0
-17.1095,28.629,326.0,2023-07-30,1151,D,0
-16.9715,29.6265,340.2,2023-07-30,1151,D,0
-16.9602,29.6365,384.0,2023-07-30,1151,D,0
-16.9617,29.6252,400.6,2023-07-30,1151,D,0
-16.9632,29.6138,333.5,2023-07-30,1151,D,0
-16.9152,29.8057,340.7,2023-07-30,1151,D,0
-16.9055,29.8043,324.1,2023-07-30,1151,D,0
-16.8112,30.4311,324.0,2023-07-30,1151,D,0
-16.8126,30.4208,329.7,2023-07-30,1151,D,0
-16.8671,29.7198,336.3,2023-07-30,1151,D,0
-16.8574,29.7185,331.4,2023-07-30,1151,D,0
-16.8588,29.7074,326.6,2023-07-30,1151,D,0
-16.6233,31.3227,321.5,2023-07-30,1151,D,0
-16.6247,31.3132,333.6,2023-07-30,1151,D,0
-16.6556,30.9672,323.3,2023-07-30,1151,D,0
-16.657,30.9572,322.8,2023-07-30,1151,D,0
-16.7421,30.2677,324.3,2023-07-30,1151,D,0
-16.8652,29.2682,323.1,2023-07-30,1151,D,0
-16.7916,29.3657,332.5,2023-07-30,1151,D,0
-16.7899,29.3709,331.8,2023-07-30,1151,D,0
-16.7915,29.3592,328.8,2023-07-30,1151,D,0
-16.78,29.3695,341.2,2023-07-30,1151,D,0
-16.7816,29.3577,326.9,2023-07-30,1151,D,0
-16.7914,28.9671,319.3,2023-07-30,1151,D,0
-16.7931,28.9543,320.5,2023-07-30,1151,D,0
-16.4869,30.858,318.2,2023-07-30,1151,D,0
-16.4883,30.8482,317.7,2023-07-30,1151,D,0
-16.5871,29.9834,316.4,2023-07-30,1151,D,0
-16.3944,30.0513,325.5,2023-07-30,1151,D,0
-16.3834,30.0604,321.0,2023-07-30,1151,D,0
-16.3788,29.8751,317.4,2023-07-30,1151,D,0
-16.4284,29.4188,318.3,2023-07-30,1151,D,0
-16.3534,29.8872,322.2,2023-07-30,1151,D,0
-16.2531,29.9536,318.9,2023-07-30,1151,D,0
-16.0042,30.0776,317.4,2023-07-30,1151,D,0
-15.9864,30.1387,322.5,2023-07-30,1151,D,0
-15.9758,30.0736,321.7,2023-07-30,1151,D,0
-15.9772,30.0631,334.9,2023-07-30,1151,D,0
-15.9425,30.1363,317.7,2023-07-30,1151,D,0
-15.933,30.1347,321.1,2023-07-30,1151,D,0
-15.7534,30.3632,324.8,2023-07-30,1151,D,0
-20.5586,28.3743,315.0,2023-07-30,2032,N,0
-20.5569,28.3854,306.4,2023-07-30,2032,N,0
-16.6848,29.6623,300.8,2023-07-30,2033,N,0
-17.9816,30.5283,301.2,2023-07-30,2033,N,0
-16.6849,29.6567,302.8,2023-07-30,2033,N,0
-18.429,26.4163,302.8,2023-07-30,2033,N,0
-17.3993,31.0861,333.2,2023-07-30,2033,N,0
-17.4024,31.0683,304.8,2023-07-30,2033,N,0
-18.3641,31.5949,314.4,2023-07-30,2033,N,0
-17.2268,31.2358,303.3,2023-07-30,2033,N,0
-17.4667,30.2556,324.5,2023-07-31,725,D,0
-17.4609,30.2289,351.8,2023-07-31,725,D,0
-17.4648,30.2499,340.2,2023-07-31,725,D,0
-17.8068,31.759,318.3,2023-07-31,725,D,0
-17.8153,31.7506,307.7,2023-07-31,725,D,0
-17.6826,30.435,308.4,2023-07-31,725,D,0
-17.6825,30.4289,310.3,2023-07-31,725,D,0
-17.7569,30.6966,310.2,2023-07-31,725,D,0
-18.2056,31.933,307.9,2023-07-31,725,D,0
-18.2167,31.7966,307.1,2023-07-31,725,D,0
-18.3556,31.7963,310.5,2023-07-31,725,D,0
-18.3582,31.8117,304.9,2023-07-31,725,D,0
-18.173,30.1513,318.4,2023-07-31,725,D,0
-18.2735,30.7191,306.1,2023-07-31,725,D,0
-18.1716,30.1455,319.7,2023-07-31,725,D,0
-18.4605,31.4015,304.0,2023-07-31,725,D,0
-18.5135,31.6402,319.9,2023-07-31,725,D,0
-18.5162,31.6558,354.1,2023-07-31,725,D,0
-18.2425,30.0239,306.0,2023-07-31,725,D,0
-18.2442,30.0385,305.2,2023-07-31,725,D,0
-18.3417,30.0623,306.9,2023-07-31,725,D,0
-18.3454,30.0828,308.0,2023-07-31,725,D,0
-18.3438,30.0772,312.0,2023-07-31,725,D,0
-18.7103,31.574,307.9,2023-07-31,725,D,0
-18.6239,30.6833,320.6,2023-07-31,725,D,0
-18.6209,30.2201,310.6,2023-07-31,725,D,0
-19.0291,30.6736,305.7,2023-07-31,725,D,0
-19.0815,30.9762,310.6,2023-07-31,725,D,0
-19.0209,30.6693,307.7,2023-07-31,725,D,0
-18.6206,30.6649,308.3,2023-07-31,725,D,0
-16.795,32.6636,318.9,2023-07-31,725,D,0
-16.7184,29.5595,309.3,2023-07-31,725,D,0
-17.0136,31.0494,308.9,2023-07-31,725,D,0
-17.0076,30.7115,313.0,2023-07-31,725,D,0
-16.9437,29.627,309.7,2023-07-31,725,D,0
-17.341,31.4077,309.3,2023-07-31,725,D,0
-17.3061,30.9934,309.4,2023-07-31,725,D,0
-17.4265,30.3283,310.8,2023-07-31,725,D,0
-17.463,30.2346,365.2,2023-07-31,725,D,0
-19.7959,28.015,303.4,2023-07-31,726,D,0
-19.3816,30.6863,303.1,2023-07-31,726,D,0
-19.3342,29.86,302.5,2023-07-31,726,D,0
-19.3366,29.8739,302.4,2023-07-31,726,D,0
-19.598,29.7867,359.1,2023-07-31,726,D,0
-19.6107,29.7839,326.5,2023-07-31,726,D,0
-19.6144,29.8044,327.2,2023-07-31,726,D,0
-19.5968,29.7811,351.7,2023-07-31,726,D,0
-19.6006,29.8014,324.9,2023-07-31,726,D,0
-19.6133,29.7988,333.2,2023-07-31,726,D,0
-19.6261,29.7961,321.4,2023-07-31,726,D,0
-19.749,29.8901,301.7,2023-07-31,726,D,0
-20.02,29.2841,325.6,2023-07-31,726,D,0
-20.033,29.2811,312.5,2023-07-31,726,D,0
-20.5485,29.4974,308.0,2023-07-31,726,D,0
-20.5522,29.5176,309.9,2023-07-31,726,D,0
-20.5506,29.5114,315.8,2023-07-31,726,D,0
-20.5372,28.3677,305.6,2023-07-31,726,D,0
-20.5419,28.3926,301.3,2023-07-31,726,D,0
-20.5461,28.3846,307.2,2023-07-31,726,D,0
-20.2862,29.7608,316.3,2023-07-31,1232,D,0
-20.2902,29.7396,323.0,2023-07-31,1232,D,0
-20.2773,29.7367,319.2,2023-07-31,1232,D,0
-20.0143,30.741,315.1,2023-07-31,1232,D,0
-20.0206,30.7637,314.3,2023-07-31,1232,D,0
-20.0254,30.7382,312.8,2023-07-31,1232,D,0
-19.5326,32.813,311.9,2023-07-31,1232,D,0
-19.5398,32.7788,308.8,2023-07-31,1232,D,0
-20.3503,28.5684,311.6,2023-07-31,1232,D,0
-19.5267,32.8017,317.1,2023-07-31,1232,D,0
-20.1481,29.4364,318.2,2023-07-31,1232,D,0
-20.1518,29.4161,313.7,2023-07-31,1232,D,0
-20.0421,29.303,314.3,2023-07-31,1232,D,0
-19.8256,29.8331,318.1,2023-07-31,1232,D,0
-19.8297,29.8109,315.0,2023-07-31,1232,D,0
-19.6813,29.8859,315.7,2023-07-31,1232,D,0
-19.6507,29.902,324.6,2023-07-31,1232,D,0
-19.6565,29.8983,328.8,2023-07-31,1232,D,0
-19.6346,29.5758,314.2,2023-07-31,1232,D,0
-19.8396,28.3926,317.0,2023-07-31,1232,D,0
-19.6234,29.5662,314.0,2023-07-31,1232,D,0
-19.83,28.4016,321.5,2023-07-31,1232,D,0
-19.8273,28.3473,330.4,2023-07-31,1232,D,0
-19.8156,28.3449,321.6,2023-07-31,1232,D,0
-19.2702,30.9891,311.2,2023-07-31,1232,D,0
-19.7636,28.0517,318.1,2023-07-31,1232,D,0
-19.7721,28.0028,326.3,2023-07-31,1232,D,0
-19.7749,27.9866,324.8,2023-07-31,1232,D,0
-19.7578,28.0167,355.5,2023-07-31,1232,D,0
-19.7606,28.0005,325.2,2023-07-31,1232,D,0
-18.9121,32.3242,312.8,2023-07-31,1232,D,0
-20.5503,28.3689,315.2,2023-07-31,1232,D,0
-18.8961,32.3205,310.9,2023-07-31,1232,D,0
-19.3537,29.9384,314.2,2023-07-31,1232,D,0
-19.3748,29.756,312.8,2023-07-31,1232,D,0
-18.9042,32.3143,317.7,2023-07-31,1232,D,0
-19.3452,29.9291,311.6,2023-07-31,1232,D,0
-19.3744,29.7711,315.3,2023-07-31,1232,D,0
-19.0878,30.8243,327.3,2023-07-31,1232,D,0
-19.0872,30.8193,326.0,2023-07-31,1232,D,0
-19.2268,29.5695,314.1,2023-07-31,1232,D,0
-19.753,26.5465,327.9,2023-07-31,1232,D,0
-19.7551,26.5335,328.7,2023-07-31,1232,D,0
-18.8402,30.5015,316.2,2023-07-31,1232,D,0
-18.845,30.476,314.7,2023-07-31,1232,D,0
-18.556,31.5821,313.7,2023-07-31,1232,D,0
-18.5183,30.7434,326.4,2023-07-31,1232,D,0
-18.6165,30.1506,314.6,2023-07-31,1232,D,0
-18.2297,31.5838,317.5,2023-07-31,1232,D,0
-18.2358,31.5803,313.7,2023-07-31,1232,D,0
-18.3848,30.3219,329.4,2023-07-31,1232,D,0
-18.3895,30.2969,318.4,2023-07-31,1232,D,0
-18.3851,30.2439,323.2,2023-07-31,1232,D,0
-18.3899,30.2191,319.9,2023-07-31,1232,D,0
-16.7462,29.5545,316.9,2023-07-31,1233,D,0
-18.3804,30.3136,318.2,2023-07-31,1233,D,0
-18.3803,30.2354,332.8,2023-07-31,1233,D,0
-18.0423,31.5985,320.9,2023-07-31,1233,D,0
-18.2466,30.5545,314.3,2023-07-31,1233,D,0
-18.1742,30.8502,339.5,2023-07-31,1233,D,0
-18.1796,30.8224,330.9,2023-07-31,1233,D,0
-18.2626,30.3947,342.9,2023-07-31,1233,D,0
-18.2676,30.3689,332.3,2023-07-31,1233,D,0
-18.1595,30.847,313.8,2023-07-31,1233,D,0
-18.1813,30.7364,342.0,2023-07-31,1233,D,0
-18.2485,30.3918,328.8,2023-07-31,1233,D,0
-18.2535,30.3659,319.5,2023-07-31,1233,D,0
-18.0489,31.595,327.5,2023-07-31,1233,D,0
-18.1755,30.8454,345.4,2023-07-31,1233,D,0
-18.1807,30.8176,322.2,2023-07-31,1233,D,0
-18.2607,30.3892,353.9,2023-07-31,1233,D,0
-18.2655,30.3634,322.9,2023-07-31,1233,D,0
-18.1608,30.8422,314.9,2023-07-31,1233,D,0
-18.1766,30.759,319.4,2023-07-31,1233,D,0
-18.1818,30.7313,334.5,2023-07-31,1233,D,0
-18.2466,30.3863,327.1,2023-07-31,1233,D,0
-18.1436,30.6944,313.1,2023-07-31,1233,D,0
-18.1488,30.6672,314.4,2023-07-31,1233,D,0
-17.9411,31.4087,314.6,2023-07-31,1233,D,0
-18.1131,30.6799,313.1,2023-07-31,1233,D,0
-17.9446,31.4017,317.0,2023-07-31,1233,D,0
-18.0065,30.6852,324.9,2023-07-31,1233,D,0
-18.0119,30.6579,312.9,2023-07-31,1233,D,0
-17.7537,31.4219,318.0,2023-07-31,1233,D,0
-17.7601,31.3902,317.5,2023-07-31,1233,D,0
-18.0431,29.9857,314.7,2023-07-31,1233,D,0
-17.7578,31.4149,322.2,2023-07-31,1233,D,0
-17.7935,30.8299,321.8,2023-07-31,1233,D,0
-17.9417,30.0666,315.7,2023-07-31,1233,D,0
-17.9463,30.0423,318.7,2023-07-31,1233,D,0
-17.7953,30.8254,319.9,2023-07-31,1233,D,0
-17.9382,30.061,320.0,2023-07-31,1233,D,0
-17.9427,30.0365,316.0,2023-07-31,1233,D,0
-17.8394,30.3547,316.8,2023-07-31,1233,D,0
-17.8442,30.329,314.1,2023-07-31,1233,D,0
-17.8252,30.3515,327.7,2023-07-31,1233,D,0
-17.8301,30.3256,318.5,2023-07-31,1233,D,0
-17.7711,29.9929,313.0,2023-07-31,1233,D,0
-17.7629,30.0116,315.3,2023-07-31,1233,D,0
-17.7674,29.9872,313.3,2023-07-31,1233,D,0
-17.6838,30.2021,323.4,2023-07-31,1233,D,0
-17.5367,30.0807,321.5,2023-07-31,1233,D,0
-17.5414,30.0557,323.5,2023-07-31,1233,D,0
-17.9785,27.6281,319.1,2023-07-31,1233,D,0
-17.4393,30.4392,322.5,2023-07-31,1233,D,0
-17.4445,30.4123,319.3,2023-07-31,1233,D,0
-17.9175,27.8392,325.3,2023-07-31,1233,D,0
-17.2664,31.2498,313.7,2023-07-31,1233,D,0
-17.4652,30.2259,317.8,2023-07-31,1233,D,0
-17.8853,27.8156,320.8,2023-07-31,1233,D,0
-17.4375,30.4309,326.7,2023-07-31,1233,D,0
-17.4619,30.2173,317.2,2023-07-31,1233,D,0
-17.8873,27.8263,318.3,2023-07-31,1233,D,0
-17.8868,27.6888,326.6,2023-07-31,1233,D,0
-17.8896,27.6724,329.3,2023-07-31,1233,D,0
-17.8752,27.6863,317.4,2023-07-31,1233,D,0
-17.8781,27.6699,316.4,2023-07-31,1233,D,0
-17.9226,27.4122,320.0,2023-07-31,1233,D,0
-17.9253,27.3965,321.1,2023-07-31,1233,D,0
-17.1996,31.0338,313.8,2023-07-31,1233,D,0
-17.2055,31.0039,315.1,2023-07-31,1233,D,0
-17.2902,30.571,319.0,2023-07-31,1233,D,0
-17.204,31.0301,315.0,2023-07-31,1233,D,0
-17.2861,30.5938,314.0,2023-07-31,1233,D,0
-17.2913,30.5665,317.2,2023-07-31,1233,D,0
-17.338,30.0015,319.2,2023-07-31,1233,D,0
-17.3428,29.9761,316.8,2023-07-31,1233,D,0
-17.3334,29.9928,322.2,2023-07-31,1233,D,0
-16.9948,31.1369,337.2,2023-07-31,1233,D,0
-17.9964,25.62,352.2,2023-07-31,1233,D,0
-17.9984,25.608,364.4,2023-07-31,1233,D,0
-16.9795,31.1339,322.1,2023-07-31,1233,D,0
-17.9904,25.5941,342.5,2023-07-31,1233,D,0
-17.9906,25.601,339.8,2023-07-31,1233,D,0
-17.9925,25.589,324.9,2023-07-31,1233,D,0
-17.0004,31.1331,327.2,2023-07-31,1233,D,0
-16.9791,31.1612,313.0,2023-07-31,1233,D,0
-16.985,31.1301,329.2,2023-07-31,1233,D,0
-17.9525,25.5816,319.1,2023-07-31,1233,D,0
-17.9346,25.6279,321.2,2023-07-31,1233,D,0
-17.0591,30.163,317.0,2023-07-31,1233,D,0
-17.0057,29.9612,314.4,2023-07-31,1233,D,0
-17.0105,29.9356,322.7,2023-07-31,1233,D,0
-16.8269,30.8285,317.0,2023-07-31,1233,D,0
-16.9451,29.8963,317.6,2023-07-31,1233,D,0
-16.9405,29.8877,316.3,2023-07-31,1233,D,0
-16.787,30.5484,315.9,2023-07-31,1233,D,0
-16.963,29.6107,316.3,2023-07-31,1233,D,0
-16.8214,29.6512,316.6,2023-07-31,1233,D,0
-16.8154,29.6425,321.4,2023-07-31,1233,D,0
-16.7788,29.6861,349.2,2023-07-31,1233,D,0
-16.7604,29.7078,314.3,2023-07-31,1233,D,0
-16.765,29.6834,321.0,2023-07-31,1233,D,0
-16.6251,30.2702,313.3,2023-07-31,1233,D,0
-16.6303,30.2431,315.8,2023-07-31,1233,D,0
-16.7325,29.5518,319.5,2023-07-31,1233,D,0
-16.6254,30.2654,316.4,2023-07-31,1233,D,0
-16.6304,30.2381,313.1,2023-07-31,1233,D,0
-16.959,28.4002,314.3,2023-07-31,1233,D,0
-16.7372,29.5722,319.0,2023-07-31,1233,D,0
-16.7414,29.5487,316.9,2023-07-31,1233,D,0
-16.5885,29.4868,322.1,2023-07-31,1233,D,0
-16.5836,29.4807,324.1,2023-07-31,1233,D,0
-16.59,29.2893,316.3,2023-07-31,1233,D,0
-16.3807,29.4588,324.8,2023-07-31,1233,D,0
-16.376,29.4527,322.2,2023-07-31,1233,D,0
-16.3354,29.519,322.3,2023-07-31,1233,D,0
-16.0808,30.793,326.9,2023-07-31,1233,D,0
-16.0866,30.7627,320.3,2023-07-31,1233,D,0
-16.0837,30.7859,325.6,2023-07-31,1233,D,0
-15.9718,30.1583,314.3,2023-07-31,1233,D,0
-16.9978,30.7209,301.7,2023-07-31,2325,N,0
-18.0397,30.2584,308.1,2023-07-31,2325,N,0
-19.4237,30.8792,319.8,2023-07-31,2326,N,0
-19.4255,30.8902,309.9,2023-07-31,2326,N,0
-16.0806,30.6524,344.1,2023-08-01,805,D,0
-16.0822,30.6647,326.0,2023-08-01,805,D,0
-16.0908,30.651,321.0,2023-08-01,805,D,0
-16.0924,30.6634,318.0,2023-08-01,805,D,0
-16.3427,29.8494,309.7,2023-08-01,805,D,0
-16.3442,29.8608,310.9,2023-08-01,805,D,0
-16.354,29.8596,312.5,2023-08-01,805,D,0
-16.3609,29.4414,312.0,2023-08-01,805,D,0
-16.6617,30.8151,315.9,2023-08-01,806,D,0
-16.8184,31.9791,306.9,2023-08-01,806,D,0
-16.6963,30.8366,319.4,2023-08-01,806,D,0
-16.4652,28.9909,325.1,2023-08-01,806,D,0
-16.8198,30.955,308.9,2023-08-01,806,D,0
-16.6717,29.7099,312.5,2023-08-01,806,D,0
-16.6889,29.3983,307.8,2023-08-01,806,D,0
-16.7243,29.4853,310.5,2023-08-01,806,D,0
-16.7464,29.287,333.0,2023-08-01,806,D,0
-16.7478,29.2977,317.9,2023-08-01,806,D,0
-16.8052,29.4782,312.5,2023-08-01,806,D,0
-16.8066,29.4889,328.0,2023-08-01,806,D,0
-16.8123,29.5325,318.7,2023-08-01,806,D,0
-16.978,30.8401,306.2,2023-08-01,806,D,0
-16.8021,29.3805,311.7,2023-08-01,806,D,0
-16.8103,29.3686,310.0,2023-08-01,806,D,0
-16.8117,29.3792,328.1,2023-08-01,806,D,0
-17.0446,31.1188,306.2,2023-08-01,806,D,0
-17.1167,31.0482,308.9,2023-08-01,806,D,0
-17.0177,30.0985,314.8,2023-08-01,806,D,0
-17.0834,30.6115,311.0,2023-08-01,806,D,0
-17.0369,30.1681,315.0,2023-08-01,806,D,0
-17.159,31.1266,308.9,2023-08-01,806,D,0
-17.0025,29.5832,310.4,2023-08-01,806,D,0
-17.0039,29.5942,320.5,2023-08-01,806,D,0
-17.1422,30.6869,314.0,2023-08-01,806,D,0
-17.1542,30.698,317.4,2023-08-01,806,D,0
-17.062,29.5864,311.2,2023-08-01,806,D,0
-17.3165,30.2833,313.2,2023-08-01,806,D,0
-17.3909,29.5962,309.1,2023-08-01,806,D,0
-17.2598,28.4726,309.8,2023-08-01,806,D,0
-17.4964,29.9419,312.2,2023-08-01,806,D,0
-17.4977,29.9478,310.3,2023-08-01,806,D,0
-17.3274,28.2957,331.5,2023-08-01,806,D,0
-17.8919,30.4863,307.0,2023-08-01,806,D,0
-17.9369,30.7602,320.9,2023-08-01,806,D,0
-17.8542,29.7093,311.3,2023-08-01,806,D,0
-18.045,30.2484,318.6,2023-08-01,806,D,0
-18.0466,30.2609,314.2,2023-08-01,806,D,0
-18.0731,29.9898,309.7,2023-08-01,806,D,0
-18.111,29.8874,310.7,2023-08-01,806,D,0
-18.4098,32.2041,313.1,2023-08-01,806,D,0
-18.1883,30.1788,321.1,2023-08-01,806,D,0
-18.2102,30.355,322.4,2023-08-01,806,D,0
-17.9298,25.6436,311.9,2023-08-01,806,D,0
-17.9445,25.6802,322.9,2023-08-01,806,D,0
-17.9521,25.6692,313.5,2023-08-01,806,D,0
-17.969,25.5982,328.5,2023-08-01,806,D,0
-17.9766,25.5872,313.0,2023-08-01,806,D,0
-17.978,25.5967,320.0,2023-08-01,806,D,0
-17.9795,25.6062,311.3,2023-08-01,806,D,0
-18.9373,31.9351,308.1,2023-08-01,806,D,0
-18.9325,31.9289,310.2,2023-08-01,806,D,0
-18.367,26.4775,317.9,2023-08-01,806,D,0
-18.4328,26.4226,314.6,2023-08-01,806,D,0
-19.1582,30.93,321.4,2023-08-01,806,D,0
-19.16,30.9445,310.1,2023-08-01,806,D,0
-19.6766,29.8659,310.1,2023-08-01,806,D,0
-19.7995,30.197,308.0,2023-08-01,806,D,0
-20.0925,29.6149,314.3,2023-08-01,806,D,0
-20.0941,29.6273,311.0,2023-08-01,806,D,0
-20.5354,28.3813,324.1,2023-08-01,807,D,0
-20.5715,27.89,305.9,2023-08-01,807,D,0
-19.718,28.8457,313.2,2023-08-01,1136,D,0
-18.1268,30.1638,316.2,2023-08-01,1136,D,0
-17.8961,32.6529,315.7,2023-08-01,1136,D,0
-17.9532,32.6796,314.6,2023-08-01,1136,D,0
-18.2573,31.514,309.0,2023-08-01,1136,D,0
-18.4329,30.5699,311.6,2023-08-01,1136,D,0
-18.564,31.427,313.7,2023-08-01,1136,D,0
-18.4218,32.6729,349.3,2023-08-01,1136,D,0
-18.4321,32.6748,308.9,2023-08-01,1136,D,0
-18.771,31.5131,318.0,2023-08-01,1136,D,0
-18.7695,31.5196,319.2,2023-08-01,1136,D,0
-18.9834,31.4477,318.3,2023-08-01,1136,D,0
-19.2741,30.4577,315.1,2023-08-01,1136,D,0
-19.264,30.4635,316.8,2023-08-01,1136,D,0
-19.2504,31.3282,336.1,2023-08-01,1136,D,0
-19.2478,31.3161,316.9,2023-08-01,1136,D,0
-19.2576,31.3342,323.6,2023-08-01,1136,D,0
-19.454,30.7294,311.6,2023-08-01,1136,D,0
-19.4519,30.7479,347.1,2023-08-01,1136,D,0
-19.4498,30.7665,314.9,2023-08-01,1136,D,0
-19.4536,30.8411,311.2,2023-08-01,1136,D,0
-19.729,28.8423,320.3,2023-08-01,1136,D,0
-20.5321,28.3732,322.6,2023-08-01,1136,D,0
-20.2169,30.8927,319.4,2023-08-01,1136,D,0
-20.2138,30.8873,317.1,2023-08-01,1136,D,0
-20.2372,29.9754,313.1,2023-08-01,1136,D,0
-20.2397,29.969,315.4,2023-08-01,1136,D,0
-20.1009,29.5408,326.7,2023-08-01,1136,D,0
-20.1033,29.5174,345.6,2023-08-01,1136,D,0
-20.1057,29.494,316.1,2023-08-01,1136,D,0
-20.0897,29.516,328.1,2023-08-01,1136,D,0
-20.0921,29.4925,321.6,2023-08-01,1136,D,0
-20.1063,29.5345,330.9,2023-08-01,1136,D,0
-20.1089,29.5111,323.7,2023-08-01,1136,D,0
-20.0953,29.5096,347.3,2023-08-01,1136,D,0
-19.9301,30.7582,312.7,2023-08-01,1136,D,0
-19.5662,31.3415,316.0,2023-08-01,1136,D,0
-19.5545,31.3401,325.4,2023-08-01,1136,D,0
-19.5428,31.3386,315.8,2023-08-01,1136,D,0
-19.667,29.7362,329.3,2023-08-01,1136,D,0
-19.6693,29.7142,313.4,2023-08-01,1136,D,0
-19.656,29.7127,382.5,2023-08-01,1136,D,0
-19.6584,29.6904,332.7,2023-08-01,1136,D,0
-19.7322,28.8472,318.6,2023-08-01,1136,D,0
-17.6839,31.0571,332.5,2023-08-01,1137,D,0
-18.1174,28.8325,316.7,2023-08-01,1137,D,0
-18.1202,28.8062,314.8,2023-08-01,1137,D,0
-17.642,32.1576,313.5,2023-08-01,1137,D,0
-17.6724,31.0554,315.1,2023-08-01,1137,D,0
-17.6743,31.039,323.4,2023-08-01,1137,D,0
-17.9717,25.5916,320.3,2023-08-01,1137,D,0
-17.9756,25.5487,317.3,2023-08-01,1137,D,0
-17.9709,25.5835,324.2,2023-08-01,1137,D,0
-17.2605,31.5407,324.1,2023-08-01,1137,D,0
-17.2623,31.5259,315.6,2023-08-01,1137,D,0
-16.8985,30.5593,326.4,2023-08-01,1137,D,0
-16.8276,29.4692,316.8,2023-08-01,1137,D,0
-16.8289,29.4625,313.9,2023-08-01,1137,D,0
-19.0167,31.0452,309.5,2023-08-01,2016,N,0
-19.5207,29.7946,301.1,2023-08-01,2016,N,0
-20.5491,28.3982,301.4,2023-08-01,2016,N,0
-19.5193,29.804,305.7,2023-08-01,2016,N,0
-19.3662,30.9872,300.1,2023-08-01,2016,N,0
-20.068,29.5061,308.5,2023-08-01,2016,N,0
-20.0769,29.5075,335.5,2023-08-01,2016,N,0
-20.0756,29.5169,343.7,2023-08-01,2016,N,0
-20.0907,29.5386,308.3,2023-08-01,2016,N,0
-20.5504,28.3884,302.9,2023-08-01,2016,N,0
-19.1523,30.5651,304.0,2023-08-01,2016,N,0
-18.4741,31.1628,300.1,2023-08-01,2017,N,0
-18.3661,26.4789,302.1,2023-08-01,2017,N,0
-17.6442,31.1654,303.3,2023-08-01,2017,N,0
-16.7005,29.2337,305.7,2023-08-01,2017,N,0
-18.1971,30.2914,320.3,2023-08-01,2017,N,0
-18.1985,30.2819,309.4,2023-08-01,2017,N,0
-18.1809,30.0211,308.6,2023-08-01,2017,N,0
-18.0898,30.3951,300.6,2023-08-01,2017,N,0
-18.0912,30.3855,301.2,2023-08-01,2017,N,0
-18.1539,29.8917,303.2,2023-08-01,2017,N,0
-18.0085,30.2581,306.3,2023-08-01,2017,N,0
-17.5571,30.1891,300.4,2023-08-02,7,N,0
-17.7376,31.3778,308.6,2023-08-02,709,D,0
-17.7291,31.3719,308.4,2023-08-02,709,D,0
-18.8898,27.5861,317.1,2023-08-02,1218,D,0
-18.8913,27.5762,319.8,2023-08-02,1218,D,0
-18.4348,30.3462,312.6,2023-08-02,1218,D,0
-18.4002,30.4838,315.4,2023-08-02,1218,D,0
-18.5543,29.0647,316.2,2023-08-02,1218,D,0
-17.9901,31.3118,316.3,2023-08-02,1218,D,0
-17.9985,31.1962,312.1,2023-08-02,1218,D,0
-18.0101,29.9296,316.1,2023-08-02,1218,D,0
-18.0143,29.9384,315.2,2023-08-02,1218,D,0
-17.8581,30.6118,328.6,2023-08-02,1218,D,0
-17.8333,30.4059,313.9,2023-08-02,1218,D,0
-17.9865,29.3407,321.3,2023-08-02,1218,D,0
-17.9765,29.3389,345.4,2023-08-02,1218,D,0
-17.9784,29.3268,332.2,2023-08-02,1218,D,0
-18.3746,26.4716,320.1,2023-08-02,1218,D,0
-17.4678,31.6599,313.1,2023-08-02,1218,D,0
-17.5058,31.2401,314.0,2023-08-02,1218,D,0
-17.6588,30.3671,321.2,2023-08-02,1218,D,0
-17.5069,31.2503,315.0,2023-08-02,1218,D,0
-17.4484,30.9177,332.1,2023-08-02,1218,D,0
-17.3633,31.0007,341.7,2023-08-02,1218,D,0
-17.3662,30.9844,324.8,2023-08-02,1218,D,0
-18.1602,25.9807,324.0,2023-08-02,1218,D,0
-18.1616,25.9713,325.7,2023-08-02,1218,D,0
-17.3658,30.9942,344.8,2023-08-02,1218,D,0
-17.2424,31.2245,322.4,2023-08-02,1218,D,0
-17.28,31.0111,315.7,2023-08-02,1218,D,0
-17.2828,30.9951,324.5,2023-08-02,1218,D,0
-17.2685,31.0089,328.8,2023-08-02,1218,D,0
-17.2728,31.0041,349.8,2023-08-02,1218,D,0
-17.8133,27.3901,329.6,2023-08-02,1218,D,0
-17.8149,27.3803,318.2,2023-08-02,1218,D,0
-17.232,30.8973,334.7,2023-08-02,1218,D,0
-17.2348,30.8815,320.9,2023-08-02,1218,D,0
-17.2566,30.7552,317.4,2023-08-02,1218,D,0
-17.8042,27.3886,321.2,2023-08-02,1218,D,0
-17.8057,27.3788,328.2,2023-08-02,1218,D,0
-17.2453,30.7528,320.5,2023-08-02,1218,D,0
-17.7456,27.535,318.9,2023-08-02,1218,D,0
-17.7471,27.5252,322.0,2023-08-02,1218,D,0
-17.6932,27.8159,316.8,2023-08-02,1218,D,0
-17.6948,27.8057,331.0,2023-08-02,1218,D,0
-17.1187,31.2915,313.6,2023-08-02,1218,D,0
-17.047,30.8313,323.6,2023-08-02,1218,D,0
-17.0497,30.8155,323.3,2023-08-02,1218,D,0
-17.137,30.3085,319.3,2023-08-02,1218,D,0
-17.6049,27.3631,320.8,2023-08-02,1218,D,0
-18.7649,30.5776,316.7,2023-08-02,1218,D,0
-20.6063,28.414,311.6,2023-08-02,1218,D,0
-20.1798,28.6568,311.3,2023-08-02,1218,D,0
-19.6774,29.6674,320.1,2023-08-02,1218,D,0
-19.6574,29.6637,323.5,2023-08-02,1218,D,0
-19.6594,29.6516,330.0,2023-08-02,1218,D,0
-19.3676,30.9598,327.9,2023-08-02,1218,D,0
-19.3702,30.9449,316.4,2023-08-02,1218,D,0
-19.3463,31.0174,350.4,2023-08-02,1218,D,0
-19.3489,31.0024,325.8,2023-08-02,1218,D,0
-19.5601,29.5643,323.0,2023-08-02,1218,D,0
-19.5621,29.5524,322.6,2023-08-02,1218,D,0
-19.0959,30.6073,312.4,2023-08-02,1218,D,0
-19.1036,30.602,318.2,2023-08-02,1218,D,0
-18.9206,30.526,311.6,2023-08-02,1218,D,0
-18.742,31.5109,312.7,2023-08-02,1218,D,0
-19.0324,29.5293,317.4,2023-08-02,1218,D,0
-19.0343,29.5172,332.9,2023-08-02,1218,D,0
-19.0363,29.5052,328.0,2023-08-02,1218,D,0
-19.0243,29.5154,317.5,2023-08-02,1218,D,0
-19.0263,29.5033,335.5,2023-08-02,1218,D,0
-19.0283,29.4913,319.2,2023-08-02,1218,D,0
-18.3914,31.4564,316.1,2023-08-02,1218,D,0
-18.3952,31.4502,312.8,2023-08-02,1218,D,0
-18.3592,31.0571,316.1,2023-08-02,1218,D,0
-17.0933,30.0172,313.1,2023-08-02,1219,D,0
-17.1015,29.6805,327.2,2023-08-02,1219,D,0
-17.1036,29.6675,327.0,2023-08-02,1219,D,0
-16.7677,31.5125,313.7,2023-08-02,1219,D,0
-17.1965,28.3243,318.9,2023-08-02,1219,D,0
-16.6542,30.8977,310.5,2023-08-02,1219,D,0
-16.8293,29.8798,321.2,2023-08-02,1219,D,0
-16.823,29.8861,318.5,2023-08-02,1219,D,0
-16.723,30.2894,319.5,2023-08-02,1219,D,0
-16.7255,30.2748,320.3,2023-08-02,1219,D,0
-16.8263,29.6653,351.5,2023-08-02,1219,D,0
-16.8137,29.6767,314.3,2023-08-02,1219,D,0
-16.8158,29.6634,329.5,2023-08-02,1219,D,0
-16.8014,29.6199,315.6,2023-08-02,1219,D,0
-16.7121,29.8043,316.5,2023-08-02,1219,D,0
-16.7092,29.6246,314.6,2023-08-02,1219,D,0
-16.7114,29.6114,317.2,2023-08-02,1219,D,0
-16.6262,29.9882,312.3,2023-08-02,1219,D,0
-16.5155,30.0914,326.3,2023-08-02,1219,D,0
-16.5179,30.0772,316.5,2023-08-02,1219,D,0
-16.6271,29.365,321.4,2023-08-02,1219,D,0
-16.5148,30.0856,323.5,2023-08-02,1219,D,0
-16.6217,29.3585,319.6,2023-08-02,1219,D,0
-16.5004,29.5753,315.2,2023-08-02,1219,D,0
-16.4929,29.5805,369.1,2023-08-02,1219,D,0
-16.495,29.5674,334.3,2023-08-02,1219,D,0
-16.5222,29.3987,345.7,2023-08-02,1219,D,0
-16.5243,29.3858,365.0,2023-08-02,1219,D,0
-16.4403,29.8364,314.3,2023-08-02,1219,D,0
-16.476,29.618,348.5,2023-08-02,1219,D,0
-16.4781,29.6049,388.1,2023-08-02,1219,D,0
-16.4802,29.5917,346.6,2023-08-02,1219,D,0
-16.5119,29.3969,322.1,2023-08-02,1219,D,0
-16.5139,29.384,322.9,2023-08-02,1219,D,0
-16.416,29.917,319.4,2023-08-02,1219,D,0
-16.4676,29.603,319.5,2023-08-02,1219,D,0
-16.3343,30.1371,318.4,2023-08-02,1219,D,0
-16.3367,30.123,316.9,2023-08-02,1219,D,0
-16.3397,29.8252,316.4,2023-08-02,1219,D,0
-16.3289,29.8235,325.3,2023-08-02,1219,D,0
-16.3313,29.8089,314.5,2023-08-02,1219,D,0
-16.4284,28.8967,317.2,2023-08-02,1219,D,0
-16.0116,30.4747,314.4,2023-08-03,749,D,0
-16.075,30.655,312.0,2023-08-03,749,D,0
-16.6304,31.9449,307.8,2023-08-03,749,D,0
-16.7996,30.8147,313.1,2023-08-03,749,D,0
-17.2382,30.7252,320.3,2023-08-03,749,D,0
-17.2396,30.7344,311.4,2023-08-03,749,D,0
-17.1544,29.615,328.5,2023-08-03,749,D,0
-17.1559,29.6247,321.2,2023-08-03,749,D,0
-16.997,28.2394,316.5,2023-08-03,749,D,0
-17.399,30.7599,314.3,2023-08-03,749,D,0
-17.4004,30.7691,311.1,2023-08-03,749,D,0
-17.4407,30.5389,319.8,2023-08-03,749,D,0
-17.442,30.5482,325.9,2023-08-03,749,D,0
-17.5441,30.4307,309.2,2023-08-03,749,D,0
-17.7668,31.7132,311.6,2023-08-03,749,D,0
-17.8161,31.8026,332.8,2023-08-03,749,D,0
-17.8174,31.8121,327.6,2023-08-03,749,D,0
-17.6725,30.6071,310.8,2023-08-03,749,D,0
-17.6739,30.6164,323.9,2023-08-03,749,D,0
-17.6828,30.615,320.9,2023-08-03,749,D,0
-17.6684,30.4558,314.5,2023-08-03,749,D,0
-17.7564,31.0585,319.9,2023-08-03,749,D,0
-17.7578,31.0678,327.1,2023-08-03,749,D,0
-18.0013,31.8112,313.0,2023-08-03,749,D,0
-18.0027,31.8207,306.5,2023-08-03,749,D,0
-18.0117,31.8193,307.6,2023-08-03,749,D,0
-17.735,29.853,309.3,2023-08-03,749,D,0
-18.0982,31.1968,318.4,2023-08-03,749,D,0
-18.0813,30.3846,345.0,2023-08-03,749,D,0
-18.0827,30.3939,308.8,2023-08-03,749,D,0
-18.3451,31.9015,337.8,2023-08-03,750,D,0
-18.4,32.2319,306.7,2023-08-03,750,D,0
-18.3485,31.793,314.5,2023-08-03,750,D,0
-18.3498,31.8026,303.8,2023-08-03,750,D,0
-17.7467,27.538,314.3,2023-08-03,750,D,0
-17.7476,27.5435,316.9,2023-08-03,750,D,0
-18.4891,31.943,311.0,2023-08-03,750,D,0
-18.4904,31.9527,306.8,2023-08-03,750,D,0
-18.3254,29.9757,309.4,2023-08-03,750,D,0
-18.7362,32.1382,309.0,2023-08-03,750,D,0
-18.7375,32.1481,309.8,2023-08-03,750,D,0
-19.7691,32.8517,306.6,2023-08-03,750,D,0
-20.0782,31.2013,303.5,2023-08-03,750,D,0
-21.8922,30.5587,302.8,2023-08-03,751,D,0
-20.8168,31.8233,314.7,2023-08-03,1121,D,0
-20.8195,31.819,310.7,2023-08-03,1121,D,0
-18.4285,31.9119,313.3,2023-08-03,1122,D,0
-19.3237,30.6185,332.6,2023-08-03,1122,D,0
-19.3167,30.6138,327.7,2023-08-03,1122,D,0
-18.7534,31.539,316.6,2023-08-03,1122,D,0
-18.7564,31.5087,309.6,2023-08-03,1122,D,0
-18.7547,31.5318,321.0,2023-08-03,1122,D,0
-18.6397,31.4601,311.3,2023-08-03,1122,D,0
-18.6423,31.4556,310.5,2023-08-03,1122,D,0
-18.4294,31.9169,312.4,2023-08-03,1122,D,0
-18.4524,31.3953,315.4,2023-08-03,1122,D,0
-18.1931,31.417,317.5,2023-08-03,1122,D,0
-18.1944,31.4102,316.5,2023-08-03,1122,D,0
-17.9889,32.8109,319.2,2023-08-03,1122,D,0
-17.9912,32.789,325.4,2023-08-03,1122,D,0
-18.1611,30.9677,315.3,2023-08-03,1122,D,0
-18.1642,30.9353,311.9,2023-08-03,1122,D,0
-17.9813,32.8059,330.3,2023-08-03,1122,D,0
-17.9838,32.7838,318.2,2023-08-03,1122,D,0
-18.1664,30.9635,318.1,2023-08-03,1122,D,0
-18.1698,30.9313,310.2,2023-08-03,1122,D,0
-19.7519,32.9027,310.1,2023-08-03,2000,N,0
-18.4322,30.4765,301.9,2023-08-03,2000,N,0
-19.7609,32.9039,322.6,2023-08-03,2000,N,0
-16.3273,30.1157,322.9,2023-08-03,2001,N,0
-17.5728,30.8906,311.1,2023-08-04,830,D,0
-18.22,29.8953,312.1,2023-08-04,830,D,0
-16.322,30.1314,307.4,2023-08-04,830,D,0
-16.3317,30.1233,309.5,2023-08-04,830,D,0
-16.8862,29.6313,311.9,2023-08-04,830,D,0
-17.0165,30.1703,316.8,2023-08-04,830,D,0
-17.0251,30.1628,316.0,2023-08-04,830,D,0
-17.396,30.6359,318.1,2023-08-04,830,D,0
-17.5689,30.8514,309.5,2023-08-04,830,D,0
-19.3172,30.6384,305.0,2023-08-04,831,D,0
-21.1742,31.7482,313.6,2023-08-04,1203,D,0
-20.0952,28.6599,315.8,2023-08-04,1203,D,0
-19.4993,31.0078,318.7,2023-08-04,1203,D,0
-19.5345,30.6492,317.2,2023-08-04,1203,D,0
-19.4387,30.863,315.4,2023-08-04,1203,D,0
-19.4402,30.8534,340.0,2023-08-04,1203,D,0
-19.4297,30.8615,339.0,2023-08-04,1203,D,0
-19.4312,30.8518,322.0,2023-08-04,1203,D,0
-18.7731,30.6876,335.6,2023-08-04,1204,D,0
-18.7627,30.6957,366.8,2023-08-04,1204,D,0
-18.7641,30.6861,357.5,2023-08-04,1204,D,0
-18.8403,30.1741,317.8,2023-08-04,1204,D,0
-18.8417,30.1647,326.9,2023-08-04,1204,D,0
-18.8013,30.1909,319.8,2023-08-04,1204,D,0
-18.791,30.1989,327.8,2023-08-04,1204,D,0
-18.5559,30.9056,319.6,2023-08-04,1204,D,0
-18.5512,30.8749,316.8,2023-08-04,1204,D,0
-18.5251,30.9343,324.7,2023-08-04,1204,D,0
-18.5175,30.9231,317.9,2023-08-04,1204,D,0
-18.4768,30.9461,321.2,2023-08-04,1204,D,0
-18.4677,30.9446,329.0,2023-08-04,1204,D,0
-18.4692,30.9349,334.1,2023-08-04,1204,D,0
-18.4554,30.718,324.4,2023-08-04,1204,D,0
-18.3817,30.6605,328.1,2023-08-04,1204,D,0
-18.3832,30.651,325.1,2023-08-04,1204,D,0
-18.2494,31.4751,367.7,2023-08-04,1204,D,0
-18.2509,31.465,338.8,2023-08-04,1204,D,0
-18.3741,30.6495,322.9,2023-08-04,1204,D,0
-18.207,31.6889,317.1,2023-08-04,1204,D,0
-18.2086,31.6785,325.9,2023-08-04,1204,D,0
-18.2417,31.4634,384.5,2023-08-04,1204,D,0
-18.1976,31.6872,344.7,2023-08-04,1204,D,0
-18.1992,31.6767,331.3,2023-08-04,1204,D,0
-17.9963,32.7683,310.1,2023-08-04,1204,D,0
-18.2614,31.0881,322.1,2023-08-04,1204,D,0
-17.9863,32.7669,341.3,2023-08-04,1204,D,0
-18.3339,30.4862,318.4,2023-08-04,1204,D,0
-18.2267,31.0756,316.5,2023-08-04,1204,D,0
-18.2282,31.0658,324.9,2023-08-04,1204,D,0
-18.3135,30.4958,328.9,2023-08-04,1204,D,0
-18.016,32.2539,318.2,2023-08-04,1204,D,0
-18.2547,30.6426,328.8,2023-08-04,1204,D,0
-18.3057,30.3002,318.2,2023-08-04,1204,D,0
-18.2341,30.7179,319.3,2023-08-04,1204,D,0
-18.3003,30.2123,315.9,2023-08-04,1204,D,0
-18.1658,31.0451,339.1,2023-08-04,1204,D,0
-18.1673,31.0353,318.4,2023-08-04,1204,D,0
-18.0776,31.1456,319.2,2023-08-04,1204,D,0
-18.1108,30.3719,323.8,2023-08-04,1204,D,0
-18.0337,30.7013,317.5,2023-08-04,1204,D,0
-18.0352,30.6917,314.2,2023-08-04,1204,D,0
-18.1682,29.4159,315.9,2023-08-04,1204,D,0
-18.1579,29.4239,316.4,2023-08-04,1204,D,0
-18.1593,29.4145,329.0,2023-08-04,1204,D,0
-17.9503,30.7707,316.6,2023-08-04,1204,D,0
-17.8854,30.5855,318.3,2023-08-04,1204,D,0
-17.8763,30.584,342.5,2023-08-04,1204,D,0
-17.8778,30.5744,326.9,2023-08-04,1204,D,0
-17.9663,29.9791,319.6,2023-08-04,1204,D,0
-17.8426,30.7461,320.0,2023-08-04,1204,D,0
-17.7387,31.0735,316.8,2023-08-04,1204,D,0
-17.8423,30.2612,328.3,2023-08-04,1204,D,0
-17.7646,30.7175,317.4,2023-08-04,1204,D,0
-17.7661,30.7079,315.4,2023-08-04,1204,D,0
-17.6076,31.6134,333.8,2023-08-04,1204,D,0
-17.8129,30.1435,318.2,2023-08-04,1204,D,0
-17.7354,30.4797,319.8,2023-08-04,1204,D,0
-17.7368,30.4702,350.4,2023-08-04,1204,D,0
-17.7278,30.4687,345.7,2023-08-04,1204,D,0
-17.4844,31.8666,347.1,2023-08-04,1204,D,0
-17.4861,31.8559,365.2,2023-08-04,1204,D,0
-17.4732,31.8756,320.4,2023-08-04,1204,D,0
-17.4748,31.8649,346.1,2023-08-04,1204,D,0
-17.4765,31.8543,327.7,2023-08-04,1204,D,0
-17.6139,30.9751,334.8,2023-08-04,1204,D,0
-17.6154,30.9654,380.5,2023-08-04,1204,D,0
-17.5654,31.0626,345.6,2023-08-04,1204,D,0
-17.5669,31.0528,326.4,2023-08-04,1204,D,0
-17.5967,30.8561,344.3,2023-08-04,1204,D,0
-17.5876,30.8545,380.9,2023-08-04,1204,D,0
-17.5891,30.8447,324.8,2023-08-04,1204,D,0
-17.7738,29.4715,318.5,2023-08-04,1204,D,0
-17.6858,30.0114,315.0,2023-08-04,1204,D,0
-17.6327,30.0536,318.2,2023-08-04,1204,D,0
-17.4189,31.414,321.7,2023-08-04,1204,D,0
-17.4205,31.4037,319.8,2023-08-04,1204,D,0
-17.6002,30.2121,325.7,2023-08-04,1204,D,0
-17.5536,30.34,318.7,2023-08-04,1204,D,0
-17.555,30.3305,316.1,2023-08-04,1204,D,0
-17.5446,30.3385,341.2,2023-08-04,1204,D,0
-17.546,30.329,345.9,2023-08-04,1204,D,0
-17.5645,30.0809,321.5,2023-08-04,1204,D,0
-17.5659,30.0715,315.2,2023-08-04,1204,D,0
-17.3115,31.5172,314.4,2023-08-04,1204,D,0
-17.4178,30.6349,334.1,2023-08-04,1204,D,0
-17.4261,30.5184,330.6,2023-08-04,1204,D,0
-17.4275,30.5088,334.1,2023-08-04,1204,D,0
-17.3012,31.1018,331.7,2023-08-04,1204,D,0
-17.3027,31.0918,328.8,2023-08-04,1204,D,0
-17.447,30.1265,320.7,2023-08-04,1204,D,0
-17.292,31.1002,324.1,2023-08-04,1204,D,0
-17.2935,31.0902,322.2,2023-08-04,1204,D,0
-17.252,31.3001,327.7,2023-08-04,1204,D,0
-17.3968,30.3409,328.5,2023-08-04,1204,D,0
-17.3982,30.3314,322.4,2023-08-04,1204,D,0
-17.3435,30.6354,316.6,2023-08-04,1204,D,0
-17.385,30.3584,321.4,2023-08-04,1204,D,0
-17.4063,30.091,329.9,2023-08-04,1204,D,0
-17.4077,30.0816,321.1,2023-08-04,1204,D,0
-17.3499,30.2846,323.8,2023-08-04,1204,D,0
-17.2371,30.051,326.3,2023-08-04,1204,D,0
-17.2254,30.0684,324.9,2023-08-04,1204,D,0
-17.2295,30.0402,351.5,2023-08-04,1204,D,0
-16.9412,31.5893,316.2,2023-08-04,1204,D,0
-17.1796,29.8825,326.5,2023-08-04,1204,D,0
-17.181,29.8732,320.1,2023-08-04,1204,D,0
-17.088,30.2525,317.4,2023-08-04,1204,D,0
-17.0894,30.243,315.6,2023-08-04,1204,D,0
-17.0263,30.1683,327.2,2023-08-04,1204,D,0
-17.2552,28.4552,316.1,2023-08-04,1204,D,0
-17.2565,28.4457,317.6,2023-08-04,1204,D,0
-16.8809,30.9445,340.4,2023-08-04,1204,D,0
-16.9649,30.0273,318.5,2023-08-04,1204,D,0
-16.8232,30.356,327.6,2023-08-04,1204,D,0
-16.6764,31.2591,344.9,2023-08-04,1204,D,0
-16.7228,30.1683,344.4,2023-08-04,1204,D,0
-16.6839,29.9917,323.0,2023-08-04,1204,D,0
-16.6853,29.9823,313.9,2023-08-04,1204,D,0
-16.7566,29.4976,356.6,2023-08-04,1204,D,0
-16.6722,30.009,338.5,2023-08-04,1204,D,0
-16.7017,29.5592,330.4,2023-08-04,1204,D,0
-16.7031,29.5499,321.6,2023-08-04,1204,D,0
-16.6738,29.6877,326.4,2023-08-04,1204,D,0
-16.6752,29.6784,315.8,2023-08-04,1204,D,0
-16.6709,29.5827,321.5,2023-08-04,1204,D,0
-16.6381,29.682,318.0,2023-08-04,1204,D,0
-16.6292,29.6805,325.6,2023-08-04,1204,D,0
-16.3266,30.1025,358.2,2023-08-04,1204,D,0
-16.337,30.0945,339.5,2023-08-04,1204,D,0
-16.3356,30.104,341.3,2023-08-04,1204,D,0
-16.4559,29.7933,318.1,2023-08-04,1204,D,0
-19.3178,30.62,350.8,2023-08-04,1204,D,0
-19.3192,30.6105,328.0,2023-08-04,1204,D,0
-19.3952,29.8438,337.1,2023-08-04,1204,D,0
-19.3965,29.8344,315.4,2023-08-04,1204,D,0
-19.3711,29.8207,315.4,2023-08-04,1204,D,0
-19.2374,30.4775,314.2,2023-08-04,1204,D,0
-19.1154,30.7404,319.1,2023-08-04,1204,D,0
-19.4734,28.2245,321.9,2023-08-04,1204,D,0
-19.1066,30.7431,322.3,2023-08-04,1204,D,0
-19.108,30.7335,326.0,2023-08-04,1204,D,0
-19.4677,28.2181,321.1,2023-08-04,1204,D,0
-19.2705,29.1059,314.0,2023-08-04,1204,D,0
-19.2718,29.0964,338.5,2023-08-04,1204,D,0
-19.035,30.5384,320.8,2023-08-04,1204,D,0
-19.0364,30.5289,335.7,2023-08-04,1204,D,0
-18.8291,30.56,313.2,2023-08-04,1204,D,0
-18.8906,30.0187,314.1,2023-08-04,1204,D,0
-18.6119,31.7376,333.9,2023-08-04,1204,D,0
-16.328,30.0931,338.3,2023-08-04,1204,D,0
-16.3238,30.1213,325.0,2023-08-04,1204,D,0
-16.5361,30.1839,316.7,2023-08-04,1204,D,0
-16.5375,30.1744,327.2,2023-08-04,1204,D,0
-16.516,30.0676,319.9,2023-08-04,1204,D,0
-16.5554,29.7383,312.9,2023-08-04,1204,D,0
-16.5259,29.3767,316.4,2023-08-04,1204,D,0
-16.4545,29.8026,314.2,2023-08-04,1204,D,0
-16.3213,29.0768,321.3,2023-08-04,1204,D,0
-16.0619,30.8159,329.4,2023-08-04,1204,D,0
-16.0603,30.8258,333.4,2023-08-04,1204,D,0
-16.2797,29.6763,315.2,2023-08-04,1204,D,0
-16.3059,29.7472,325.3,2023-08-04,1204,D,0
-16.3373,29.8439,313.4,2023-08-04,1204,D,0
-16.3176,30.101,336.9,2023-08-04,1204,D,0
-18.3663,26.4901,300.3,2023-08-04,2041,N,2
-18.3673,26.4826,306.0,2023-08-04,2041,N,0
-18.5928,31.4737,312.8,2023-08-05,733,D,0
-16.6504,29.4054,321.9,2023-08-05,733,D,0
-16.6534,29.423,313.2,2023-08-05,733,D,0
-16.655,29.3977,309.1,2023-08-05,733,D,0
-16.6581,29.4152,322.4,2023-08-05,733,D,0
-16.6908,29.3912,308.3,2023-08-05,733,D,0
-17.1194,31.9444,311.6,2023-08-05,733,D,0
-16.8712,29.4361,309.2,2023-08-05,733,D,0
-16.8742,29.4534,308.1,2023-08-05,733,D,0
-17.197,30.5312,326.9,2023-08-05,733,D,0
-17.1994,30.5456,325.1,2023-08-05,733,D,0
-17.6061,30.9682,308.2,2023-08-05,733,D,0
-17.9251,31.7861,312.3,2023-08-05,733,D,0
-18.3485,30.2386,321.7,2023-08-05,733,D,0
-18.3509,30.2529,309.5,2023-08-05,733,D,0
-18.841,30.9173,345.5,2023-08-05,733,D,0
-18.8431,30.9301,346.2,2023-08-05,733,D,0
-18.8498,30.9227,343.7,2023-08-05,733,D,0
-18.8519,30.9354,316.7,2023-08-05,733,D,0
-16.6566,29.2981,332.7,2023-08-06,813,D,0
-16.2666,28.8595,323.6,2023-08-06,813,D,0
-16.6457,29.299,319.5,2023-08-06,813,D,0
-16.9292,29.7468,321.3,2023-08-06,814,D,0
-17.351,30.3999,380.8,2023-08-06,814,D,0
-17.353,30.4174,339.8,2023-08-06,814,D,0
-17.9594,26.417,319.9,2023-08-06,814,D,0
-17.9608,26.4272,333.5,2023-08-06,814,D,0
-17.9667,26.4198,310.2,2023-08-06,814,D,0
-17.9695,26.4401,315.4,2023-08-06,814,D,0
-18.3709,26.4816,321.1,2023-08-06,814,D,0
-18.5323,27.4818,318.8,2023-08-06,814,D,0
-18.5338,27.4933,311.0,2023-08-06,814,D,0
-18.4269,26.4258,316.0,2023-08-06,814,D,2
-18.435,26.4869,316.4,2023-08-06,814,D,0
-18.9979,30.3409,312.8,2023-08-06,814,D,0
-19.0,30.3591,308.7,2023-08-06,814,D,0
-19.0039,30.3521,315.4,2023-08-06,814,D,0
-19.0965,30.6258,309.7,2023-08-06,814,D,0
-19.2209,30.445,308.7,2023-08-06,814,D,0
-19.2229,30.4637,309.0,2023-08-06,814,D,0
-19.2898,30.0266,309.2,2023-08-06,814,D,0
-16.9282,29.7379,314.2,2023-08-06,814,D,0
-16.9302,29.7533,315.6,2023-08-06,814,D,0
-19.8869,30.7599,327.2,2023-08-06,1149,D,0
-18.4807,31.4284,327.0,2023-08-06,1149,D,0
-19.0913,30.6143,329.1,2023-08-06,1149,D,0
-19.1011,30.6158,343.1,2023-08-06,1149,D,0
-19.0996,30.6271,341.4,2023-08-06,1149,D,0
-20.7603,30.7751,316.1,2023-08-06,1149,D,0
-20.7619,30.7631,321.8,2023-08-06,1149,D,0
-19.9148,30.7755,320.9,2023-08-06,1149,D,0
-19.9163,30.7641,313.3,2023-08-06,1149,D,0
-19.0557,32.6443,328.6,2023-08-06,1149,D,0
-17.0427,31.5171,311.4,2023-08-06,1150,D,0
-17.6053,32.2363,328.4,2023-08-06,1150,D,0
-17.8105,28.0297,315.8,2023-08-06,1150,D,0
-17.8135,28.0249,317.8,2023-08-06,1150,D,0
-17.9789,26.4194,321.5,2023-08-06,1150,D,0
-17.9658,26.4182,324.7,2023-08-06,1150,D,0
-17.9681,26.3974,329.6,2023-08-06,1150,D,0
-16.7522,32.0199,331.6,2023-08-06,1150,D,0
-16.5276,31.2529,317.4,2023-08-06,1150,D,0
-18.7341,31.4827,300.5,2023-08-06,2024,N,0
-18.7273,31.4895,300.6,2023-08-06,2024,N,0
-17.3817,30.67,302.5,2023-08-06,2025,N,0
-18.3657,26.4772,309.4,2023-08-06,2025,N,0
-17.3837,30.6576,300.6,2023-08-06,2025,N,0
-17.0375,30.5029,308.3,2023-08-07,716,D,0
-17.3875,30.6518,306.9,2023-08-07,717,D,0
-17.3877,30.646,304.8,2023-08-07,717,D,0
-17.393,30.6734,304.5,2023-08-07,717,D,0
-18.0553,31.5835,307.8,2023-08-07,717,D,0
-20.3552,28.6026,305.6,2023-08-07,717,D,0
-20.5386,28.4335,320.4,2023-08-07,1231,D,0
-20.5371,28.4425,315.6,2023-08-07,1231,D,0
-20.5398,28.4269,313.4,2023-08-07,1231,D,0
-19.9834,31.0328,314.6,2023-08-07,1231,D,0
-19.9796,31.027,316.2,2023-08-07,1231,D,0
-20.2489,28.829,312.7,2023-08-07,1231,D,0
-20.2372,28.827,331.9,2023-08-07,1231,D,0
-20.2402,28.8098,315.9,2023-08-07,1231,D,0
-19.7143,26.746,326.3,2023-08-07,1231,D,0
-19.7041,26.744,329.0,2023-08-07,1231,D,0
-17.9641,26.3435,354.7,2023-08-07,1231,D,0
-17.9722,26.3577,331.2,2023-08-07,1231,D,0
-16.0239,30.4882,318.8,2023-08-07,1232,D,0
-16.4917,29.6271,321.0,2023-08-07,1232,D,0
-16.024,30.4929,318.1,2023-08-07,1232,D,0
-17.9408,26.3943,313.7,2023-08-07,2324,N,0
-17.9498,26.3991,306.7,2023-08-07,2324,N,0
-19.7128,26.7349,304.8,2023-08-07,2324,N,0
-19.4155,30.883,300.4,2023-08-07,2324,N,0
-18.1327,30.5273,317.7,2023-08-08,757,D,0
-16.4006,29.9063,310.0,2023-08-08,757,D,0
-16.4019,29.9156,312.1,2023-08-08,757,D,0
-16.7726,29.7393,316.8,2023-08-08,757,D,0
-16.8991,29.9832,313.8,2023-08-08,757,D,0
-17.1008,30.5114,327.4,2023-08-08,757,D,0
-17.0834,29.5917,319.2,2023-08-08,757,D,0
-17.2287,30.6382,319.9,2023-08-08,757,D,0
-17.0923,29.5904,338.4,2023-08-08,757,D,0
-17.4514,31.3268,311.6,2023-08-08,757,D,0
-17.3831,30.4218,327.4,2023-08-08,757,D,0
-17.7739,31.1356,316.9,2023-08-08,757,D,0
-17.7753,31.1462,310.4,2023-08-08,757,D,0
-18.0262,30.5589,317.5,2023-08-08,757,D,0
-18.0275,30.569,336.3,2023-08-08,757,D,0
-18.0368,30.5677,316.5,2023-08-08,757,D,0
-18.0745,30.7074,360.9,2023-08-08,757,D,0
-18.0759,30.7177,366.0,2023-08-08,757,D,0
-18.0852,30.7163,323.5,2023-08-08,757,D,0
-18.0386,30.1027,316.3,2023-08-08,757,D,0
-18.256,31.5383,312.0,2023-08-08,757,D,0
-18.1341,30.5373,327.2,2023-08-08,757,D,0
-18.3436,31.9882,308.7,2023-08-08,757,D,0
-18.2609,30.9438,314.0,2023-08-08,757,D,0
-18.2623,30.9543,309.8,2023-08-08,757,D,0
-17.8495,27.9593,321.4,2023-08-08,757,D,0
-17.8509,27.9687,333.0,2023-08-08,757,D,0
-17.8523,27.9781,322.9,2023-08-08,757,D,0
-17.8599,27.9673,317.0,2023-08-08,757,D,0
-17.8627,27.986,325.1,2023-08-08,757,D,0
-18.4353,31.7527,329.3,2023-08-08,757,D,0
-18.2881,30.5086,313.0,2023-08-08,757,D,0
-18.2895,30.5187,311.6,2023-08-08,757,D,0
-18.4691,31.8563,308.1,2023-08-08,757,D,0
-18.4703,31.8624,311.8,2023-08-08,757,D,0
-18.2469,30.0832,311.8,2023-08-08,757,D,0
-18.4235,29.6311,315.6,2023-08-08,757,D,0
-17.9464,26.3593,315.0,2023-08-08,757,D,0
-18.4563,29.7336,316.0,2023-08-08,757,D,0
-18.1414,27.2081,317.6,2023-08-08,758,D,0
-18.9519,31.2437,320.8,2023-08-08,758,D,0
-18.9533,31.2548,317.2,2023-08-08,758,D,0
-18.3693,26.4824,318.5,2023-08-08,758,D,0
-18.6907,27.5438,315.9,2023-08-08,758,D,0
-18.6921,27.5533,323.8,2023-08-08,758,D,0
-19.3322,30.8969,316.5,2023-08-08,758,D,0
-19.3337,30.9077,322.0,2023-08-08,758,D,0
-19.314,30.6173,332.1,2023-08-08,758,D,0
-19.3154,30.6278,311.5,2023-08-08,758,D,0
-19.4048,30.422,309.5,2023-08-08,758,D,0
-19.4061,30.4324,312.9,2023-08-08,758,D,0
-19.513,30.4741,308.2,2023-08-08,758,D,0
-19.4646,30.044,310.1,2023-08-08,758,D,0
-19.5414,29.6635,315.2,2023-08-08,758,D,0
-19.8861,31.224,320.7,2023-08-08,758,D,0
-19.709,26.7221,324.9,2023-08-08,758,D,0
-19.7181,26.7206,322.0,2023-08-08,758,D,0
-19.7242,26.699,323.7,2023-08-08,758,D,0
-19.7257,26.709,343.7,2023-08-08,758,D,0
-20.3362,28.7734,320.1,2023-08-08,758,D,0
-20.5198,28.4447,319.3,2023-08-08,758,D,0
-20.5212,28.4542,307.6,2023-08-08,758,D,0
-20.5452,28.4311,317.9,2023-08-08,758,D,0
-20.5465,28.4405,334.9,2023-08-08,758,D,0
-20.5664,27.881,309.3,2023-08-08,758,D,0
-20.5678,27.8904,308.7,2023-08-08,758,D,0
-21.9357,29.7619,319.9,2023-08-08,758,D,0
-21.9371,29.7723,324.4,2023-08-08,758,D,0
-20.1923,32.347,321.2,2023-08-08,1134,D,0
-20.0586,31.2881,314.4,2023-08-08,1134,D,0
-20.3524,28.4898,311.9,2023-08-08,1134,D,0
-20.12,31.1818,336.8,2023-08-08,1134,D,0
-19.9321,32.8074,309.2,2023-08-08,1134,D,0
-20.1324,31.1833,320.5,2023-08-08,1134,D,0
-19.9881,32.8015,324.9,2023-08-08,1134,D,0
-19.9813,32.7933,313.9,2023-08-08,1134,D,0
-19.9923,32.7938,316.5,2023-08-08,1134,D,0
-18.1312,30.7281,316.6,2023-08-08,1135,D,0
-17.6831,30.1982,318.9,2023-08-08,1135,D,0
-17.5927,30.5488,315.6,2023-08-08,1135,D,0
-17.8613,27.9563,320.1,2023-08-08,1135,D,0
-17.5913,30.5437,314.7,2023-08-08,1135,D,0
-17.8496,27.9499,316.8,2023-08-08,1135,D,0
-17.3976,31.6719,316.8,2023-08-08,1135,D,0
-17.4401,30.8373,330.0,2023-08-08,1135,D,0
-17.552,29.3673,319.0,2023-08-08,1135,D,0
-17.5456,29.3613,322.7,2023-08-08,1135,D,0
-17.5483,29.3376,320.7,2023-08-08,1135,D,0
-17.296,31.3867,319.8,2023-08-08,1135,D,0
-17.298,31.3702,342.1,2023-08-08,1135,D,0
-17.3964,30.5443,323.5,2023-08-08,1135,D,0
-17.3986,30.5253,318.1,2023-08-08,1135,D,0
-17.3389,30.3806,319.3,2023-08-08,1135,D,0
-17.341,30.3609,331.4,2023-08-08,1135,D,0
-17.3376,30.3735,329.5,2023-08-08,1135,D,0
-17.3399,30.3538,322.0,2023-08-08,1135,D,0
-17.2556,30.8562,315.7,2023-08-08,1135,D,0
-17.3587,29.9662,328.5,2023-08-08,1135,D,0
-17.3457,29.9644,321.2,2023-08-08,1135,D,0
-17.1648,30.4247,324.1,2023-08-08,1135,D,0
-17.167,30.4052,316.3,2023-08-08,1135,D,0
-17.1523,30.4231,334.9,2023-08-08,1135,D,0
-17.1629,30.4175,325.9,2023-08-08,1135,D,0
-17.1504,30.4161,325.6,2023-08-08,1135,D,0
-17.1032,30.6029,319.7,2023-08-08,1135,D,0
-17.1054,30.5841,347.6,2023-08-08,1135,D,0
-17.1333,29.8831,325.7,2023-08-08,1135,D,0
-17.1361,29.8784,323.5,2023-08-08,1135,D,0
-16.9467,30.1605,321.3,2023-08-08,1135,D,0
-16.8756,30.3255,318.4,2023-08-08,1135,D,0
-16.811,30.2195,320.5,2023-08-08,1135,D,0
-16.5071,31.2872,322.7,2023-08-08,1135,D,0
-16.5102,31.2808,323.7,2023-08-08,1135,D,0
-20.0783,28.5341,314.2,2023-08-08,1135,D,0
-19.8267,30.1648,320.1,2023-08-08,1135,D,0
-19.829,30.1425,315.4,2023-08-08,1135,D,0
-19.8313,30.1604,320.3,2023-08-08,1135,D,0
-19.652,30.3548,339.8,2023-08-08,1135,D,0
-19.6543,30.3331,324.9,2023-08-08,1135,D,0
-19.5545,31.1348,314.7,2023-08-08,1135,D,0
-19.509,29.533,317.8,2023-08-08,1135,D,0
-19.329,30.938,317.3,2023-08-08,1135,D,0
-19.3257,30.6183,316.4,2023-08-08,1135,D,0
-19.313,30.6167,314.1,2023-08-08,1135,D,0
-19.3255,30.6112,315.2,2023-08-08,1135,D,0
-19.3127,30.6096,313.6,2023-08-08,1135,D,0
-19.2628,30.8247,316.4,2023-08-08,1135,D,0
-19.265,30.8052,317.0,2023-08-08,1135,D,0
-19.2986,30.5037,330.8,2023-08-08,1135,D,0
-19.1434,30.6236,319.1,2023-08-08,1135,D,0
-19.1985,30.2451,316.8,2023-08-08,1135,D,0
-19.1429,30.6164,318.9,2023-08-08,1135,D,0
-19.0575,30.8066,314.7,2023-08-08,1135,D,0
-18.8475,32.3372,317.1,2023-08-08,1135,D,0
-18.8703,32.1408,333.7,2023-08-08,1135,D,0
-18.8721,32.1255,324.6,2023-08-08,1135,D,0
-18.8456,32.3464,317.2,2023-08-08,1135,D,0
-18.8716,32.1357,339.8,2023-08-08,1135,D,0
-18.8454,32.1635,317.2,2023-08-08,1135,D,0
-18.7651,32.162,319.1,2023-08-08,1135,D,0
-18.6787,32.772,311.0,2023-08-08,1135,D,0
-18.9642,29.8681,322.6,2023-08-08,1135,D,0
-18.9666,29.8454,324.4,2023-08-08,1135,D,0
-18.9697,29.8638,321.6,2023-08-08,1135,D,0
-18.5855,31.4413,317.4,2023-08-08,1135,D,0
-18.5795,31.4354,329.1,2023-08-08,1135,D,0
-18.4917,31.7775,324.3,2023-08-08,1135,D,0
-18.4935,31.7616,333.9,2023-08-08,1135,D,0
-18.482,31.7598,328.7,2023-08-08,1135,D,0
-18.5897,30.6993,320.5,2023-08-08,1135,D,0
-18.5918,30.6799,323.3,2023-08-08,1135,D,0
-18.5879,30.6922,325.5,2023-08-08,1135,D,0
-18.3715,31.4492,323.9,2023-08-08,1135,D,0
-18.3735,31.4323,313.4,2023-08-08,1135,D,0
-18.3597,31.4477,358.0,2023-08-08,1135,D,0
-18.3617,31.4309,341.0,2023-08-08,1135,D,0
-18.3756,31.3116,314.8,2023-08-08,1135,D,0
-18.4332,30.4676,317.8,2023-08-08,1135,D,0
-18.4328,30.4607,319.8,2023-08-08,1135,D,0
-18.2619,31.794,318.2,2023-08-08,1135,D,0
-18.2639,31.7783,324.9,2023-08-08,1135,D,0
-18.3692,30.4528,348.2,2023-08-08,1135,D,0
-18.3714,30.4328,342.6,2023-08-08,1135,D,0
-18.3965,30.2056,316.6,2023-08-08,1135,D,0
-18.3988,30.1846,315.2,2023-08-08,1135,D,0
-18.2011,31.8182,318.3,2023-08-08,1135,D,0
-18.2029,31.8023,328.8,2023-08-08,1135,D,0
-18.204,31.5913,321.4,2023-08-08,1135,D,0
-18.2081,31.5867,314.3,2023-08-08,1135,D,0
-18.1734,31.4813,315.6,2023-08-08,1135,D,0
-18.2203,30.9722,328.4,2023-08-08,1135,D,0
-18.2223,30.9539,327.6,2023-08-08,1135,D,0
-18.0941,31.956,312.7,2023-08-08,1135,D,0
-18.0958,31.9411,312.4,2023-08-08,1135,D,0
-18.2081,30.9706,327.9,2023-08-08,1135,D,0
-18.2122,30.9339,317.5,2023-08-08,1135,D,0
-18.2057,30.7369,316.4,2023-08-08,1135,D,0
-18.274,30.0288,315.3,2023-08-08,1135,D,0
-18.0897,31.5135,313.9,2023-08-08,1135,D,0
-18.1366,31.0104,328.0,2023-08-08,1135,D,0
-18.1728,30.6945,321.3,2023-08-08,1135,D,0
-18.175,30.6754,325.3,2023-08-08,1135,D,0
-18.0741,31.3416,332.7,2023-08-08,1135,D,0
-18.1333,30.7092,316.0,2023-08-08,1135,D,0
-18.1569,30.4954,338.9,2023-08-08,1135,D,0
-18.1591,30.4754,339.6,2023-08-08,1135,D,0
-18.1443,30.4937,345.7,2023-08-08,1135,D,0
-18.1465,30.4737,356.9,2023-08-08,1135,D,0
-18.1418,30.7246,319.8,2023-08-08,1135,D,0
-18.1567,30.4905,348.7,2023-08-08,1135,D,0
-18.1591,30.4705,331.1,2023-08-08,1135,D,0
-18.1441,30.4888,353.2,2023-08-08,1135,D,0
-18.1464,30.4688,338.1,2023-08-08,1135,D,0
-18.0695,30.6966,316.9,2023-08-08,1135,D,0
-18.1275,30.1776,317.2,2023-08-08,1135,D,0
-18.0859,30.3188,316.4,2023-08-08,1135,D,0
-18.1157,30.169,318.9,2023-08-08,1135,D,0
-18.129,29.8215,325.9,2023-08-08,1135,D,0
-18.1316,29.7992,318.7,2023-08-08,1135,D,0
-18.0158,30.5856,321.3,2023-08-08,1135,D,0
-18.0181,30.5661,331.7,2023-08-08,1135,D,0
-18.0225,30.5272,327.1,2023-08-08,1135,D,0
-17.9,31.4748,316.5,2023-08-08,1135,D,0
-17.9019,31.4584,328.3,2023-08-08,1135,D,0
-17.8998,31.2727,320.1,2023-08-08,1135,D,0
-17.7995,31.356,318.7,2023-08-08,1135,D,0
-17.8015,31.3391,317.0,2023-08-08,1135,D,0
-17.7316,31.837,315.9,2023-08-08,1135,D,0
-17.7334,31.8216,326.5,2023-08-08,1135,D,0
-17.8071,31.1861,316.9,2023-08-08,1135,D,0
-17.7325,31.8302,325.8,2023-08-08,1135,D,0
-17.9576,29.9651,315.8,2023-08-08,1135,D,0
-17.8325,30.7053,317.6,2023-08-08,1135,D,0
-17.8765,29.9767,319.7,2023-08-08,1135,D,0
-17.8788,29.9552,315.8,2023-08-08,1135,D,0
-17.5249,32.0413,320.8,2023-08-08,1135,D,0
-17.5266,32.0265,320.8,2023-08-08,1135,D,0
-17.6329,31.0082,318.1,2023-08-08,1135,D,0
-17.6349,30.991,329.0,2023-08-08,1135,D,0
-17.5241,32.0342,324.1,2023-08-08,1135,D,0
-17.6277,31.0008,332.1,2023-08-08,1135,D,0
-17.6298,30.9834,323.9,2023-08-08,1135,D,0
-17.5073,31.8959,321.2,2023-08-08,1135,D,0
-17.696,30.2,320.7,2023-08-08,1135,D,0
-17.5262,31.5499,341.9,2023-08-08,1135,D,0
-16.3222,30.2756,315.1,2023-08-08,1136,D,0
-17.8059,31.3345,311.5,2023-08-08,2008,N,0
-17.6675,31.0733,312.9,2023-08-08,2008,N,0
-17.6912,30.6394,308.7,2023-08-08,2008,N,0
-17.6516,30.6556,303.0,2023-08-08,2008,N,0
-17.5807,31.1008,302.2,2023-08-08,2008,N,0
-17.71,30.1627,304.3,2023-08-08,2008,N,0
-17.7113,30.1531,313.7,2023-08-08,2008,N,0
-17.6417,30.2594,321.9,2023-08-08,2008,N,0
-17.5306,30.6027,305.5,2023-08-08,2008,N,0
-17.5512,30.1817,313.8,2023-08-08,2008,N,0
-17.4397,30.7918,308.3,2023-08-08,2008,N,0
-17.4706,30.568,301.4,2023-08-08,2008,N,0
-17.4719,30.5586,304.4,2023-08-08,2008,N,0
-17.3598,30.3727,316.4,2023-08-08,2008,N,0
-17.3611,30.3633,313.6,2023-08-08,2008,N,0
-17.1418,30.4169,300.8,2023-08-08,2008,N,0
-16.8929,29.3345,302.8,2023-08-08,2008,N,0
-20.0555,31.2991,305.4,2023-08-08,2008,N,0
-17.9874,31.2235,306.0,2023-08-08,2008,N,0
-18.2235,30.5101,308.5,2023-08-08,2008,N,0
-18.6296,31.3667,301.5,2023-08-08,2008,N,0
-18.7361,31.5233,305.0,2023-08-08,2008,N,0
-18.8773,32.3424,300.9,2023-08-08,2008,N,0
-17.9261,30.5338,300.4,2023-08-08,2008,N,0
-17.8414,31.3401,303.3,2023-08-08,2008,N,0
-17.9898,30.4044,300.9,2023-08-08,2008,N,0
-18.0001,30.3962,307.9,2023-08-08,2008,N,0
-17.9988,30.4057,314.2,2023-08-08,2008,N,0
-16.6762,29.3714,305.2,2023-08-08,2009,N,0
-16.6853,29.3729,307.8,2023-08-08,2009,N,0
-17.5889,28.0279,304.8,2023-08-09,5,N,0
-17.7091,30.1498,303.6,2023-08-09,5,N,0
-20.1689,32.3882,304.4,2023-08-09,701,D,0
-20.1739,32.3791,306.9,2023-08-09,701,D,0
-19.3277,30.6156,360.7,2023-08-09,1216,D,0
-21.3171,30.6318,320.4,2023-08-09,1216,D,0
-21.3191,30.6193,315.7,2023-08-09,1216,D,0
-20.7774,32.0469,316.6,2023-08-09,1216,D,0
-20.9923,29.0867,316.2,2023-08-09,1216,D,0
-20.983,29.0849,312.8,2023-08-09,1216,D,0
-20.7483,30.3525,315.5,2023-08-09,1216,D,0
-20.6315,30.3085,317.0,2023-08-09,1216,D,0
-20.1183,31.1729,323.4,2023-08-09,1216,D,0
-20.4002,29.2689,322.4,2023-08-09,1216,D,0
-20.4019,29.2583,315.7,2023-08-09,1216,D,0
-20.5267,28.4612,319.8,2023-08-09,1216,D,0
-20.51,28.4479,328.9,2023-08-09,1216,D,0
-20.5024,28.4362,314.8,2023-08-09,1216,D,0
-20.3513,28.709,319.2,2023-08-09,1216,D,0
-19.9941,30.4955,313.8,2023-08-09,1216,D,0
-19.9376,30.7304,314.7,2023-08-09,1216,D,0
-20.2134,29.0089,314.2,2023-08-09,1216,D,0
-20.215,28.9984,314.7,2023-08-09,1216,D,0
-20.3512,28.0471,328.0,2023-08-09,1216,D,0
-20.3526,28.0373,332.4,2023-08-09,1216,D,0
-20.1947,29.0054,325.4,2023-08-09,1216,D,0
-20.1963,28.9949,342.0,2023-08-09,1216,D,0
-20.3436,28.0357,316.5,2023-08-09,1216,D,0
-20.1869,28.9932,313.5,2023-08-09,1216,D,0
-19.6937,31.107,322.1,2023-08-09,1216,D,0
-19.6892,31.1149,323.7,2023-08-09,1216,D,0
-19.6915,31.101,317.6,2023-08-09,1216,D,0
-19.6878,31.0574,314.2,2023-08-09,1216,D,0
-19.6771,31.0553,313.5,2023-08-09,1216,D,0
-19.8227,30.1145,335.4,2023-08-09,1216,D,0
-20.0718,28.5471,318.3,2023-08-09,1216,D,0
-20.0626,28.5455,330.1,2023-08-09,1216,D,0
-20.0642,28.5354,360.2,2023-08-09,1216,D,0
-19.8398,29.8848,337.6,2023-08-09,1216,D,0
-19.8418,29.8731,333.7,2023-08-09,1216,D,0
-20.0321,28.4987,321.9,2023-08-09,1216,D,0
-19.7392,29.9931,322.3,2023-08-09,1216,D,0
-19.7412,29.9808,317.4,2023-08-09,1216,D,0
-19.4383,31.4413,316.5,2023-08-09,1216,D,0
-19.4409,31.4264,319.6,2023-08-09,1216,D,0
-19.4683,30.8746,317.3,2023-08-09,1216,D,0
-19.4706,30.8611,319.3,2023-08-09,1216,D,0
-19.4636,30.8668,321.0,2023-08-09,1216,D,0
-19.5801,29.9619,312.5,2023-08-09,1216,D,0
-19.5503,29.9565,323.8,2023-08-09,1216,D,0
-19.4132,30.651,313.6,2023-08-09,1216,D,0
-19.4842,30.1682,321.7,2023-08-09,1216,D,0
-19.4862,30.1564,314.5,2023-08-09,1216,D,0
-19.4869,30.1633,326.2,2023-08-09,1216,D,0
-19.4051,30.5364,317.3,2023-08-09,1216,D,0
-19.2892,30.9693,314.8,2023-08-09,1216,D,0
-19.4245,30.1012,313.3,2023-08-09,1216,D,0
-19.2937,30.8148,316.2,2023-08-09,1216,D,0
-19.3254,30.6287,325.9,2023-08-09,1216,D,0
-19.315,30.6267,312.4,2023-08-09,1216,D,0
-19.3173,30.6136,370.9,2023-08-09,1216,D,0
-19.3195,30.6006,314.3,2023-08-09,1216,D,0
-19.2888,30.8071,323.5,2023-08-09,1216,D,0
-19.2999,30.7401,313.9,2023-08-09,1216,D,0
-19.3195,30.6207,365.5,2023-08-09,1216,D,0
-19.3216,30.6077,349.5,2023-08-09,1216,D,0
-19.5348,29.0286,316.3,2023-08-09,1216,D,0
-18.9694,32.1989,319.0,2023-08-09,1216,D,0
-18.979,32.011,335.7,2023-08-09,1216,D,0
-18.9819,31.9945,321.0,2023-08-09,1216,D,0
-18.9839,32.0069,320.2,2023-08-09,1216,D,0
-18.9726,32.0036,328.7,2023-08-09,1216,D,0
-19.0056,31.744,314.1,2023-08-09,1216,D,0
-19.0083,31.7282,317.3,2023-08-09,1216,D,0
-18.8552,32.5327,333.7,2023-08-09,1216,D,0
-18.8584,32.515,315.9,2023-08-09,1216,D,0
-19.0161,31.6155,320.5,2023-08-09,1216,D,0
-18.995,31.406,322.5,2023-08-09,1216,D,0
-18.9976,31.3913,315.1,2023-08-09,1216,D,0
-18.9944,31.3993,338.5,2023-08-09,1216,D,0
-17.6633,31.0201,322.0,2023-08-09,1217,D,0
-19.2062,30.0543,317.3,2023-08-09,1217,D,0
-18.7334,32.7631,312.9,2023-08-09,1217,D,0
-18.7368,32.7443,328.8,2023-08-09,1217,D,0
-18.9615,30.4224,322.5,2023-08-09,1217,D,0
-18.9637,30.4094,321.1,2023-08-09,1217,D,0
-18.9512,30.4205,322.9,2023-08-09,1217,D,0
-18.6105,31.6216,313.6,2023-08-09,1217,D,0
-18.5993,31.6193,317.5,2023-08-09,1217,D,0
-18.598,31.6287,313.5,2023-08-09,1217,D,0
-18.5024,31.9783,330.9,2023-08-09,1217,D,0
-18.6138,31.3313,313.7,2023-08-09,1217,D,0
-18.5305,31.2166,313.5,2023-08-09,1217,D,0
-18.5881,30.4485,317.2,2023-08-09,1217,D,0
-18.5902,30.4354,316.5,2023-08-09,1217,D,0
-18.1719,32.806,333.7,2023-08-09,1217,D,0
-18.1756,32.7853,337.9,2023-08-09,1217,D,0
-18.5056,30.8792,317.3,2023-08-09,1217,D,0
-18.5149,30.8235,317.8,2023-08-09,1217,D,0
-18.4948,30.8773,327.6,2023-08-09,1217,D,0
-18.4971,30.8633,319.0,2023-08-09,1217,D,0
-18.4697,30.9597,317.5,2023-08-09,1217,D,0
-18.4721,30.9455,320.7,2023-08-09,1217,D,0
-18.4268,31.1447,321.1,2023-08-09,1217,D,0
-18.4032,31.2158,315.0,2023-08-09,1217,D,0
-18.4058,31.201,316.8,2023-08-09,1217,D,0
-18.394,30.9987,318.7,2023-08-09,1217,D,0
-18.4475,30.4843,319.1,2023-08-09,1217,D,0
-18.4099,30.6429,320.5,2023-08-09,1217,D,0
-18.4016,30.6273,318.9,2023-08-09,1217,D,0
-18.5536,29.72,319.8,2023-08-09,1217,D,0
-18.0098,32.7685,313.8,2023-08-09,1217,D,0
-18.4549,30.1345,318.3,2023-08-09,1217,D,0
-18.4447,30.1325,321.9,2023-08-09,1217,D,0
-18.506,29.6925,323.5,2023-08-09,1217,D,0
-18.384,30.3715,318.1,2023-08-09,1217,D,0
-18.2603,30.9081,318.4,2023-08-09,1217,D,0
-18.2591,30.9022,317.7,2023-08-09,1217,D,0
-18.4472,29.6159,317.2,2023-08-09,1217,D,0
-18.2385,30.8257,323.8,2023-08-09,1217,D,0
-18.2408,30.8117,327.0,2023-08-09,1217,D,0
-18.3771,29.9863,319.8,2023-08-09,1217,D,0
-17.8957,32.7356,316.4,2023-08-09,1217,D,0
-18.2277,30.8236,321.6,2023-08-09,1217,D,0
-18.2301,30.8097,318.3,2023-08-09,1217,D,0
-18.0804,31.4165,314.6,2023-08-09,1217,D,0
-18.0442,31.5556,315.9,2023-08-09,1217,D,0
-18.2367,30.4469,323.5,2023-08-09,1217,D,0
-18.2396,30.4542,316.7,2023-08-09,1217,D,0
-18.2417,30.441,317.3,2023-08-09,1217,D,0
-18.0462,31.5489,316.5,2023-08-09,1217,D,0
-18.1693,30.7482,320.9,2023-08-09,1217,D,0
-18.1716,30.7343,341.1,2023-08-09,1217,D,0
-18.1609,30.7322,318.1,2023-08-09,1217,D,0
-18.2285,30.1319,319.9,2023-08-09,1217,D,0
-18.2245,30.0924,341.6,2023-08-09,1217,D,0
-18.2266,30.0798,391.3,2023-08-09,1217,D,0
-18.2797,29.5734,317.9,2023-08-09,1217,D,0
-17.9739,31.1647,321.1,2023-08-09,1217,D,0
-18.5623,27.5006,320.2,2023-08-09,1217,D,0
-17.9679,31.133,321.8,2023-08-09,1217,D,0
-17.8842,31.4815,317.6,2023-08-09,1217,D,0
-18.5425,27.4481,319.3,2023-08-09,1217,D,0
-17.886,31.4746,316.4,2023-08-09,1217,D,0
-17.7966,31.8593,314.7,2023-08-09,1217,D,0
-17.981,30.5725,317.0,2023-08-09,1217,D,0
-18.1577,29.4372,319.2,2023-08-09,1217,D,0
-17.9869,30.4079,317.7,2023-08-09,1217,D,0
-17.9764,30.406,316.9,2023-08-09,1217,D,0
-17.9786,30.3928,320.6,2023-08-09,1217,D,0
-17.9267,30.613,321.8,2023-08-09,1217,D,0
-17.754,31.5753,318.4,2023-08-09,1217,D,0
-17.6854,31.9045,318.3,2023-08-09,1217,D,0
-18.0184,29.9217,316.6,2023-08-09,1217,D,0
-17.7405,31.3127,315.3,2023-08-09,1217,D,0
-17.7432,31.2973,318.8,2023-08-09,1217,D,0
-17.9571,30.0389,328.1,2023-08-09,1217,D,0
-17.9175,30.1488,316.8,2023-08-09,1217,D,0
-17.9197,30.136,315.6,2023-08-09,1217,D,0
-17.9212,30.1426,320.1,2023-08-09,1217,D,0
-17.6648,31.5521,322.2,2023-08-09,1217,D,0
-17.7945,30.7825,325.9,2023-08-09,1217,D,0
-17.7837,30.7804,346.6,2023-08-09,1217,D,0
-17.786,30.7662,322.4,2023-08-09,1217,D,0
-17.9087,29.8954,340.7,2023-08-09,1217,D,0
-17.9108,29.8829,322.2,2023-08-09,1217,D,0
-17.8965,29.906,322.8,2023-08-09,1217,D,0
-17.8905,29.7533,318.9,2023-08-09,1217,D,0
-17.5973,31.5509,316.3,2023-08-09,1217,D,0
-17.8912,29.7603,326.4,2023-08-09,1217,D,0
-17.6744,31.0221,318.1,2023-08-09,1217,D,0
-17.6769,31.007,325.2,2023-08-09,1217,D,0
-17.6658,31.0051,335.3,2023-08-09,1217,D,0
-18.3721,26.4779,327.6,2023-08-09,1217,D,0
-17.5957,31.3524,324.9,2023-08-09,1217,D,0
-17.4578,32.01,332.5,2023-08-09,1217,D,0
-17.4459,32.0078,354.8,2023-08-09,1217,D,0
-17.449,31.9902,318.7,2023-08-09,1217,D,0
-18.0258,28.3484,324.9,2023-08-09,1217,D,0
-17.4516,31.7193,318.0,2023-08-09,1217,D,0
-17.5204,31.3155,314.3,2023-08-09,1217,D,0
-17.863,29.1611,331.2,2023-08-09,1217,D,0
-17.8648,29.1499,319.2,2023-08-09,1217,D,0
-17.4896,31.3588,322.4,2023-08-09,1217,D,0
-17.8533,29.1594,329.7,2023-08-09,1217,D,0
-17.8551,29.1482,316.3,2023-08-09,1217,D,0
-17.964,28.3947,325.1,2023-08-09,1217,D,0
-17.9546,28.3931,322.2,2023-08-09,1217,D,0
-17.5137,31.0168,322.4,2023-08-09,1217,D,0
-17.5414,30.8553,362.9,2023-08-09,1217,D,0
-17.5439,30.8407,334.6,2023-08-09,1217,D,0
-17.474,31.1796,314.3,2023-08-09,1217,D,0
-17.4767,31.1645,316.4,2023-08-09,1217,D,0
-17.4759,31.1744,319.4,2023-08-09,1217,D,0
-18.2333,26.2903,319.1,2023-08-09,1217,D,0
-18.223,26.2982,330.9,2023-08-09,1217,D,0
-18.2244,26.2888,342.6,2023-08-09,1217,D,0
-17.4638,31.1092,324.4,2023-08-09,1217,D,0
-17.5797,30.412,317.8,2023-08-09,1217,D,0
-17.4755,30.8374,325.8,2023-08-09,1217,D,0
-17.4646,30.8354,318.2,2023-08-09,1217,D,0
-17.3994,31.0824,321.3,2023-08-09,1217,D,0
-17.4019,31.0678,322.9,2023-08-09,1217,D,0
-17.4895,30.4935,324.6,2023-08-09,1217,D,0
-17.3992,31.0758,321.2,2023-08-09,1217,D,0
-17.4017,31.0611,321.8,2023-08-09,1217,D,0
-17.4938,30.5015,324.8,2023-08-09,1217,D,0
-17.4832,30.4996,326.8,2023-08-09,1217,D,0
-17.4854,30.4859,348.0,2023-08-09,1217,D,0
-17.3565,31.1932,315.1,2023-08-09,1217,D,0
-17.2885,31.5241,314.7,2023-08-09,1217,D,0
-17.2769,31.5221,329.4,2023-08-09,1217,D,0
-17.2797,31.5058,329.4,2023-08-09,1217,D,0
-17.2567,31.5013,316.2,2023-08-09,1217,D,0
-17.886,27.6406,322.7,2023-08-09,1217,D,0
-17.8875,27.6309,319.2,2023-08-09,1217,D,0
-17.3055,31.1528,319.4,2023-08-09,1217,D,0
-17.2394,31.4643,315.7,2023-08-09,1217,D,0
-17.2438,31.4597,316.4,2023-08-09,1217,D,0
-17.2205,31.115,331.3,2023-08-09,1217,D,0
-17.2231,31.0998,353.9,2023-08-09,1217,D,0
-17.9534,26.3126,320.9,2023-08-09,1217,D,0
-17.956,26.2939,322.5,2023-08-09,1217,D,0
-17.9574,26.2846,351.3,2023-08-09,1217,D,0
-17.9587,26.2753,333.4,2023-08-09,1217,D,0
-17.2213,30.9678,313.8,2023-08-09,1217,D,0
-17.3026,30.3429,323.2,2023-08-09,1217,D,0
-17.3048,30.3295,320.8,2023-08-09,1217,D,0
-17.2942,30.3276,321.9,2023-08-09,1217,D,0
-17.2588,30.4747,319.6,2023-08-09,1217,D,0
-17.3209,30.1014,323.4,2023-08-09,1217,D,0
-17.1386,30.9827,314.8,2023-08-09,1217,D,0
-17.1091,31.0866,320.6,2023-08-09,1217,D,0
-17.1117,31.0714,318.6,2023-08-09,1217,D,0
-17.617,28.0077,319.3,2023-08-09,1217,D,0
-17.6103,28.011,346.4,2023-08-09,1217,D,0
-17.6118,28.001,340.4,2023-08-09,1217,D,0
-17.111,31.0811,332.5,2023-08-09,1217,D,0
-17.598,28.0295,323.8,2023-08-09,1217,D,0
-17.5995,28.0195,325.6,2023-08-09,1217,D,0
-17.601,28.0095,347.9,2023-08-09,1217,D,0
-17.6025,27.9995,338.5,2023-08-09,1217,D,0
-17.5872,28.038,329.5,2023-08-09,1217,D,0
-17.2056,30.1152,322.2,2023-08-09,1217,D,0
-17.2078,30.1021,326.1,2023-08-09,1217,D,0
-17.1974,30.1002,328.9,2023-08-09,1217,D,0
-17.0993,30.5902,317.6,2023-08-09,1217,D,0
-17.0885,30.588,317.6,2023-08-09,1217,D,0
-17.0732,30.4143,322.6,2023-08-09,1217,D,0
-17.0213,30.4417,324.4,2023-08-09,1217,D,0
-17.0807,29.9479,316.0,2023-08-09,1217,D,0
-17.1488,29.4656,321.6,2023-08-09,1217,D,0
-17.1368,29.4756,337.9,2023-08-09,1217,D,0
-17.1387,29.4638,344.9,2023-08-09,1217,D,0
-17.1072,29.5937,323.3,2023-08-09,1217,D,0
-17.0436,29.9148,324.4,2023-08-09,1217,D,0
-17.0457,29.9021,323.4,2023-08-09,1217,D,0
-17.0971,29.592,348.9,2023-08-09,1217,D,0
-17.105,29.5436,320.2,2023-08-09,1217,D,0
-17.0818,29.4958,317.4,2023-08-09,1217,D,0
-17.0698,29.5059,320.0,2023-08-09,1217,D,0
-17.0718,29.494,326.4,2023-08-09,1217,D,0
-16.7538,31.1382,316.1,2023-08-09,1217,D,0
-16.7565,31.1225,320.5,2023-08-09,1217,D,0
-16.7455,31.1308,318.5,2023-08-09,1217,D,0
-16.8326,30.4674,316.4,2023-08-09,1217,D,0
-16.9487,29.7552,329.6,2023-08-09,1217,D,0
-16.9507,29.7425,326.0,2023-08-09,1217,D,0
-16.5991,31.6411,320.0,2023-08-09,1217,D,0
-16.5874,31.6387,326.5,2023-08-09,1217,D,0
-16.5903,31.6219,317.9,2023-08-09,1217,D,0
-16.7393,30.7564,323.5,2023-08-09,1217,D,0
-16.7283,30.7544,341.1,2023-08-09,1217,D,0
-16.7308,30.7397,331.4,2023-08-09,1217,D,0
-16.6435,31.1124,316.0,2023-08-09,1217,D,0
-16.9824,29.1014,322.0,2023-08-09,1217,D,0
-16.9843,29.0901,321.7,2023-08-09,1217,D,0
-17.0097,28.9332,318.6,2023-08-09,1217,D,0
-17.006,28.9372,319.8,2023-08-09,1217,D,0
-16.6423,31.1212,316.4,2023-08-09,1217,D,0
-16.8407,29.5888,320.6,2023-08-09,1217,D,0
-16.8306,29.587,323.3,2023-08-09,1217,D,0
-16.749,29.784,320.3,2023-08-09,1217,D,0
-16.6836,30.1188,320.7,2023-08-09,1217,D,0
-16.7508,29.6431,332.1,2023-08-09,1217,D,0
-16.7528,29.6307,351.7,2023-08-09,1217,D,0
-16.8178,29.1657,350.6,2023-08-09,1217,D,0
-16.8197,29.1543,336.0,2023-08-09,1217,D,0
-16.4648,30.8727,315.0,2023-08-09,1217,D,0
-16.7257,29.287,320.6,2023-08-09,1217,D,0
-16.4612,30.8259,318.9,2023-08-09,1217,D,0
-16.4875,29.992,319.8,2023-08-09,1217,D,0
-16.4978,29.4915,320.1,2023-08-09,1217,D,0
-16.4998,29.4793,316.3,2023-08-09,1217,D,0
-16.4976,29.429,333.0,2023-08-09,1217,D,0
-16.4996,29.4168,337.9,2023-08-09,1217,D,0
-16.4029,29.8761,338.8,2023-08-09,1217,D,0
-16.3925,29.8744,324.7,2023-08-09,1217,D,0
-16.396,29.8828,326.3,2023-08-09,1217,D,0
-16.3981,29.8697,329.8,2023-08-09,1217,D,0
-16.3162,29.473,318.8,2023-08-09,1217,D,0
-16.0479,30.9477,321.0,2023-08-09,1217,D,0
-17.3612,28.4703,306.1,2023-08-09,2049,N,0
-16.7267,31.1809,329.7,2023-08-10,741,D,0
-16.7344,31.1693,307.2,2023-08-10,741,D,0
-16.736,31.1794,308.5,2023-08-10,741,D,0
-16.825,31.0336,312.1,2023-08-10,741,D,0
-16.9505,31.0842,311.3,2023-08-10,741,D,0
-16.9521,31.0943,308.9,2023-08-10,741,D,0
-16.6657,29.1239,315.5,2023-08-10,741,D,0
-16.9413,30.7792,312.2,2023-08-10,741,D,0
-16.9751,30.9966,309.4,2023-08-10,741,D,0
-16.9663,30.7532,313.2,2023-08-10,741,D,0
-16.9679,30.764,321.0,2023-08-10,741,D,0
-16.8289,29.748,325.9,2023-08-10,741,D,0
-16.8533,29.4622,309.6,2023-08-10,741,D,0
-17.0819,30.6229,316.0,2023-08-10,741,D,0
-17.0836,30.6335,328.8,2023-08-10,741,D,0
-17.0032,29.4297,311.8,2023-08-10,741,D,0
-17.1976,30.586,318.5,2023-08-10,741,D,0
-17.1993,30.5967,318.8,2023-08-10,741,D,0
-17.1303,30.0312,337.3,2023-08-10,741,D,0
-17.1321,30.0425,311.4,2023-08-10,741,D,0
-17.131,30.025,317.9,2023-08-10,741,D,0
-17.1329,30.0364,325.6,2023-08-10,741,D,0
-17.2805,30.7725,310.9,2023-08-10,741,D,0
-17.1671,29.9361,308.2,2023-08-10,741,D,0
-17.4871,30.5123,308.4,2023-08-10,741,D,0
-17.3082,28.2645,308.7,2023-08-10,741,D,0
-19.2549,27.8346,311.6,2023-08-10,741,D,0
-19.2557,27.8277,308.4,2023-08-10,741,D,0
-19.8322,28.4221,318.1,2023-08-10,741,D,0
-19.8245,28.416,314.9,2023-08-10,741,D,0
-18.1879,26.0959,313.7,2023-08-10,1259,D,0
-18.1934,26.1059,317.3,2023-08-10,1259,D,0
-18.1804,26.134,313.2,2023-08-10,1259,D,0
-16.7951,29.4317,306.0,2023-08-10,1952,N,0
-16.1446,30.8573,308.3,2023-08-11,821,D,0
-16.1479,30.8502,308.1,2023-08-11,821,D,0
-18.1872,26.1406,313.0,2023-08-11,822,D,0
-20.8286,31.7882,314.2,2023-08-11,1202,D,0
-18.206,26.1295,328.4,2023-08-11,1202,D,0
-18.5244,32.1934,320.7,2023-08-11,1202,D,0
-21.0288,31.7453,314.7,2023-08-11,1202,D,0
-16.1872,29.5947,331.5,2023-08-11,1203,D,0
-16.1948,29.6054,316.3,2023-08-11,1203,D,0
-16.1962,29.5961,318.8,2023-08-11,1203,D,0
-16.1886,29.5855,321.8,2023-08-11,1203,D,0
-16.8798,29.5826,336.2,2023-08-11,1203,D,0
-16.4068,29.8553,323.2,2023-08-11,1203,D,0
-16.3673,30.0008,317.9,2023-08-11,1203,D,0
-16.2753,30.0662,339.9,2023-08-11,1203,D,0
-16.3146,29.5354,315.1,2023-08-11,1203,D,0
-16.016,30.8817,337.6,2023-08-11,1203,D,0
-16.0175,30.8721,340.8,2023-08-11,1203,D,0
-16.1744,29.5858,306.2,2023-08-11,2033,N,0
-18.174,26.1261,304.0,2023-08-11,2033,N,0
-18.1802,26.1467,302.8,2023-08-11,2033,N,0
-17.7853,30.6844,323.0,2023-08-12,724,D,0
-16.6894,31.2061,306.1,2023-08-12,724,D,0
-16.6925,31.2242,314.8,2023-08-12,724,D,0
-17.4024,31.5184,318.7,2023-08-12,724,D,0
-17.6638,30.4502,311.3,2023-08-12,724,D,0
-18.2047,32.5009,308.2,2023-08-12,724,D,0
-18.734,31.1384,314.2,2023-08-12,725,D,0
-19.9962,30.9583,307.8,2023-08-12,725,D,0
-18.0598,29.8592,311.5,2023-08-12,725,D,0
-18.0597,29.8749,310.0,2023-08-12,725,D,0
-18.7193,31.1234,312.0,2023-08-12,725,D,0
-18.7223,31.1406,312.9,2023-08-12,725,D,0
-18.7311,31.1213,310.6,2023-08-12,725,D,0
-18.7402,31.1313,318.6,2023-08-12,725,D,0
-19.8392,29.5142,314.3,2023-08-12,1244,D,0
-20.0865,29.7325,311.9,2023-08-12,1244,D,0
-20.0726,29.7603,313.6,2023-08-12,1244,D,0
-19.8449,29.5074,311.1,2023-08-12,1244,D,0
-18.2068,26.1621,321.4,2023-08-12,1244,D,0
-18.2104,26.1418,320.5,2023-08-12,1244,D,0
-18.232,25.881,346.3,2023-08-12,1244,D,0
-18.2355,25.8618,347.6,2023-08-12,1244,D,0
-18.2315,25.8757,349.7,2023-08-12,1244,D,0
-18.2348,25.8564,327.8,2023-08-12,1244,D,0
-17.0703,29.1497,302.3,2023-08-12,2336,N,0
-19.0252,30.7516,305.4,2023-08-12,2337,N,0
-18.8674,30.5617,313.5,2023-08-12,2337,N,0
-18.1931,26.1743,301.7,2023-08-12,2337,N,0
-16.4991,31.2444,324.2,2023-08-13,805,D,0
-16.5008,31.258,312.9,2023-08-13,805,D,0
-16.6047,31.1834,310.2,2023-08-13,805,D,0
-16.6064,31.1968,310.4,2023-08-13,805,D,0
-16.7967,31.9947,313.0,2023-08-13,805,D,0
-16.5134,29.6244,321.4,2023-08-13,805,D,0
-16.5148,29.6352,317.2,2023-08-13,805,D,0
-16.596,30.0041,310.6,2023-08-13,805,D,0
-16.5314,29.2917,320.7,2023-08-13,805,D,0
-16.1236,30.4517,313.8,2023-08-13,805,D,0
-16.1839,30.3652,316.1,2023-08-13,805,D,0
-16.2683,30.0756,327.5,2023-08-13,805,D,0
-16.6825,29.5883,313.5,2023-08-13,805,D,0
-16.7948,30.4379,315.1,2023-08-13,805,D,0
-16.7785,29.5464,313.4,2023-08-13,805,D,0
-16.78,29.5572,336.6,2023-08-13,805,D,0
-16.9154,30.0347,328.1,2023-08-13,805,D,0
-16.9169,30.0462,320.8,2023-08-13,805,D,0
-16.9592,29.9752,312.2,2023-08-13,805,D,0
-17.4541,30.4927,313.2,2023-08-13,805,D,0
-17.4557,30.5052,326.2,2023-08-13,805,D,0
-17.312,28.0107,320.9,2023-08-13,805,D,0
-17.7538,31.3964,309.2,2023-08-13,805,D,0
-17.9785,31.2799,308.6,2023-08-13,805,D,0
-17.9569,30.4526,310.8,2023-08-13,805,D,0
-18.1656,31.8842,309.7,2023-08-13,805,D,0
-18.0545,30.6702,341.4,2023-08-13,805,D,0
-18.1271,29.6299,321.4,2023-08-13,805,D,0
-18.1354,29.6172,314.0,2023-08-13,805,D,0
-18.1369,29.6286,357.6,2023-08-13,805,D,0
-18.6329,30.4771,315.8,2023-08-13,805,D,0
-18.753,30.3958,320.4,2023-08-13,805,D,0
-18.8587,30.0912,340.5,2023-08-13,805,D,0
-18.3727,26.4793,324.8,2023-08-13,805,D,0
-18.8689,30.0898,311.7,2023-08-13,805,D,0
-19.0336,30.7542,313.6,2023-08-13,805,D,0
-16.6864,30.3109,312.0,2023-08-13,805,D,0
-16.688,30.323,313.0,2023-08-13,805,D,0
-20.1179,28.5639,317.6,2023-08-13,806,D,0
-19.6924,28.9662,364.1,2023-08-13,806,D,0
-19.6939,28.9772,319.9,2023-08-13,806,D,0
-19.6828,28.9675,312.4,2023-08-13,806,D,0
-20.011,30.9994,373.1,2023-08-13,1147,D,0
-20.0125,30.9879,357.2,2023-08-13,1147,D,0
-19.8635,29.9032,325.4,2023-08-13,1147,D,0
-19.8618,29.9167,314.3,2023-08-13,1147,D,0
-20.2196,28.7374,319.7,2023-08-13,1147,D,0
-19.9089,31.24,327.1,2023-08-13,1147,D,0
-19.965,30.9634,322.0,2023-08-13,1147,D,0
-19.9635,30.9752,331.1,2023-08-13,1147,D,0
-20.2267,28.7433,321.4,2023-08-13,1147,D,0
-19.9644,30.9688,336.4,2023-08-13,1147,D,0
-19.9629,30.9806,320.4,2023-08-13,1147,D,0
-19.9743,30.9702,327.4,2023-08-13,1147,D,0
-20.0095,31.0112,324.5,2023-08-13,1147,D,0
-20.997,32.3622,321.3,2023-08-13,1147,D,0
-20.9465,31.7938,316.6,2023-08-13,1147,D,0
-20.021,31.0008,319.8,2023-08-13,1147,D,0
-20.0818,31.0878,316.1,2023-08-13,1147,D,0
-20.3782,28.419,321.0,2023-08-13,1147,D,0
-20.3726,28.4115,321.3,2023-08-13,1147,D,0
-19.9629,31.4485,318.1,2023-08-13,1147,D,0
-18.0564,29.9752,328.9,2023-08-13,1148,D,0
-19.7922,28.9713,317.1,2023-08-13,1148,D,0
-19.794,28.9555,318.4,2023-08-13,1148,D,0
-19.4744,31.3807,318.9,2023-08-13,1148,D,0
-19.4344,31.3571,319.2,2023-08-13,1148,D,0
-19.6154,29.949,319.6,2023-08-13,1148,D,0
-19.4587,30.8617,326.3,2023-08-13,1148,D,0
-19.4602,30.8498,324.7,2023-08-13,1148,D,0
-19.6894,28.9672,321.1,2023-08-13,1148,D,0
-19.6912,28.9512,319.6,2023-08-13,1148,D,0
-19.4488,30.8602,362.4,2023-08-13,1148,D,0
-19.4503,30.8484,370.3,2023-08-13,1148,D,0
-19.678,28.9658,334.4,2023-08-13,1148,D,0
-19.6798,28.9498,349.7,2023-08-13,1148,D,0
-19.4389,30.8588,319.7,2023-08-13,1148,D,0
-19.4404,30.847,324.6,2023-08-13,1148,D,0
-19.4857,30.4834,321.6,2023-08-13,1148,D,0
-19.4507,30.6108,321.4,2023-08-13,1148,D,0
-19.4942,29.8443,319.3,2023-08-13,1148,D,0
-19.2858,30.8605,352.1,2023-08-13,1148,D,0
-19.2873,30.8488,340.1,2023-08-13,1148,D,0
-19.3752,30.0659,331.7,2023-08-13,1148,D,0
-19.3768,30.0527,324.8,2023-08-13,1148,D,0
-19.1617,31.5163,330.4,2023-08-13,1148,D,0
-19.1574,31.5212,314.9,2023-08-13,1148,D,0
-19.1588,31.5104,322.2,2023-08-13,1148,D,0
-18.995,32.5732,326.0,2023-08-13,1148,D,0
-18.9726,32.3274,333.7,2023-08-13,1148,D,0
-18.9634,32.326,329.3,2023-08-13,1148,D,0
-19.1255,30.6804,315.4,2023-08-13,1148,D,0
-18.9401,31.8802,321.8,2023-08-13,1148,D,0
-19.043,30.9262,335.3,2023-08-13,1148,D,0
-19.0792,30.5704,324.4,2023-08-13,1148,D,0
-18.8018,32.3704,327.8,2023-08-13,1148,D,0
-19.1359,29.7839,315.9,2023-08-13,1148,D,0
-18.7926,32.369,327.7,2023-08-13,1148,D,0
-19.1253,29.7823,327.6,2023-08-13,1148,D,0
-19.1269,29.7688,315.9,2023-08-13,1148,D,0
-18.98,30.8699,330.6,2023-08-13,1148,D,0
-19.317,28.0277,332.1,2023-08-13,1148,D,0
-19.3191,28.0094,348.0,2023-08-13,1148,D,0
-19.3049,28.0262,322.1,2023-08-13,1148,D,0
-19.3069,28.0079,336.1,2023-08-13,1148,D,0
-19.3127,28.0202,356.7,2023-08-13,1148,D,0
-19.3149,28.0018,339.9,2023-08-13,1148,D,0
-18.9441,30.6665,321.5,2023-08-13,1148,D,0
-18.799,31.5591,317.9,2023-08-13,1148,D,0
-18.8004,31.5484,324.9,2023-08-13,1148,D,0
-19.0333,29.6934,319.6,2023-08-13,1148,D,0
-18.78,31.4528,321.4,2023-08-13,1148,D,0
-18.7814,31.4421,376.7,2023-08-13,1148,D,0
-18.7828,31.4314,317.7,2023-08-13,1148,D,0
-18.7719,31.4407,385.5,2023-08-13,1148,D,0
-18.7733,31.43,344.4,2023-08-13,1148,D,0
-18.6529,32.1836,316.0,2023-08-13,1148,D,0
-18.8671,30.0772,316.2,2023-08-13,1148,D,0
-18.7544,30.3939,319.8,2023-08-13,1148,D,0
-18.7559,30.3816,322.2,2023-08-13,1148,D,0
-18.7568,30.3888,325.1,2023-08-13,1148,D,0
-18.4933,31.7217,349.9,2023-08-13,1148,D,0
-18.4947,31.7112,341.1,2023-08-13,1148,D,0
-18.6222,30.7231,317.1,2023-08-13,1148,D,0
-18.4865,31.7247,325.0,2023-08-13,1148,D,0
-18.488,31.7143,343.8,2023-08-13,1148,D,0
-18.4772,31.7233,349.8,2023-08-13,1148,D,0
-18.4786,31.713,351.7,2023-08-13,1148,D,0
-18.48,31.7026,326.6,2023-08-13,1148,D,0
-18.4678,31.722,317.7,2023-08-13,1148,D,0
-18.4692,31.7116,352.1,2023-08-13,1148,D,0
-18.4706,31.7012,326.7,2023-08-13,1148,D,0
-18.3509,32.3724,315.0,2023-08-13,1148,D,0
-18.3522,32.3626,319.1,2023-08-13,1148,D,0
-18.6056,30.4477,333.9,2023-08-13,1148,D,0
-18.6071,30.4356,358.3,2023-08-13,1148,D,0
-18.3962,31.9,324.2,2023-08-13,1148,D,0
-18.4807,31.0167,317.8,2023-08-13,1148,D,0
-18.4822,31.0055,318.1,2023-08-13,1148,D,0
-18.4229,31.377,325.3,2023-08-13,1148,D,0
-18.1925,32.2549,325.1,2023-08-13,1148,D,0
-18.1939,32.2451,326.4,2023-08-13,1148,D,0
-18.2446,31.8028,330.8,2023-08-13,1148,D,0
-18.4537,30.2011,324.2,2023-08-13,1148,D,0
-18.5731,29.2365,315.8,2023-08-13,1148,D,0
-18.5622,29.2352,327.6,2023-08-13,1148,D,0
-18.3892,30.237,371.9,2023-08-13,1148,D,0
-18.3908,30.2247,343.5,2023-08-13,1148,D,0
-18.1624,31.8059,318.7,2023-08-13,1148,D,0
-18.17,31.6076,319.0,2023-08-13,1148,D,0
-18.1714,31.5973,337.8,2023-08-13,1148,D,0
-18.1127,31.9637,315.7,2023-08-13,1148,D,0
-18.3922,29.7957,321.4,2023-08-13,1148,D,0
-18.3817,29.7943,321.8,2023-08-13,1148,D,0
-18.3442,30.0137,316.3,2023-08-13,1148,D,0
-18.0724,31.5756,315.1,2023-08-13,1148,D,0
-18.1965,30.4629,327.4,2023-08-13,1148,D,0
-18.198,30.451,328.0,2023-08-13,1148,D,0
-18.1978,30.4576,330.8,2023-08-13,1148,D,0
-18.0944,31.1612,318.0,2023-08-13,1148,D,0
-18.0959,31.1503,322.7,2023-08-13,1148,D,0
-18.1987,30.3722,316.8,2023-08-13,1148,D,0
-18.1177,30.8366,340.4,2023-08-13,1148,D,0
-18.1192,30.8253,327.9,2023-08-13,1148,D,0
-18.188,30.1339,341.7,2023-08-13,1148,D,0
-18.1896,30.1214,345.6,2023-08-13,1148,D,0
-18.1912,30.1089,330.3,2023-08-13,1148,D,0
-18.1794,30.1199,321.6,2023-08-13,1148,D,0
-18.181,30.1074,328.5,2023-08-13,1148,D,0
-18.1007,30.6593,318.3,2023-08-13,1148,D,0
-18.1022,30.6477,343.7,2023-08-13,1148,D,0
-17.9371,31.5005,318.4,2023-08-13,1148,D,0
-18.1595,29.7983,337.2,2023-08-13,1148,D,0
-18.1611,29.7852,330.0,2023-08-13,1148,D,0
-17.9277,31.4991,340.3,2023-08-13,1148,D,0
-18.1961,29.4193,316.1,2023-08-13,1148,D,0
-17.952,31.2443,320.9,2023-08-13,1148,D,0
-18.1372,29.6333,318.2,2023-08-13,1148,D,0
-17.9978,30.2704,331.6,2023-08-13,1148,D,0
-17.9993,30.2582,321.8,2023-08-13,1148,D,0
-17.9561,30.4358,327.2,2023-08-13,1148,D,0
-17.9576,30.424,319.8,2023-08-13,1148,D,0
-17.7972,31.5056,331.6,2023-08-13,1148,D,0
-17.9083,30.5728,319.0,2023-08-13,1148,D,0
-17.9291,30.4078,325.1,2023-08-13,1148,D,0
-17.9306,30.3959,351.4,2023-08-13,1148,D,0
-17.9382,30.3358,318.4,2023-08-13,1148,D,0
-17.9397,30.3238,341.7,2023-08-13,1148,D,0
-17.9412,30.3117,325.4,2023-08-13,1148,D,0
-17.9062,30.5777,322.0,2023-08-13,1148,D,0
-17.928,30.4132,321.5,2023-08-13,1148,D,0
-17.9296,30.4012,337.2,2023-08-13,1148,D,0
-17.9311,30.3893,324.1,2023-08-13,1148,D,0
-17.939,30.3293,332.9,2023-08-13,1148,D,0
-17.9406,30.3172,330.4,2023-08-13,1148,D,0
-17.7447,31.5653,326.7,2023-08-13,1148,D,0
-17.7288,31.5416,328.6,2023-08-13,1148,D,0
-17.7546,31.2027,319.5,2023-08-13,1148,D,0
-17.8835,29.9771,321.6,2023-08-13,1148,D,0
-17.8646,29.9614,343.1,2023-08-13,1148,D,0
-17.8662,29.9487,323.2,2023-08-13,1148,D,0
-17.6335,30.9517,358.5,2023-08-13,1148,D,0
-17.635,30.9407,342.3,2023-08-13,1148,D,0
-17.7756,29.5995,318.8,2023-08-13,1148,D,0
-17.591,30.9007,337.5,2023-08-13,1148,D,0
-17.5924,30.8895,336.8,2023-08-13,1148,D,0
-17.6328,30.574,322.7,2023-08-13,1148,D,0
-17.6313,30.58,322.5,2023-08-13,1148,D,0
-17.6253,30.4731,354.4,2023-08-13,1148,D,0
-17.7658,29.1167,358.2,2023-08-13,1148,D,0
-17.7676,29.1025,327.9,2023-08-13,1148,D,0
-17.7345,28.0573,320.7,2023-08-13,1148,D,0
-17.7365,28.0404,336.1,2023-08-13,1148,D,0
-17.3247,30.5864,348.1,2023-08-13,1148,D,0
-17.4605,29.4506,317.9,2023-08-13,1148,D,0
-17.4487,29.283,321.2,2023-08-13,1148,D,0
-17.1763,30.9443,320.1,2023-08-13,1148,D,0
-17.1777,30.9336,325.7,2023-08-13,1148,D,0
-17.1667,30.9429,323.2,2023-08-13,1148,D,0
-17.1681,30.9322,358.0,2023-08-13,1148,D,0
-17.092,31.2146,323.0,2023-08-13,1148,D,0
-16.8027,32.0019,322.7,2023-08-13,1148,D,0
-17.0745,29.1474,320.8,2023-08-13,1148,D,0
-17.0637,29.1459,329.1,2023-08-13,1148,D,0
-16.4439,32.1405,317.8,2023-08-13,1148,D,0
-16.5442,31.1937,331.4,2023-08-13,1148,D,0
-16.4285,29.4853,318.9,2023-08-13,1148,D,0
-16.3505,29.855,334.9,2023-08-13,1148,D,0
-16.3506,29.8606,324.6,2023-08-13,1148,D,0
-16.1707,30.2241,320.2,2023-08-13,1148,D,0
-16.1311,30.4488,323.4,2023-08-13,1148,D,0
-16.5229,29.5339,309.8,2023-08-13,2016,N,0
-18.424,31.6235,323.4,2023-08-13,2016,N,0
-17.8421,30.7199,308.2,2023-08-13,2016,N,0
-18.3695,26.4802,304.6,2023-08-13,2016,N,0
-17.6399,30.7143,318.4,2023-08-13,2016,N,0
-17.6414,30.7046,305.3,2023-08-13,2016,N,0
-17.6308,30.7128,302.5,2023-08-13,2016,N,0
-17.4588,30.6922,308.0,2023-08-13,2016,N,0
-17.4497,30.6907,301.3,2023-08-13,2016,N,0
-16.5991,29.7716,310.6,2023-08-13,2016,N,0
-16.5216,29.5432,302.3,2023-08-13,2016,N,0
-17.4741,30.6653,312.4,2023-08-14,708,D,0
-17.4819,30.7052,313.6,2023-08-14,708,D,0
-17.4849,30.6992,323.7,2023-08-14,708,D,0
-18.4239,31.6305,313.5,2023-08-14,708,D,0
-18.4335,31.6212,309.8,2023-08-14,708,D,0
-19.9416,30.7813,307.9,2023-08-14,709,D,0
-20.9234,29.5435,328.3,2023-08-14,1229,D,0
-20.9265,29.5262,327.6,2023-08-14,1229,D,0
-20.9181,29.5372,333.7,2023-08-14,1229,D,0
-20.9211,29.5201,319.8,2023-08-14,1229,D,0
-20.1273,32.6369,317.8,2023-08-14,1229,D,0
-20.1332,32.6076,314.9,2023-08-14,1229,D,0
-20.1307,32.6324,320.8,2023-08-14,1229,D,0
-20.3263,31.322,318.2,2023-08-14,1229,D,0
-20.3145,31.3376,318.0,2023-08-14,1229,D,0
-20.5799,29.4645,318.6,2023-08-14,1229,D,0
-20.5682,29.4617,323.7,2023-08-14,1229,D,0
-20.5713,29.4449,316.4,2023-08-14,1229,D,0
-19.9632,32.081,320.8,2023-08-14,1229,D,0
-19.9615,32.0726,318.0,2023-08-14,1229,D,0
-20.3754,29.7781,326.7,2023-08-14,1229,D,0
-20.0224,31.3065,317.2,2023-08-14,1229,D,0
-20.0041,31.3275,316.9,2023-08-14,1229,D,0
-20.0088,31.3035,326.8,2023-08-14,1229,D,0
-20.0129,31.324,328.4,2023-08-14,1229,D,0
-20.0174,31.2999,325.4,2023-08-14,1229,D,0
-20.3143,29.6092,316.3,2023-08-14,1229,D,0
-20.3701,29.2271,318.1,2023-08-14,1229,D,0
-20.3731,29.2104,316.5,2023-08-14,1229,D,0
-20.0033,31.0055,317.0,2023-08-14,1229,D,0
-20.0077,30.9823,315.3,2023-08-14,1229,D,0
-20.008,30.9991,321.0,2023-08-14,1229,D,0
-20.1984,29.5966,327.6,2023-08-14,1229,D,0
-20.1833,29.6118,331.0,2023-08-14,1229,D,0
-20.1865,29.5941,328.3,2023-08-14,1229,D,0
-20.3599,28.6232,320.4,2023-08-14,1229,D,0
-20.1713,29.6092,350.1,2023-08-14,1229,D,0
-20.1746,29.5914,323.5,2023-08-14,1229,D,0
-19.9527,30.7091,336.0,2023-08-14,1229,D,0
-19.9569,30.6875,318.6,2023-08-14,1229,D,0
-19.9397,30.7064,321.9,2023-08-14,1229,D,0
-19.9438,30.6847,357.8,2023-08-14,1229,D,0
-19.9571,30.705,335.9,2023-08-14,1229,D,0
-19.944,30.7023,329.9,2023-08-14,1229,D,0
-19.948,30.6806,336.7,2023-08-14,1229,D,0
-19.931,30.6995,318.8,2023-08-14,1229,D,0
-19.935,30.6778,349.9,2023-08-14,1229,D,0
-20.1534,28.6804,317.7,2023-08-14,1229,D,0
-20.1666,28.5409,323.7,2023-08-14,1229,D,2
-19.8661,30.1199,320.8,2023-08-14,1229,D,0
-20.1031,28.8321,320.4,2023-08-14,1229,D,0
-20.165,28.5506,321.4,2023-08-14,1229,D,2
-20.1061,28.8272,320.7,2023-08-14,1229,D,0
-19.8666,30.1146,321.3,2023-08-14,1229,D,0
-19.8702,30.0948,319.0,2023-08-14,1229,D,0
-19.9583,29.6027,320.7,2023-08-14,1229,D,0
-19.9615,29.5846,319.0,2023-08-14,1229,D,0
-19.9463,29.6002,328.7,2023-08-14,1229,D,0
-19.9496,29.5821,360.2,2023-08-14,1229,D,0
-19.9528,29.564,330.1,2023-08-14,1229,D,0
-20.1026,28.7126,318.6,2023-08-14,1229,D,0
-20.0581,28.8337,320.7,2023-08-14,1229,D,0
-20.0609,28.8178,326.3,2023-08-14,1229,D,0
-20.1651,28.0261,319.7,2023-08-14,1229,D,0
-20.1675,28.0122,320.4,2023-08-14,1229,D,0
-20.1614,28.0185,324.6,2023-08-14,1229,D,0
-19.5406,29.8823,320.9,2023-08-14,1229,D,0
-19.5442,29.8632,320.6,2023-08-14,1229,D,0
-19.54,29.8771,323.4,2023-08-14,1229,D,0
-19.485,29.6894,333.8,2023-08-14,1229,D,0
-19.4784,29.6998,323.4,2023-08-14,1229,D,0
-19.4817,29.6813,328.4,2023-08-14,1229,D,0
-19.4728,29.6602,328.9,2023-08-14,1229,D,0
-19.088,31.5068,320.4,2023-08-14,1229,D,0
-19.086,31.5013,320.3,2023-08-14,1229,D,0
-18.9074,32.364,315.5,2023-08-14,1229,D,0
-19.1879,30.649,321.6,2023-08-14,1229,D,0
-19.0786,30.9333,318.5,2023-08-14,1229,D,0
-19.0943,30.5761,324.1,2023-08-14,1229,D,0
-19.0984,30.5542,317.0,2023-08-14,1229,D,0
-18.7737,32.1697,320.8,2023-08-14,1229,D,0
-18.7795,32.1405,334.7,2023-08-14,1229,D,0
-18.7646,32.1375,316.3,2023-08-14,1229,D,0
-18.7765,32.1656,324.2,2023-08-14,1229,D,0
-18.7821,32.1363,324.8,2023-08-14,1229,D,0
-18.7,31.4499,326.7,2023-08-14,1229,D,0
-18.705,31.4243,332.3,2023-08-14,1229,D,0
-18.628,31.7399,317.8,2023-08-14,1229,D,0
-18.6982,31.4446,330.3,2023-08-14,1229,D,0
-18.7031,31.4189,326.3,2023-08-14,1229,D,0
-18.6232,31.7619,315.7,2023-08-14,1229,D,0
-18.6283,31.7349,315.3,2023-08-14,1229,D,0
-18.5318,32.1565,317.9,2023-08-14,1229,D,0
-18.5308,31.7705,321.8,2023-08-14,1229,D,0
-18.5297,31.7624,322.5,2023-08-14,1229,D,0
-18.3913,32.3973,315.6,2023-08-14,1229,D,0
-18.2451,32.596,317.3,2023-08-14,1229,D,0
-18.4712,31.4353,317.6,2023-08-14,1229,D,0
-18.6248,30.403,316.0,2023-08-14,1229,D,0
-18.5664,30.3615,315.4,2023-08-14,1229,D,0
-18.4083,31.1232,324.7,2023-08-14,1229,D,0
-18.3944,31.1203,325.5,2023-08-14,1229,D,0
-18.4004,31.1421,317.2,2023-08-14,1230,D,0
-18.4049,31.1174,330.8,2023-08-14,1230,D,0
-18.3999,30.9133,315.6,2023-08-14,1230,D,0
-18.336,30.8754,319.4,2023-08-14,1230,D,0
-18.4325,30.2327,319.7,2023-08-14,1230,D,0
-18.4364,30.2114,319.2,2023-08-14,1230,D,0
-18.1973,31.1643,315.1,2023-08-14,1230,D,0
-18.2693,30.3278,328.8,2023-08-14,1230,D,0
-18.2561,30.3252,331.6,2023-08-14,1230,D,0
-18.3223,30.0444,316.9,2023-08-14,1230,D,0
-18.2554,30.3405,322.5,2023-08-14,1230,D,0
-18.2594,30.3185,336.1,2023-08-14,1230,D,0
-17.9878,31.4655,325.1,2023-08-14,1230,D,0
-17.9931,31.4381,316.2,2023-08-14,1230,D,0
-17.9876,31.4602,328.7,2023-08-14,1230,D,0
-18.022,31.1941,320.2,2023-08-14,1230,D,0
-18.2132,29.9956,319.3,2023-08-14,1230,D,0
-17.767,31.8125,318.7,2023-08-14,1230,D,0
-18.0602,30.1757,318.2,2023-08-14,1230,D,0
-17.7554,31.3172,320.8,2023-08-14,1230,D,0
-17.9355,29.9206,317.0,2023-08-14,1230,D,0
-17.5325,31.7517,314.9,2023-08-14,1230,D,0
-17.7358,30.3638,322.8,2023-08-14,1230,D,0
-17.5867,31.0796,315.9,2023-08-14,1230,D,0
-17.5782,31.0961,316.9,2023-08-14,1230,D,0
-18.372,26.4798,324.5,2023-08-14,1230,D,0
-17.6809,30.2299,330.7,2023-08-14,1230,D,0
-17.6003,30.5896,321.3,2023-08-14,1230,D,0
-17.4318,31.3994,319.1,2023-08-14,1230,D,0
-17.5868,30.5863,320.0,2023-08-14,1230,D,0
-17.5906,30.6077,321.5,2023-08-14,1230,D,0
-17.5949,30.5834,319.5,2023-08-14,1230,D,0
-17.432,31.3947,320.7,2023-08-14,1230,D,0
-17.3595,31.3803,322.2,2023-08-14,1230,D,0
-17.4306,30.93,318.9,2023-08-14,1230,D,0
-17.517,30.4722,316.7,2023-08-14,1230,D,0
-17.2723,31.5949,316.9,2023-08-14,1230,D,0
-17.3978,30.9493,318.7,2023-08-14,1230,D,0
-17.4026,30.9244,316.9,2023-08-14,1230,D,0
-17.5093,30.4631,321.8,2023-08-14,1230,D,0
-17.3933,30.9409,325.1,2023-08-14,1230,D,0
-17.2604,31.4095,318.2,2023-08-14,1230,D,0
-17.2611,31.4048,316.0,2023-08-14,1230,D,0
-17.3553,30.5002,317.6,2023-08-14,1230,D,0
-17.2519,30.3284,318.3,2023-08-14,1230,D,0
-17.2561,30.306,319.8,2023-08-14,1230,D,0
-17.2454,30.3221,325.1,2023-08-14,1230,D,0
-17.2494,30.2996,318.8,2023-08-14,1230,D,0
-17.062,30.7738,317.2,2023-08-14,1230,D,0
-17.1165,30.4876,322.6,2023-08-14,1230,D,0
-17.057,30.7651,320.6,2023-08-14,1230,D,0
-17.1052,30.5024,318.0,2023-08-14,1230,D,0
-17.1095,30.4789,329.9,2023-08-14,1230,D,0
-17.043,30.7624,315.4,2023-08-14,1230,D,0
-16.8545,31.6832,316.5,2023-08-14,1230,D,0
-16.8278,31.7409,330.1,2023-08-14,1230,D,0
-16.8336,31.7107,332.3,2023-08-14,1230,D,0
-17.088,30.143,319.5,2023-08-14,1230,D,0
-16.8316,31.7365,330.9,2023-08-14,1230,D,0
-16.8372,31.7063,325.5,2023-08-14,1230,D,0
-17.0807,30.1365,332.1,2023-08-14,1230,D,0
-16.7661,31.5086,321.7,2023-08-14,1230,D,0
-17.2224,28.9864,321.6,2023-08-14,1230,D,0
-17.2322,28.9316,324.8,2023-08-14,1230,D,0
-17.2183,28.9785,323.1,2023-08-14,1230,D,0
-17.2247,28.9416,329.9,2023-08-14,1230,D,0
-17.2278,28.9236,321.0,2023-08-14,1230,D,0
-16.885,29.9717,316.3,2023-08-14,1230,D,0
-16.5822,31.4264,350.3,2023-08-14,1230,D,0
-17.1413,28.3363,321.4,2023-08-14,1230,D,0
-17.142,28.3463,321.5,2023-08-14,1230,D,0
-16.5769,31.4475,328.0,2023-08-14,1230,D,0
-16.5823,31.4188,340.3,2023-08-14,1230,D,0
-16.6309,30.9163,317.1,2023-08-14,1230,D,0
-16.5817,31.02,316.4,2023-08-14,1230,D,0
-16.5868,30.9935,326.7,2023-08-14,1230,D,0
-16.581,31.0147,319.2,2023-08-14,1230,D,0
-16.5858,30.9882,318.4,2023-08-14,1230,D,0
-16.8042,29.1844,323.5,2023-08-14,1230,D,0
-16.8022,29.177,324.2,2023-08-14,1230,D,0
-16.6929,29.4995,318.5,2023-08-14,1230,D,0
-16.6054,29.7769,317.9,2023-08-14,1230,D,0
-16.4935,30.1694,315.1,2023-08-14,1230,D,0
-16.4976,30.1472,329.3,2023-08-14,1230,D,0
-16.4574,29.8553,324.8,2023-08-14,1230,D,0
-16.5149,29.5363,320.3,2023-08-14,1230,D,0
-16.4265,29.8232,315.7,2023-08-14,1230,D,0
-16.3514,29.4934,320.3,2023-08-14,1230,D,0
-16.0932,30.5215,321.0,2023-08-14,1230,D,0
-16.09,30.5159,320.4,2023-08-14,1230,D,0
-16.2474,30.3289,318.2,2023-08-15,748,D,0
-16.404,29.8979,318.2,2023-08-15,748,D,0
-16.4055,29.9075,315.2,2023-08-15,748,D,0
-16.4714,30.1603,315.3,2023-08-15,748,D,0
-16.6057,30.8819,312.8,2023-08-15,748,D,0
-16.8418,32.0715,319.4,2023-08-15,748,D,0
-16.8281,31.9101,321.0,2023-08-15,748,D,0
-16.7165,30.9372,315.5,2023-08-15,748,D,0
-16.9112,31.9108,320.6,2023-08-15,748,D,0
-16.8531,31.3777,319.5,2023-08-15,748,D,0
-16.7054,29.0863,319.6,2023-08-15,748,D,0
-16.7576,29.4283,334.8,2023-08-15,748,D,0
-16.7591,29.4382,317.5,2023-08-15,748,D,0
-16.9125,29.6018,315.4,2023-08-15,748,D,0
-17.1759,31.1242,317.8,2023-08-15,748,D,0
-17.0766,30.1362,319.2,2023-08-15,748,D,0
-17.1575,30.2484,316.5,2023-08-15,749,D,0
-17.1589,30.2577,328.1,2023-08-15,749,D,0
-17.2149,30.1371,328.4,2023-08-15,749,D,0
-17.3643,30.4611,319.9,2023-08-15,749,D,0
-17.429,30.5209,317.4,2023-08-15,749,D,0
-17.4304,30.5302,324.5,2023-08-15,749,D,0
-17.5513,30.9121,316.7,2023-08-15,749,D,0
-17.6836,31.4512,318.4,2023-08-15,749,D,0
-17.5348,30.1766,314.7,2023-08-15,749,D,0
-17.7191,31.3731,315.6,2023-08-15,749,D,0
-17.6788,30.9053,325.1,2023-08-15,749,D,0
-17.7159,31.0983,318.0,2023-08-15,749,D,0
-17.7173,31.1075,316.1,2023-08-15,749,D,0
-17.6703,30.6605,325.2,2023-08-15,749,D,0
-17.6717,30.6697,318.7,2023-08-15,749,D,0
-17.9366,31.8716,312.6,2023-08-15,749,D,0
-17.8376,30.7924,317.0,2023-08-15,749,D,0
-17.839,30.8017,315.6,2023-08-15,749,D,0
-17.7541,30.0424,322.8,2023-08-15,749,D,0
-17.7631,30.041,334.8,2023-08-15,749,D,0
-17.8948,30.3686,324.1,2023-08-15,749,D,0
-17.5607,28.1215,314.8,2023-08-15,749,D,0
-18.04,30.7294,320.6,2023-08-15,749,D,0
-18.0413,30.7386,326.3,2023-08-15,749,D,0
-18.22,31.2747,313.9,2023-08-15,749,D,0
-18.2867,31.2871,313.8,2023-08-15,749,D,0
-18.3933,31.9782,319.3,2023-08-15,749,D,0
-18.4024,31.9769,320.1,2023-08-15,749,D,0
-18.5074,32.0045,315.9,2023-08-15,749,D,0
-18.4954,31.5893,320.0,2023-08-15,749,D,0
-18.2593,29.9044,314.5,2023-08-15,749,D,0
-18.3558,30.2452,319.4,2023-08-15,749,D,0
-18.5613,31.534,314.7,2023-08-15,749,D,0
-18.5604,31.0162,352.8,2023-08-15,749,D,0
-18.6104,30.4056,313.4,2023-08-15,749,D,0
-18.8859,32.2148,317.7,2023-08-15,749,D,0
-18.8951,32.2135,322.1,2023-08-15,749,D,0
-18.8964,32.2234,320.1,2023-08-15,749,D,0
-19.0269,31.0565,326.7,2023-08-15,749,D,0
-19.0282,31.0659,321.4,2023-08-15,749,D,0
-19.0797,30.5867,334.2,2023-08-15,749,D,0
-19.081,30.596,334.6,2023-08-15,749,D,0
-19.0899,30.5946,350.5,2023-08-15,749,D,0
-19.0913,30.604,332.9,2023-08-15,749,D,0
-19.0988,30.5932,318.0,2023-08-15,749,D,0
-19.1001,30.6026,315.3,2023-08-15,749,D,0
-19.1981,30.5807,317.2,2023-08-15,749,D,0
-19.249,30.1743,314.3,2023-08-15,749,D,0
-19.2682,30.1808,314.8,2023-08-15,749,D,0
-19.4381,30.9037,324.1,2023-08-15,749,D,0
-19.347,30.0211,331.3,2023-08-15,749,D,0
-19.311,29.6589,340.0,2023-08-15,749,D,0
-19.3124,29.6684,319.0,2023-08-15,749,D,0
-19.6821,31.2597,319.7,2023-08-15,749,D,0
-19.4623,29.6862,321.2,2023-08-15,749,D,0
-19.6663,31.0197,328.3,2023-08-15,749,D,0
-19.6676,31.0292,314.3,2023-08-15,749,D,0
-19.529,29.8828,324.8,2023-08-15,749,D,0
-19.5379,29.8813,319.1,2023-08-15,749,D,0
-19.5398,29.8326,317.1,2023-08-15,749,D,0
-19.5571,29.7036,349.2,2023-08-15,749,D,0
-19.5586,29.7131,355.0,2023-08-15,749,D,0
-19.5661,29.7022,313.8,2023-08-15,749,D,0
-19.5675,29.7117,322.1,2023-08-15,749,D,0
-20.0073,31.2142,316.2,2023-08-15,749,D,0
-20.0086,31.2238,313.5,2023-08-15,749,D,0
-19.6963,28.9782,322.6,2023-08-15,749,D,0
-19.6979,28.9881,314.8,2023-08-15,749,D,0
-19.7054,28.9767,318.1,2023-08-15,749,D,0
-20.0228,29.6736,317.2,2023-08-15,749,D,0
-20.3078,29.6016,321.2,2023-08-15,749,D,0
-20.3092,29.6112,322.3,2023-08-15,749,D,0
-20.9988,32.3505,314.9,2023-08-15,749,D,0
-19.1089,30.5735,326.0,2023-08-15,1133,D,0
-20.9942,32.3395,330.4,2023-08-15,1133,D,0
-20.2099,32.6226,316.3,2023-08-15,1133,D,0
-20.1433,32.6075,315.5,2023-08-15,1133,D,0
-20.2049,31.59,323.8,2023-08-15,1133,D,0
-20.3128,29.5946,326.8,2023-08-15,1133,D,0
-20.2983,29.5929,348.8,2023-08-15,1133,D,0
-20.301,29.5658,324.0,2023-08-15,1133,D,0
-20.4364,27.9627,319.8,2023-08-15,1133,D,0
-20.0697,31.2907,320.0,2023-08-15,1133,D,0
-20.4302,27.9574,318.9,2023-08-15,1133,D,0
-20.0042,31.2985,378.2,2023-08-15,1133,D,0
-20.0064,31.2783,328.7,2023-08-15,1133,D,0
-20.0151,31.1973,320.4,2023-08-15,1133,D,0
-20.0599,30.7728,326.0,2023-08-15,1133,D,0
-20.0622,30.7507,322.4,2023-08-15,1133,D,0
-20.0001,31.2165,335.2,2023-08-15,1133,D,0
-20.0467,30.7713,323.8,2023-08-15,1133,D,0
-20.049,30.7492,333.4,2023-08-15,1133,D,0
-20.0312,30.7918,335.5,2023-08-15,1133,D,0
-20.0335,30.7697,350.2,2023-08-15,1133,D,0
-20.0012,31.3118,339.6,2023-08-15,1133,D,0
-20.0035,31.2915,362.5,2023-08-15,1133,D,0
-20.0127,31.211,321.6,2023-08-15,1133,D,0
-20.063,30.7662,323.2,2023-08-15,1133,D,0
-19.9999,31.2095,332.0,2023-08-15,1133,D,0
-20.0498,30.7647,339.3,2023-08-15,1133,D,0
-20.0522,30.7426,327.1,2023-08-15,1133,D,0
-20.0341,30.7851,342.9,2023-08-15,1133,D,0
-20.0366,30.7632,332.7,2023-08-15,1133,D,0
-20.0212,29.6559,320.9,2023-08-15,1133,D,0
-20.0239,29.6294,324.1,2023-08-15,1133,D,0
-20.0569,28.5232,317.9,2023-08-15,1133,D,0
-19.7365,31.2483,319.7,2023-08-15,1133,D,0
-19.7239,31.2466,328.8,2023-08-15,1133,D,0
-20.0153,28.2835,330.0,2023-08-15,1133,D,0
-20.0184,28.2497,329.7,2023-08-15,1133,D,0
-19.7217,31.2615,322.6,2023-08-15,1133,D,0
-19.7239,31.2416,324.0,2023-08-15,1133,D,0
-20.0226,28.2802,330.2,2023-08-15,1133,D,0
-20.0259,28.2464,324.1,2023-08-15,1133,D,0
-19.6331,31.1296,321.0,2023-08-15,1133,D,0
-19.633,31.1226,319.3,2023-08-15,1133,D,0
-19.6312,30.7821,318.5,2023-08-15,1133,D,0
-19.6887,29.6824,318.7,2023-08-15,1133,D,0
-19.6912,29.6562,354.1,2023-08-15,1133,D,0
-19.5027,31.3618,331.5,2023-08-15,1133,D,0
-19.6859,29.6773,329.7,2023-08-15,1133,D,0
-19.6887,29.651,347.9,2023-08-15,1133,D,0
-19.4924,31.3409,322.1,2023-08-15,1133,D,0
-19.4946,31.3216,320.8,2023-08-15,1133,D,0
-19.467,31.4546,328.1,2023-08-15,1133,D,0
-19.4798,31.3394,337.4,2023-08-15,1133,D,0
-19.482,31.32,343.1,2023-08-15,1133,D,0
-19.7273,28.9755,316.6,2023-08-15,1133,D,0
-19.7093,29.0039,318.7,2023-08-15,1133,D,0
-19.7122,28.9739,338.1,2023-08-15,1133,D,0
-19.7103,28.9968,328.6,2023-08-15,1133,D,0
-19.7134,28.9669,327.7,2023-08-15,1133,D,0
-19.5566,30.0394,319.2,2023-08-15,1133,D,0
-19.5406,29.7849,320.0,2023-08-15,1133,D,0
-19.5511,29.6811,336.7,2023-08-15,1133,D,0
-19.5538,29.6548,328.3,2023-08-15,1133,D,0
-19.5369,29.6797,335.5,2023-08-15,1133,D,0
-19.5395,29.6532,360.1,2023-08-15,1133,D,0
-19.537,29.7798,320.6,2023-08-15,1133,D,0
-19.5483,29.6761,338.0,2023-08-15,1133,D,0
-19.5511,29.6498,327.1,2023-08-15,1133,D,0
-19.534,29.6747,344.4,2023-08-15,1133,D,0
-19.5368,29.6482,352.9,2023-08-15,1133,D,0
-19.2885,31.5347,317.8,2023-08-15,1133,D,0
-19.4593,29.9751,316.9,2023-08-15,1133,D,0
-19.4251,30.167,322.9,2023-08-15,1133,D,0
-19.4113,30.1659,331.9,2023-08-15,1133,D,0
-19.4627,29.6662,319.5,2023-08-15,1133,D,0
-19.4484,29.6648,338.0,2023-08-15,1133,D,0
-19.3718,30.2811,322.8,2023-08-15,1133,D,0
-19.3742,30.2577,385.4,2023-08-15,1133,D,0
-19.459,29.6585,323.5,2023-08-15,1133,D,0
-19.3775,30.2746,358.7,2023-08-15,1133,D,0
-19.3801,30.2512,371.2,2023-08-15,1133,D,0
-19.4447,29.6572,329.3,2023-08-15,1133,D,0
-19.351,30.0044,330.0,2023-08-15,1133,D,0
-19.0718,32.4112,319.1,2023-08-15,1133,D,0
-19.3033,30.1951,320.5,2023-08-15,1133,D,0
-19.2967,30.1894,323.5,2023-08-15,1133,D,0
-18.9948,32.6812,319.0,2023-08-15,1133,D,0
-19.006,32.4938,330.0,2023-08-15,1133,D,0
-19.0671,31.5522,321.4,2023-08-15,1133,D,0
-19.2124,30.2022,328.2,2023-08-15,1133,D,0
-19.2149,30.1786,326.2,2023-08-15,1133,D,0
-18.9939,32.0955,346.4,2023-08-15,1133,D,0
-19.0549,31.5509,316.6,2023-08-15,1133,D,0
-19.1892,30.2938,320.0,2023-08-15,1133,D,0
-18.9596,32.2938,326.0,2023-08-15,1133,D,0
-18.9614,32.2778,323.0,2023-08-15,1133,D,0
-18.9822,32.0941,324.1,2023-08-15,1133,D,0
-18.9962,32.1058,325.5,2023-08-15,1133,D,0
-19.0612,31.563,322.6,2023-08-15,1133,D,0
-19.0634,31.5447,320.3,2023-08-15,1133,D,0
-18.9624,32.2873,330.2,2023-08-15,1133,D,0
-18.9845,32.1044,335.5,2023-08-15,1133,D,0
-18.9865,32.0876,331.8,2023-08-15,1133,D,0
-19.1066,30.5955,326.3,2023-08-15,1133,D,0
-19.1355,30.3263,321.1,2023-08-15,1133,D,0
-18.8712,32.5653,318.5,2023-08-15,1133,D,0
-18.873,32.5495,324.3,2023-08-15,1133,D,0
-18.8988,32.2288,322.3,2023-08-15,1133,D,0
-18.9837,31.4794,319.1,2023-08-15,1133,D,0
-18.8872,32.2273,333.0,2023-08-15,1133,D,0
-18.8891,32.2108,324.0,2023-08-15,1133,D,0
-18.8912,32.2227,327.5,2023-08-15,1133,D,0
-18.9811,31.4742,316.0,2023-08-15,1133,D,0
-18.9238,31.4294,319.8,2023-08-15,1133,D,0
-18.8292,32.1491,316.3,2023-08-15,1133,D,0
-18.8175,32.1481,327.9,2023-08-15,1133,D,0
-18.8195,32.1309,329.1,2023-08-15,1133,D,0
-19.2661,27.7994,319.0,2023-08-15,1133,D,0
-19.2693,27.7634,324.0,2023-08-15,1133,D,0
-18.7161,32.9174,315.6,2023-08-15,1133,D,0
-18.7178,32.903,315.7,2023-08-15,1133,D,0
-18.7984,32.2115,319.7,2023-08-15,1133,D,0
-18.7052,32.9157,316.4,2023-08-15,1133,D,0
-18.7068,32.9016,319.2,2023-08-15,1133,D,0
-18.7143,32.9103,329.2,2023-08-15,1133,D,0
-19.2587,27.7913,322.2,2023-08-15,1133,D,0
-19.2622,27.7553,318.7,2023-08-15,1133,D,0
-18.8303,31.3354,317.1,2023-08-15,1133,D,0
-18.8179,31.3334,331.4,2023-08-15,1133,D,0
-18.8139,31.3471,318.2,2023-08-15,1133,D,0
-18.8161,31.3283,322.0,2023-08-15,1133,D,0
-18.6822,31.8431,322.2,2023-08-15,1133,D,0
-18.604,32.0349,321.7,2023-08-15,1133,D,0
-18.665,31.1864,327.9,2023-08-15,1133,D,0
-18.7469,30.4389,321.5,2023-08-15,1133,D,0
-18.5846,31.6825,321.3,2023-08-15,1133,D,0
-18.5844,31.5743,368.9,2023-08-15,1133,D,0
-18.5801,31.6768,320.7,2023-08-15,1133,D,0
-18.4992,32.2505,319.1,2023-08-15,1133,D,0
-18.5785,31.5867,333.0,2023-08-15,1133,D,0
-18.5806,31.5687,356.8,2023-08-15,1133,D,0
-18.4877,32.2488,328.1,2023-08-15,1133,D,0
-18.5605,31.5297,325.5,2023-08-15,1133,D,0
-18.5626,31.5112,323.6,2023-08-15,1133,D,0
-18.5119,31.6325,324.4,2023-08-15,1133,D,0
-18.5139,31.6145,343.1,2023-08-15,1133,D,0
-18.5685,31.0093,318.9,2023-08-15,1133,D,0
-18.5068,31.625,329.6,2023-08-15,1133,D,0
-18.5089,31.6069,327.5,2023-08-15,1133,D,0
-18.4581,31.727,321.3,2023-08-15,1133,D,0
-18.5283,30.8956,322.7,2023-08-15,1133,D,0
-18.6117,30.1341,322.4,2023-08-15,1133,D,0
-18.8592,27.5063,324.6,2023-08-15,1133,D,0
-18.4324,31.5248,321.0,2023-08-15,1133,D,0
-18.8426,27.5047,324.8,2023-08-15,1133,D,0
-18.4266,31.5373,319.8,2023-08-15,1133,D,0
-18.4288,31.5195,317.7,2023-08-15,1133,D,0
-18.854,27.5018,331.7,2023-08-15,1133,D,0
-18.4492,31.0231,336.9,2023-08-15,1133,D,0
-18.4515,31.0033,355.3,2023-08-15,1133,D,0
-18.4366,31.0215,319.2,2023-08-15,1133,D,0
-18.4389,31.0017,326.8,2023-08-15,1133,D,0
-18.3034,31.6494,318.6,2023-08-15,1133,D,0
-18.3262,31.2952,334.2,2023-08-15,1133,D,0
-18.3284,31.2763,339.5,2023-08-15,1133,D,0
-18.3139,31.2937,337.9,2023-08-15,1133,D,0
-18.316,31.2747,321.8,2023-08-15,1133,D,0
-18.1689,32.426,315.9,2023-08-15,1133,D,0
-18.3234,31.0999,327.2,2023-08-15,1133,D,0
-18.2661,31.4934,319.8,2023-08-15,1133,D,0
-18.1556,31.0869,321.3,2023-08-15,1133,D,0
-18.2023,30.5574,318.5,2023-08-15,1133,D,0
-18.109,31.2748,318.0,2023-08-15,1133,D,0
-18.1176,31.1991,329.2,2023-08-15,1133,D,0
-18.1197,31.18,324.5,2023-08-15,1133,D,0
-18.2201,30.0168,320.8,2023-08-15,1133,D,0
-18.2133,30.0111,320.8,2023-08-15,1133,D,0
-17.9788,31.1508,326.9,2023-08-15,1133,D,0
-17.981,31.1317,326.9,2023-08-15,1133,D,0
-16.9826,29.1322,323.1,2023-08-15,1134,D,0
-16.9792,29.1247,319.6,2023-08-15,1134,D,0
-17.0036,28.9096,318.2,2023-08-15,1134,D,0
-16.6747,31.1804,321.7,2023-08-15,1134,D,0
-16.5982,31.6237,323.6,2023-08-15,1134,D,0
-16.5915,31.6176,320.4,2023-08-15,1134,D,0
-16.5782,31.5319,321.3,2023-08-15,1134,D,0
-16.5664,31.5304,329.9,2023-08-15,1134,D,0
-16.5685,31.5137,323.2,2023-08-15,1134,D,0
-16.7729,29.6514,341.2,2023-08-15,1134,D,0
-16.7754,29.6282,331.6,2023-08-15,1134,D,0
-16.241,30.3257,321.4,2023-08-15,1134,D,0
-16.2608,30.268,318.2,2023-08-15,1134,D,0
-16.2735,30.2718,319.6,2023-08-15,1134,D,0
-16.5221,29.5779,323.9,2023-08-15,1134,D,0
-16.4712,30.1381,341.3,2023-08-15,1134,D,0
-16.4686,30.1602,317.5,2023-08-15,1134,D,0
-16.4843,30.1401,341.8,2023-08-15,1134,D,0
-16.5315,29.5619,321.6,2023-08-15,1134,D,0
-16.471,30.1229,320.8,2023-08-15,1134,D,0
-16.4686,30.1447,337.8,2023-08-15,1134,D,0
-17.4822,31.0767,326.7,2023-08-15,1134,D,0
-17.4355,31.4322,321.2,2023-08-15,1134,D,0
-17.4376,31.4147,328.7,2023-08-15,1134,D,0
-17.4795,31.0692,321.7,2023-08-15,1134,D,0
-17.2264,32.9275,324.0,2023-08-15,1134,D,0
-17.412,31.3212,321.5,2023-08-15,1134,D,0
-17.3491,31.5448,349.9,2023-08-15,1134,D,0
-17.351,31.5284,351.7,2023-08-15,1134,D,0
-17.429,30.8495,317.3,2023-08-15,1134,D,0
-17.3372,31.5431,320.9,2023-08-15,1134,D,0
-17.3391,31.5263,323.2,2023-08-15,1134,D,0
-17.4185,30.8288,318.2,2023-08-15,1134,D,0
-17.3513,31.2032,318.1,2023-08-15,1134,D,0
-17.3869,30.8836,324.0,2023-08-15,1134,D,0
-17.3862,30.8789,320.7,2023-08-15,1134,D,0
-17.4614,29.9916,322.0,2023-08-15,1134,D,0
-17.24,30.9112,318.8,2023-08-15,1134,D,0
-17.1528,31.5605,324.1,2023-08-15,1134,D,0
-17.0287,31.6424,325.9,2023-08-15,1134,D,0
-17.0306,31.6259,336.1,2023-08-15,1134,D,0
-17.2847,29.2933,320.0,2023-08-15,1134,D,0
-17.2873,29.2672,328.1,2023-08-15,1134,D,0
-17.0333,31.6362,322.7,2023-08-15,1134,D,0
-17.0215,31.6349,330.9,2023-08-15,1134,D,0
-17.0235,31.6185,326.5,2023-08-15,1134,D,0
-17.2806,29.2859,336.8,2023-08-15,1134,D,0
-17.2835,29.2597,333.9,2023-08-15,1134,D,0
-17.2073,29.4349,322.2,2023-08-15,1134,D,0
-17.0436,30.6979,318.4,2023-08-15,1134,D,0
-17.1356,30.0198,319.5,2023-08-15,1134,D,0
-17.2031,29.4297,323.7,2023-08-15,1134,D,0
-17.024,30.752,318.6,2023-08-15,1134,D,0
-16.9546,31.2345,318.5,2023-08-15,1134,D,0
-17.0672,30.1457,320.1,2023-08-15,1134,D,0
-17.058,29.5312,335.2,2023-08-15,1134,D,0
-16.822,31.4773,340.5,2023-08-15,1134,D,0
-16.824,31.4598,332.0,2023-08-15,1134,D,0
-16.8101,31.4756,324.1,2023-08-15,1134,D,0
-16.8121,31.4582,322.2,2023-08-15,1134,D,0
-17.0054,28.9169,319.5,2023-08-15,1134,D,0
-16.4842,30.1248,325.1,2023-08-15,1134,D,0
-16.4818,30.1466,341.5,2023-08-15,1134,D,0
-16.5702,29.591,341.2,2023-08-15,1134,D,0
-16.4519,31.4201,322.5,2023-08-15,1134,D,0
-16.7642,29.1661,322.9,2023-08-15,1134,D,0
-16.7613,29.1918,319.1,2023-08-15,1134,D,0
-16.7664,29.3983,323.1,2023-08-15,1134,D,0
-16.7538,29.1718,324.0,2023-08-15,1134,D,0
-16.7718,29.4059,318.9,2023-08-15,1134,D,0
-16.6078,30.8703,317.9,2023-08-15,1134,D,0
-18.0447,30.2163,324.7,2023-08-15,1134,D,0
-17.7555,31.972,319.5,2023-08-15,1134,D,0
-17.7376,31.819,321.5,2023-08-15,1134,D,0
-18.0315,29.4474,319.3,2023-08-15,1134,D,0
-17.7472,31.5697,324.2,2023-08-15,1134,D,0
-17.7494,31.5517,326.3,2023-08-15,1134,D,0
-17.8844,30.387,319.0,2023-08-15,1134,D,0
-17.8868,30.3652,324.1,2023-08-15,1134,D,0
-17.8712,30.3854,344.9,2023-08-15,1134,D,0
-17.8736,30.3636,369.2,2023-08-15,1134,D,0
-17.7055,31.5097,318.7,2023-08-15,1134,D,0
-17.7218,31.3674,326.6,2023-08-15,1134,D,0
-17.7281,31.0886,332.9,2023-08-15,1134,D,0
-17.8193,30.2459,327.7,2023-08-15,1134,D,0
-17.8908,29.5597,323.1,2023-08-15,1134,D,0
-17.7182,31.362,321.5,2023-08-15,1134,D,0
-17.679,31.484,326.2,2023-08-15,1134,D,0
-17.7242,31.1025,320.9,2023-08-15,1134,D,0
-17.7265,31.0835,325.9,2023-08-15,1134,D,0
-17.8213,30.2639,321.8,2023-08-15,1134,D,0
-17.8239,30.2416,325.3,2023-08-15,1134,D,0
-17.6669,31.4824,321.3,2023-08-15,1134,D,0
-17.8866,29.5544,323.0,2023-08-15,1134,D,0
-17.7217,30.9062,319.0,2023-08-15,1134,D,0
-17.6168,31.4936,321.1,2023-08-15,1134,D,0
-17.6047,31.4921,351.7,2023-08-15,1134,D,0
-17.6067,31.4743,331.9,2023-08-15,1134,D,0
-17.7634,30.0508,319.8,2023-08-15,1134,D,0
-17.7658,30.0278,320.2,2023-08-15,1134,D,0
-17.5967,31.455,320.5,2023-08-15,1134,D,0
-17.6332,31.1291,319.3,2023-08-15,1134,D,0
-17.6459,31.0143,331.4,2023-08-15,1134,D,0
-17.6093,31.5033,323.0,2023-08-15,1134,D,0
-17.6115,31.4858,348.5,2023-08-15,1134,D,0
-17.5604,31.7076,327.0,2023-08-15,1134,D,0
-17.6281,31.1406,320.4,2023-08-15,1134,D,0
-17.6417,31.0256,323.0,2023-08-15,1134,D,0
-17.6439,31.007,319.8,2023-08-15,1134,D,0
-17.7551,30.0427,323.1,2023-08-15,1134,D,0
-17.5986,31.285,323.0,2023-08-15,1134,D,0
-17.5865,31.2829,320.5,2023-08-15,1134,D,0
-17.703,30.2647,323.7,2023-08-15,1134,D,0
-17.766,29.43,317.7,2023-08-15,1134,D,0
-17.5093,31.5259,321.7,2023-08-15,1134,D,0
-17.7625,29.4249,317.9,2023-08-15,1134,D,0
-17.5438,30.8709,319.7,2023-08-15,1134,D,0
-17.546,30.8516,321.8,2023-08-15,1134,D,0
-17.4428,31.4223,324.3,2023-08-15,1134,D,0
-19.6388,32.8063,324.1,2023-08-15,1959,N,0
-19.3089,32.7994,302.1,2023-08-15,1959,N,0
-19.3101,32.7899,312.8,2023-08-15,1959,N,0
-19.5287,31.0396,300.5,2023-08-15,1959,N,0
-19.6425,29.6127,305.6,2023-08-15,1959,N,0
-19.717,28.9807,303.7,2023-08-15,1959,N,0
-19.7188,28.9654,304.5,2023-08-15,1959,N,0
-19.2857,30.2056,307.0,2023-08-15,1959,N,0
-18.7956,32.5176,304.7,2023-08-15,1959,N,0
-19.0883,29.5707,339.4,2023-08-15,1959,N,0
-18.0945,32.0574,302.3,2023-08-15,1959,N,0
-20.5441,29.4325,305.9,2023-08-15,1959,N,0
-18.642,31.1859,310.2,2023-08-15,1959,N,0
-18.6406,31.1966,305.8,2023-08-15,1959,N,0
-18.6501,31.198,304.2,2023-08-15,1959,N,0
-18.0958,32.0477,314.3,2023-08-15,1959,N,0
-18.2065,31.0823,310.4,2023-08-15,1959,N,0
-18.5527,31.5049,310.8,2023-08-15,1959,N,0
-18.5541,31.4945,304.1,2023-08-15,1959,N,0
-18.2977,32.12,301.2,2023-08-15,1959,N,0
-19.0899,29.5572,315.5,2023-08-15,1959,N,0
-20.1286,30.7136,301.1,2023-08-15,1959,N,0
-20.2182,28.9872,300.4,2023-08-15,1959,N,0
-20.207,28.9859,306.6,2023-08-15,1959,N,0
-20.2056,28.9951,309.2,2023-08-15,1959,N,0
-19.6478,32.8078,301.4,2023-08-15,1959,N,0
-16.0969,30.476,303.2,2023-08-15,2000,N,0
-17.8076,31.9406,301.3,2023-08-15,2000,N,0
-17.8668,30.164,300.9,2023-08-15,2000,N,0
-17.125,29.4848,300.0,2023-08-15,2000,N,0
-16.844,31.4501,300.2,2023-08-15,2000,N,0
-16.7953,31.4633,300.7,2023-08-15,2000,N,0
-16.9609,29.5028,316.9,2023-08-15,2000,N,0
-16.6317,30.0282,306.6,2023-08-15,2000,N,0
-16.5093,29.538,312.9,2023-08-15,2000,N,0
-16.5109,29.5257,304.2,2023-08-15,2000,N,0
-17.4819,30.5854,303.7,2023-08-16,4,N,0
-18.264,26.2994,304.7,2023-08-16,4,N,0
-18.3708,26.4823,304.8,2023-08-16,4,N,0
-20.0402,28.7803,301.4,2023-08-16,5,N,0
-17.5624,30.9754,342.7,2023-08-16,829,D,0
-17.638,30.0391,317.2,2023-08-16,829,D,0
-17.7331,30.6291,311.6,2023-08-16,829,D,0
-17.834,30.2904,318.1,2023-08-16,829,D,0
-17.8412,30.2834,317.1,2023-08-16,829,D,0
-17.9465,30.2686,328.2,2023-08-16,829,D,0
-17.9499,30.304,320.0,2023-08-16,829,D,0
-18.015,30.8212,321.7,2023-08-16,829,D,0
-17.9825,30.3008,323.5,2023-08-16,829,D,0
-17.9859,30.3364,314.1,2023-08-16,829,D,0
-18.0189,30.8142,319.9,2023-08-16,829,D,0
-16.611,29.2537,315.9,2023-08-16,829,D,0
-16.6111,29.247,315.1,2023-08-16,829,D,0
-16.8099,29.5686,317.2,2023-08-16,829,D,0
-17.0055,31.1954,318.7,2023-08-16,829,D,0
-17.0079,31.1881,319.5,2023-08-16,829,D,0
-16.9724,30.1228,317.8,2023-08-16,829,D,0
-16.9757,30.1559,329.0,2023-08-16,829,D,0
-17.0937,31.1793,311.9,2023-08-16,829,D,0
-16.985,30.1492,327.8,2023-08-16,829,D,0
-17.0368,30.3521,314.0,2023-08-16,829,D,0
-16.9346,29.0272,315.3,2023-08-16,829,D,0
-17.3728,31.0956,321.9,2023-08-16,829,D,0
-17.3767,31.1351,314.6,2023-08-16,829,D,0
-17.3758,31.0886,318.0,2023-08-16,829,D,0
-17.3794,31.1281,318.8,2023-08-16,829,D,0
-17.4572,30.4606,316.3,2023-08-16,829,D,0
-17.5551,30.9424,322.6,2023-08-16,829,D,0
-17.5591,30.9827,332.1,2023-08-16,829,D,0
-17.4639,30.4531,316.1,2023-08-16,829,D,0
-17.5587,30.9349,317.0,2023-08-16,829,D,0
-17.629,30.0469,315.3,2023-08-16,829,D,0
-16.3304,29.8778,313.4,2023-08-16,829,D,0
-16.3265,29.8718,312.8,2023-08-16,829,D,0
-16.5069,29.4119,316.8,2023-08-16,829,D,0
-16.51,29.4413,327.1,2023-08-16,829,D,0
-16.558,29.4649,315.8,2023-08-16,829,D,0
-16.5568,29.4596,312.9,2023-08-16,829,D,0
-16.608,29.3673,320.8,2023-08-16,829,D,0
-16.611,29.3968,313.7,2023-08-16,829,D,0
-20.1425,29.1832,312.8,2023-08-16,830,D,0
-20.1463,29.1882,314.6,2023-08-16,830,D,0
-19.7414,29.2177,310.6,2023-08-16,830,D,0
-19.1499,30.8364,313.8,2023-08-16,830,D,0
-19.1475,30.8435,311.3,2023-08-16,830,D,0
-18.9917,29.711,319.9,2023-08-16,830,D,0
-18.9419,30.322,327.7,2023-08-16,830,D,0
-18.2813,26.2834,316.8,2023-08-16,830,D,0
-18.2713,26.3025,319.5,2023-08-16,830,D,0
-18.2693,26.285,333.2,2023-08-16,830,D,0
-18.2673,26.2674,317.2,2023-08-16,830,D,0
-18.6272,31.4366,311.1,2023-08-16,830,D,0
-18.6235,31.3924,319.2,2023-08-16,830,D,0
-18.6238,31.3993,322.0,2023-08-16,830,D,0
-18.496,31.3769,311.7,2023-08-16,830,D,0
-18.3605,31.0483,320.9,2023-08-16,830,D,0
-18.357,31.0075,316.3,2023-08-16,830,D,0
-18.3583,31.054,316.1,2023-08-16,830,D,0
-18.3545,31.0132,318.8,2023-08-16,830,D,0
-18.2374,31.0646,312.7,2023-08-16,830,D,0
-18.2352,31.0717,314.9,2023-08-16,830,D,0
-17.6928,30.3441,332.4,2023-08-16,1215,D,0
-18.2263,31.4727,333.2,2023-08-16,1215,D,0
-18.8408,27.49,331.4,2023-08-16,1215,D,0
-18.8422,27.4806,364.8,2023-08-16,1215,D,0
-18.8436,27.4712,383.2,2023-08-16,1215,D,0
-18.845,27.4618,368.2,2023-08-16,1215,D,0
-18.8464,27.4523,345.1,2023-08-16,1215,D,0
-18.8333,27.4791,339.0,2023-08-16,1215,D,0
-18.8347,27.4697,368.5,2023-08-16,1215,D,0
-18.836,27.4603,354.4,2023-08-16,1215,D,0
-18.8374,27.4509,385.4,2023-08-16,1215,D,0
-18.8388,27.4415,383.3,2023-08-16,1215,D,0
-18.0926,32.0574,318.2,2023-08-16,1215,D,0
-18.8271,27.4588,347.9,2023-08-16,1215,D,0
-18.8285,27.4494,392.0,2023-08-16,1215,D,0
-18.8299,27.44,376.7,2023-08-16,1215,D,0
-18.1031,31.9286,325.7,2023-08-16,1215,D,0
-18.1059,31.9127,315.1,2023-08-16,1215,D,0
-18.262,30.9949,326.8,2023-08-16,1215,D,0
-18.3633,30.3831,323.4,2023-08-16,1215,D,0
-18.3513,30.3934,324.2,2023-08-16,1215,D,0
-18.3533,30.3813,349.1,2023-08-16,1215,D,0
-18.4135,30.0131,319.8,2023-08-16,1215,D,0
-18.1805,31.3464,325.0,2023-08-16,1215,D,0
-18.4036,30.0112,338.6,2023-08-16,1215,D,0
-18.4055,29.9997,387.8,2023-08-16,1215,D,0
-18.4074,29.9881,329.7,2023-08-16,1215,D,0
-18.4587,29.6711,333.4,2023-08-16,1215,D,0
-18.4605,29.66,323.4,2023-08-16,1215,D,0
-18.5512,29.09,328.4,2023-08-16,1215,D,0
-18.3588,30.1599,320.0,2023-08-16,1215,D,0
-18.7657,27.5646,336.8,2023-08-16,1215,D,0
-18.7671,27.5551,337.1,2023-08-16,1215,D,0
-18.7591,27.5481,321.9,2023-08-16,1215,D,0
-18.0364,32.0581,321.8,2023-08-16,1215,D,0
-18.025,32.0561,324.3,2023-08-16,1215,D,0
-18.1059,31.4444,320.1,2023-08-16,1215,D,0
-17.9624,32.1441,327.8,2023-08-16,1215,D,0
-18.0566,31.601,316.3,2023-08-16,1215,D,0
-17.9622,32.0774,323.0,2023-08-16,1215,D,0
-18.5678,28.3319,325.4,2023-08-16,1215,D,0
-17.9533,32.0688,321.1,2023-08-16,1215,D,0
-18.036,31.4399,343.6,2023-08-16,1215,D,0
-18.0384,31.4253,328.8,2023-08-16,1215,D,0
-18.2493,30.1395,317.4,2023-08-16,1215,D,0
-17.9463,31.9024,332.3,2023-08-16,1215,D,0
-17.949,31.8868,380.6,2023-08-16,1215,D,0
-17.9516,31.8714,328.6,2023-08-16,1215,D,0
-17.935,31.9003,324.7,2023-08-16,1215,D,0
-17.9377,31.8848,368.8,2023-08-16,1215,D,0
-17.9403,31.8693,355.0,2023-08-16,1215,D,0
-17.8356,32.2667,332.1,2023-08-16,1215,D,0
-17.8268,32.2763,323.0,2023-08-16,1215,D,0
-17.8296,32.2599,327.8,2023-08-16,1215,D,0
-18.1707,30.0592,318.5,2023-08-16,1215,D,0
-17.8393,31.9252,321.8,2023-08-16,1215,D,0
-17.842,31.9098,328.0,2023-08-16,1215,D,0
-18.0253,30.8231,323.7,2023-08-16,1215,D,0
-18.0275,30.81,330.0,2023-08-16,1215,D,0
-18.0489,30.6804,322.3,2023-08-16,1215,D,0
-18.051,30.6676,328.0,2023-08-16,1215,D,0
-18.0962,30.3921,322.7,2023-08-16,1215,D,0
-18.0982,30.3797,337.5,2023-08-16,1215,D,0
-18.1278,30.1979,342.5,2023-08-16,1215,D,0
-18.1298,30.1859,346.4,2023-08-16,1215,D,0
-18.1197,30.1841,328.8,2023-08-16,1215,D,0
-17.8025,31.9351,327.1,2023-08-16,1215,D,0
-17.8052,31.9192,344.0,2023-08-16,1215,D,0
-18.1769,29.7062,320.7,2023-08-16,1215,D,0
-18.1787,29.695,352.4,2023-08-16,1215,D,0
-18.1968,29.4596,336.5,2023-08-16,1215,D,0
-18.1985,29.4487,337.5,2023-08-16,1215,D,0
-18.1936,29.4524,326.3,2023-08-16,1215,D,0
-18.1772,29.4944,322.4,2023-08-16,1215,D,0
-18.0944,29.9546,324.9,2023-08-16,1215,D,0
-18.1631,29.4582,325.7,2023-08-16,1215,D,0
-18.1648,29.4474,335.2,2023-08-16,1215,D,0
-18.0746,29.9512,328.2,2023-08-16,1215,D,0
-18.1535,29.4566,322.2,2023-08-16,1215,D,0
-18.1553,29.4456,321.3,2023-08-16,1215,D,0
-18.0772,29.8097,328.0,2023-08-16,1215,D,0
-18.079,29.7983,340.4,2023-08-16,1215,D,0
-17.9886,30.2901,332.4,2023-08-16,1215,D,0
-18.0692,29.7965,353.8,2023-08-16,1215,D,0
-17.7935,31.3829,324.8,2023-08-16,1215,D,0
-17.9785,30.2882,333.5,2023-08-16,1215,D,0
-18.1028,29.5264,331.3,2023-08-16,1215,D,0
-18.1046,29.5154,335.2,2023-08-16,1215,D,0
-18.1064,29.5044,323.0,2023-08-16,1215,D,0
-17.7851,31.3664,338.7,2023-08-16,1215,D,0
-17.7875,31.3521,323.0,2023-08-16,1215,D,0
-17.7929,31.377,322.0,2023-08-16,1215,D,0
-17.7844,31.3606,339.4,2023-08-16,1215,D,0
-17.961,30.2796,332.5,2023-08-16,1215,D,0
-17.7614,31.4313,317.5,2023-08-16,1215,D,0
-17.9548,30.2533,359.8,2023-08-16,1215,D,0
-17.9568,30.2412,328.0,2023-08-16,1215,D,0
-17.7698,31.3134,337.3,2023-08-16,1215,D,0
-17.9448,30.2515,355.1,2023-08-16,1215,D,0
-17.9467,30.2394,358.1,2023-08-16,1215,D,0
-17.9487,30.2273,374.6,2023-08-16,1215,D,0
-17.9367,30.2376,349.4,2023-08-16,1215,D,0
-17.9386,30.2255,379.1,2023-08-16,1215,D,0
-18.0319,29.6453,327.6,2023-08-16,1215,D,0
-17.8222,30.8682,321.9,2023-08-16,1215,D,0
-17.8244,30.8551,321.9,2023-08-16,1215,D,0
-18.0222,29.6436,324.8,2023-08-16,1215,D,0
-18.024,29.6324,326.0,2023-08-16,1215,D,0
-18.0931,29.1969,328.3,2023-08-16,1215,D,0
-18.0947,29.1863,325.9,2023-08-16,1215,D,0
-18.053,29.3886,322.2,2023-08-16,1215,D,0
-17.5741,31.9887,319.3,2023-08-16,1215,D,0
-17.5769,31.9724,334.3,2023-08-16,1215,D,0
-17.5796,31.9564,345.4,2023-08-16,1215,D,0
-17.8771,30.1583,326.1,2023-08-16,1215,D,0
-17.879,30.1464,327.4,2023-08-16,1215,D,0
-17.8809,30.1344,320.1,2023-08-16,1215,D,0
-17.9829,29.4932,326.2,2023-08-16,1215,D,0
-17.5654,31.9702,319.0,2023-08-16,1215,D,0
-17.5681,31.9543,323.8,2023-08-16,1215,D,0
-17.6463,31.4938,320.3,2023-08-16,1215,D,0
-17.869,30.1446,332.7,2023-08-16,1215,D,0
-17.8709,30.1327,340.6,2023-08-16,1215,D,0
-17.9012,29.9442,322.6,2023-08-16,1215,D,0
-17.9161,29.8513,320.2,2023-08-16,1215,D,0
-17.8375,30.275,333.4,2023-08-16,1215,D,0
-17.8395,30.2629,336.1,2023-08-16,1215,D,0
-17.8414,30.2508,332.0,2023-08-16,1215,D,0
-17.8294,30.261,360.8,2023-08-16,1215,D,0
-17.8313,30.2489,359.0,2023-08-16,1215,D,0
-17.8333,30.2367,329.7,2023-08-16,1215,D,0
-17.8213,30.247,326.9,2023-08-16,1215,D,0
-17.8866,29.8461,321.1,2023-08-16,1215,D,0
-17.7491,30.6194,323.8,2023-08-16,1215,D,0
-17.8032,30.2936,338.6,2023-08-16,1215,D,0
-17.8172,30.2089,326.5,2023-08-16,1215,D,0
-17.8191,30.1968,324.1,2023-08-16,1215,D,0
-17.8692,29.8905,333.4,2023-08-16,1215,D,0
-17.8711,29.8788,338.0,2023-08-16,1215,D,0
-17.8767,29.8445,322.3,2023-08-16,1215,D,0
-17.7388,30.6174,350.8,2023-08-16,1215,D,0
-17.7409,30.6046,331.9,2023-08-16,1215,D,0
-17.8594,29.8887,327.4,2023-08-16,1215,D,0
-17.8613,29.8771,328.0,2023-08-16,1215,D,0
-17.88,29.7624,340.3,2023-08-16,1215,D,0
-17.8818,29.751,338.1,2023-08-16,1215,D,0
-17.799,30.1932,344.2,2023-08-16,1215,D,0
-17.872,29.7493,326.3,2023-08-16,1215,D,0
-17.7337,30.6108,327.8,2023-08-16,1215,D,0
-17.7996,30.2001,333.4,2023-08-16,1215,D,0
-17.8015,30.1881,327.9,2023-08-16,1215,D,0
-17.872,29.7437,319.6,2023-08-16,1215,D,0
-17.6585,31.0061,320.5,2023-08-16,1215,D,0
-17.5343,31.6845,363.5,2023-08-16,1215,D,0
-17.5368,31.6693,339.4,2023-08-16,1215,D,0
-17.5572,31.5485,320.3,2023-08-16,1215,D,0
-17.5597,31.5335,324.9,2023-08-16,1215,D,0
-17.5622,31.5187,355.3,2023-08-16,1215,D,0
-17.8524,29.7404,330.7,2023-08-16,1215,D,0
-17.8542,29.7289,321.6,2023-08-16,1215,D,0
-17.5486,31.5315,342.4,2023-08-16,1215,D,0
-17.5511,31.5166,349.9,2023-08-16,1215,D,0
-17.7477,30.3289,319.8,2023-08-16,1215,D,0
-17.9053,29.2176,323.1,2023-08-16,1215,D,0
-17.5381,31.3922,326.7,2023-08-16,1215,D,0
-17.5407,31.377,325.4,2023-08-16,1215,D,0
-17.7333,30.2252,321.2,2023-08-16,1215,D,0
-17.7353,30.2131,328.5,2023-08-16,1215,D,0
-17.8456,29.5315,330.1,2023-08-16,1215,D,0
-17.8474,29.5205,328.6,2023-08-16,1215,D,0
-17.4887,31.6136,327.2,2023-08-16,1215,D,0
-17.703,30.346,338.1,2023-08-16,1215,D,0
-17.705,30.3337,331.0,2023-08-16,1215,D,0
-17.7887,29.8226,328.1,2023-08-16,1215,D,0
-17.7905,29.8114,329.5,2023-08-16,1215,D,0
-17.4775,31.6115,326.1,2023-08-16,1215,D,0
-17.4854,31.5662,334.9,2023-08-16,1215,D,0
-17.488,31.5511,336.2,2023-08-16,1215,D,0
-17.6949,30.3319,330.1,2023-08-16,1215,D,0
-17.8734,29.2339,323.1,2023-08-16,1215,D,0
-17.4034,31.9674,319.9,2023-08-16,1215,D,0
-17.4424,31.7462,329.0,2023-08-16,1215,D,0
-17.4768,31.5491,335.8,2023-08-16,1215,D,0
-17.4795,31.5342,362.6,2023-08-16,1215,D,0
-17.5801,30.9502,345.4,2023-08-16,1215,D,0
-17.5825,30.9365,328.8,2023-08-16,1215,D,0
-17.8166,29.5264,321.5,2023-08-16,1215,D,0
-17.8621,29.243,326.8,2023-08-16,1215,D,0
-17.8639,29.2322,331.3,2023-08-16,1215,D,0
-17.4852,31.5591,334.8,2023-08-16,1215,D,0
-17.4877,31.544,322.9,2023-08-16,1215,D,0
-17.8349,29.3871,320.6,2023-08-16,1215,D,0
-17.8366,29.3763,324.1,2023-08-16,1215,D,0
-17.8584,29.2355,326.1,2023-08-16,1215,D,0
-17.4062,31.9607,317.3,2023-08-16,1215,D,0
-17.4409,31.7551,321.7,2023-08-16,1215,D,0
-17.4435,31.7393,321.8,2023-08-16,1215,D,0
-17.4766,31.542,367.6,2023-08-16,1215,D,0
-17.4791,31.527,346.6,2023-08-16,1215,D,0
-17.5759,30.9422,337.5,2023-08-16,1215,D,0
-17.827,29.3746,322.8,2023-08-16,1215,D,0
-18.2873,26.286,339.1,2023-08-16,1215,D,0
-17.3888,31.9239,320.7,2023-08-16,1215,D,0
-17.4313,31.6742,333.7,2023-08-16,1215,D,0
-17.4339,31.6588,328.9,2023-08-16,1215,D,0
-17.684,30.1475,326.1,2023-08-16,1215,D,0
-17.6859,30.1355,339.1,2023-08-16,1215,D,0
-17.6879,30.1236,333.4,2023-08-16,1215,D,0
-18.2708,26.2737,333.7,2023-08-16,1215,D,0
-18.2721,26.2643,328.6,2023-08-16,1215,D,0
-17.5095,31.1433,321.5,2023-08-16,1215,D,0
-17.6759,30.1337,332.9,2023-08-16,1215,D,0
-17.6778,30.1217,335.2,2023-08-16,1215,D,0
-17.6798,30.1098,391.1,2023-08-16,1215,D,0
-17.6817,30.098,383.8,2023-08-16,1215,D,0
-17.8016,29.3478,319.3,2023-08-16,1215,D,0
-17.8033,29.3369,326.2,2023-08-16,1215,D,0
-17.4448,31.4593,325.6,2023-08-16,1215,D,0
-17.6697,30.1081,328.3,2023-08-16,1215,D,0
-17.6717,30.0962,324.9,2023-08-16,1215,D,0
-17.7938,29.3352,338.4,2023-08-16,1215,D,0
-17.7955,29.3244,354.7,2023-08-16,1215,D,0
-17.4663,31.2667,318.2,2023-08-16,1215,D,0
-17.7703,29.4208,322.3,2023-08-16,1215,D,0
-17.572,30.5738,320.5,2023-08-16,1215,D,0
-17.5973,30.4222,325.4,2023-08-16,1215,D,0
-17.5993,30.4096,329.0,2023-08-16,1215,D,0
-17.7589,29.4301,321.5,2023-08-16,1215,D,0
-17.7607,29.4191,325.8,2023-08-16,1215,D,0
-17.3399,31.8654,343.5,2023-08-16,1215,D,0
-17.4828,31.0388,318.9,2023-08-16,1215,D,0
-17.5061,30.9016,336.9,2023-08-16,1215,D,0
-17.5084,30.8883,338.5,2023-08-16,1215,D,0
-17.587,30.4205,330.0,2023-08-16,1215,D,0
-17.5891,30.4078,329.3,2023-08-16,1215,D,0
-17.3504,31.7385,318.9,2023-08-16,1215,D,0
-17.6414,30.0297,343.4,2023-08-16,1215,D,0
-17.6433,30.0178,339.4,2023-08-16,1215,D,0
-17.3408,31.8767,327.7,2023-08-16,1215,D,0
-17.3435,31.8605,331.5,2023-08-16,1215,D,0
-17.4806,31.0327,318.3,2023-08-16,1215,D,0
-17.6412,30.0365,325.3,2023-08-16,1215,D,0
-17.6431,30.0246,340.1,2023-08-16,1215,D,0
-17.324,31.9065,319.1,2023-08-16,1215,D,0
-17.6312,30.0346,332.9,2023-08-16,1215,D,0
-17.6331,30.0227,335.1,2023-08-16,1215,D,0
-17.6351,30.0107,397.7,2023-08-16,1215,D,0
-17.6369,29.9989,340.3,2023-08-16,1215,D,0
-17.3206,31.857,317.4,2023-08-16,1215,D,0
-17.3233,31.8412,321.0,2023-08-16,1215,D,0
-17.4315,31.1962,318.0,2023-08-16,1215,D,0
-17.4929,30.824,358.8,2023-08-16,1215,D,0
-17.4951,30.8106,362.5,2023-08-16,1215,D,0
-17.6232,30.0207,344.0,2023-08-16,1215,D,0
-17.6251,30.009,430.5,2023-08-16,1215,D,0
-17.627,29.9969,367.4,2023-08-16,1215,D,0
-17.4086,31.266,322.1,2023-08-16,1215,D,0
-17.4206,31.1943,318.0,2023-08-16,1215,D,0
-17.4824,30.822,319.4,2023-08-16,1215,D,0
-17.7366,29.2419,350.4,2023-08-16,1215,D,0
-17.7382,29.2311,323.5,2023-08-16,1215,D,0
-17.3377,31.6189,327.3,2023-08-16,1215,D,0
-17.3402,31.6044,321.0,2023-08-16,1215,D,0
-17.3977,31.2644,328.1,2023-08-16,1215,D,0
-17.6874,29.4914,330.5,2023-08-16,1215,D,0
-17.6891,29.4803,328.8,2023-08-16,1215,D,0
-17.727,29.2402,330.9,2023-08-16,1215,D,0
-17.7287,29.2294,323.8,2023-08-16,1215,D,0
-17.3721,31.3492,324.1,2023-08-16,1215,D,0
-17.3745,31.335,326.7,2023-08-16,1215,D,0
-17.3072,31.6617,320.2,2023-08-16,1215,D,0
-17.3098,31.6467,340.1,2023-08-16,1215,D,0
-17.3634,31.3335,338.9,2023-08-16,1215,D,0
-17.4025,31.1032,339.5,2023-08-16,1215,D,0
-17.6977,29.3017,336.1,2023-08-16,1215,D,0
-17.6994,29.2909,373.2,2023-08-16,1215,D,0
-17.7011,29.28,343.5,2023-08-16,1215,D,0
-17.6898,29.2892,326.2,2023-08-16,1215,D,0
-17.6915,29.2783,326.1,2023-08-16,1215,D,0
-17.3807,31.1009,319.4,2023-08-16,1215,D,0
-17.2733,31.6566,321.8,2023-08-16,1215,D,0
-17.3753,31.1075,318.7,2023-08-16,1215,D,0
-17.274,31.6498,322.7,2023-08-16,1215,D,0
-17.6493,29.3312,334.8,2023-08-16,1215,D,0
-17.3791,30.9503,318.7,2023-08-16,1215,D,0
-17.3958,30.717,328.1,2023-08-16,1215,D,0
-17.7624,28.4132,327.0,2023-08-16,1215,D,0
-17.7639,28.4032,330.5,2023-08-16,1215,D,0
-17.3142,31.1401,318.1,2023-08-16,1215,D,0
-17.6382,29.1518,322.6,2023-08-16,1215,D,0
-17.7547,28.4016,327.4,2023-08-16,1215,D,0
-17.1991,31.7477,320.5,2023-08-16,1215,D,0
-17.2018,31.732,324.8,2023-08-16,1215,D,0
-17.2045,31.7163,317.1,2023-08-16,1215,D,0
-17.5821,29.4434,320.6,2023-08-16,1215,D,0
-17.3818,30.6068,349.3,2023-08-16,1215,D,0
-17.3839,30.5946,342.5,2023-08-16,1215,D,0
-17.3043,30.9371,316.3,2023-08-16,1215,D,0
-17.3018,30.931,318.2,2023-08-16,1215,D,0
-17.2279,31.3108,318.0,2023-08-16,1215,D,0
-17.3417,30.6207,326.5,2023-08-16,1215,D,0
-17.5343,29.4183,320.1,2023-08-16,1215,D,0
-17.1267,31.8425,319.0,2023-08-16,1215,D,0
-17.1294,31.8268,317.4,2023-08-16,1215,D,0
-17.1614,31.638,344.4,2023-08-16,1215,D,0
-17.164,31.6226,328.4,2023-08-16,1215,D,0
-17.5246,29.4164,323.0,2023-08-16,1215,D,0
-17.2108,31.2774,318.4,2023-08-16,1215,D,0
-17.2133,31.2628,322.3,2023-08-16,1215,D,0
-17.2744,30.8974,329.7,2023-08-16,1215,D,0
-17.2767,30.8834,348.4,2023-08-16,1215,D,0
-17.279,30.8698,349.3,2023-08-16,1215,D,0
-17.5628,29.1113,325.0,2023-08-16,1215,D,0
-17.112,31.7905,319.0,2023-08-16,1215,D,0
-17.2264,31.118,324.6,2023-08-16,1215,D,0
-17.2288,31.1039,323.4,2023-08-16,1215,D,0
-17.2312,31.0898,328.6,2023-08-16,1215,D,0
-17.2638,30.8953,350.7,2023-08-16,1215,D,0
-17.2661,30.8813,343.5,2023-08-16,1215,D,0
-17.9712,26.3145,327.2,2023-08-16,1215,D,0
-17.9725,26.3051,323.5,2023-08-16,1215,D,0
-17.2108,31.1444,318.9,2023-08-16,1215,D,0
-17.218,31.1017,334.5,2023-08-16,1215,D,0
-17.2204,31.0877,350.3,2023-08-16,1215,D,0
-17.2228,31.0737,338.0,2023-08-16,1215,D,0
-17.2036,31.0554,328.5,2023-08-16,1215,D,0
-17.3839,29.9777,323.3,2023-08-16,1215,D,0
-17.0857,31.6722,332.5,2023-08-16,1215,D,0
-17.2006,31.048,333.0,2023-08-16,1215,D,0
-17.0843,31.6812,321.1,2023-08-16,1215,D,0
-17.0869,31.6654,327.0,2023-08-16,1215,D,0
-17.2605,30.6135,322.0,2023-08-16,1215,D,0
-17.2731,30.4047,335.1,2023-08-16,1215,D,0
-17.1095,31.3258,319.6,2023-08-16,1215,D,0
-17.1119,31.3117,344.1,2023-08-16,1215,D,0
-17.1143,31.2972,328.2,2023-08-16,1215,D,0
-17.0985,31.3239,334.1,2023-08-16,1215,D,0
-17.101,31.3094,368.8,2023-08-16,1215,D,0
-17.1035,31.2945,350.9,2023-08-16,1215,D,0
-17.106,31.2796,339.4,2023-08-16,1215,D,0
-17.1145,31.1626,360.7,2023-08-16,1215,D,0
-17.117,31.1483,352.1,2023-08-16,1215,D,0
-17.1036,31.1608,341.3,2023-08-16,1215,D,0
-17.1061,31.1465,323.9,2023-08-16,1215,D,0
-16.9916,31.744,324.8,2023-08-16,1215,D,0
-16.995,31.7388,324.0,2023-08-16,1215,D,0
-17.2592,30.0539,325.9,2023-08-16,1215,D,0
-17.2611,30.0419,339.1,2023-08-16,1215,D,0
-17.5712,28.0398,326.6,2023-08-16,1215,D,0
-17.014,31.4866,344.6,2023-08-16,1215,D,0
-17.0165,31.4713,327.1,2023-08-16,1215,D,0
-17.2492,30.052,321.3,2023-08-16,1215,D,0
-17.2511,30.04,328.3,2023-08-16,1215,D,0
-17.5621,28.0383,331.7,2023-08-16,1215,D,0
-17.5636,28.0287,326.4,2023-08-16,1215,D,0
-17.0028,31.4845,345.1,2023-08-16,1215,D,0
-17.0054,31.4693,328.5,2023-08-16,1215,D,0
-17.1036,30.8803,339.4,2023-08-16,1215,D,0
-17.1059,30.8666,360.9,2023-08-16,1215,D,0
-17.1082,30.853,322.1,2023-08-16,1215,D,0
-17.052,31.0576,333.3,2023-08-16,1215,D,0
-17.0544,31.0432,322.1,2023-08-16,1215,D,0
-17.1004,30.7677,318.8,2023-08-16,1215,D,0
-17.0388,31.0698,327.9,2023-08-16,1215,D,0
-17.0086,31.1818,321.9,2023-08-16,1215,D,0
-17.2165,29.9354,325.9,2023-08-16,1215,D,0
-17.0434,30.9117,324.4,2023-08-16,1215,D,0
-17.1441,30.3115,321.3,2023-08-16,1215,D,0
-17.237,29.7465,329.2,2023-08-16,1215,D,0
-17.3057,29.3207,328.2,2023-08-16,1215,D,0
-16.9172,31.5792,321.6,2023-08-16,1215,D,0
-17.0443,30.8412,328.1,2023-08-16,1215,D,0
-17.0467,30.8276,330.9,2023-08-16,1215,D,0
-17.1367,30.3035,321.5,2023-08-16,1215,D,0
-17.1989,29.9134,323.8,2023-08-16,1215,D,0
-17.2676,29.4771,328.0,2023-08-16,1215,D,0
-16.918,31.5727,323.2,2023-08-16,1215,D,0
-16.9459,31.4054,319.2,2023-08-16,1215,D,0
-17.0402,30.8337,332.5,2023-08-16,1215,D,0
-17.0794,30.3966,324.4,2023-08-16,1215,D,0
-16.9754,30.8928,339.0,2023-08-16,1215,D,0
-16.9778,30.8789,323.8,2023-08-16,1215,D,0
-17.0375,30.5211,324.5,2023-08-16,1215,D,0
-16.8096,31.7963,322.6,2023-08-16,1215,D,0
-16.8289,31.685,324.2,2023-08-16,1215,D,0
-16.9671,30.8769,324.8,2023-08-16,1215,D,0
-17.0271,30.5193,341.6,2023-08-16,1215,D,0
-16.8009,31.7779,331.3,2023-08-16,1215,D,0
-16.8037,31.7619,330.1,2023-08-16,1215,D,0
-17.0443,30.3517,332.0,2023-08-16,1215,D,0
-17.0464,30.3392,331.3,2023-08-16,1215,D,0
-16.8022,31.7892,323.9,2023-08-16,1215,D,0
-16.805,31.773,329.5,2023-08-16,1215,D,0
-17.0387,30.3452,326.4,2023-08-16,1215,D,0
-16.8295,31.4867,321.6,2023-08-16,1215,D,0
-16.832,31.4718,327.1,2023-08-16,1215,D,0
-16.837,31.442,320.0,2023-08-16,1215,D,0
-16.8182,31.485,322.8,2023-08-16,1215,D,0
-16.8208,31.4699,331.6,2023-08-16,1215,D,0
-16.9355,30.7812,321.5,2023-08-16,1215,D,0
-17.1719,29.2507,324.0,2023-08-16,1215,D,0
-16.8086,31.4058,323.7,2023-08-16,1215,D,0
-16.8112,31.3907,320.6,2023-08-16,1215,D,0
-17.0966,29.6615,350.5,2023-08-16,1215,D,0
-17.0984,29.6501,361.0,2023-08-16,1215,D,0
-17.2111,28.939,328.4,2023-08-16,1215,D,0
-17.2127,28.9285,325.7,2023-08-16,1215,D,0
-20.5652,29.4977,315.1,2023-08-16,1215,D,0
-20.5668,29.4873,332.9,2023-08-16,1215,D,0
-20.5257,28.8558,315.3,2023-08-16,1215,D,0
-20.1933,30.611,317.7,2023-08-16,1215,D,0
-20.1953,30.5991,317.9,2023-08-16,1215,D,0
-20.0737,31.2715,314.2,2023-08-16,1215,D,0
-20.029,31.345,320.6,2023-08-16,1215,D,0
-20.0185,31.3429,318.7,2023-08-16,1215,D,0
-20.0388,31.2241,318.0,2023-08-16,1215,D,0
-20.545,28.0538,347.9,2023-08-16,1215,D,0
-20.5464,28.0442,333.8,2023-08-16,1215,D,0
-20.0456,30.8271,320.3,2023-08-16,1215,D,0
-20.0476,30.8147,325.6,2023-08-16,1215,D,0
-20.1672,29.3156,318.5,2023-08-16,1215,D,0
-20.1693,29.2044,322.2,2023-08-16,1215,D,0
-20.0722,29.1699,324.0,2023-08-16,1215,D,0
-19.797,30.4014,327.4,2023-08-16,1215,D,0
-19.7862,30.4058,332.5,2023-08-16,1215,D,0
-19.7881,30.3941,336.1,2023-08-16,1215,D,0
-19.7528,30.095,318.7,2023-08-16,1215,D,0
-19.7431,30.0933,324.7,2023-08-16,1215,D,0
-19.4697,31.437,318.7,2023-08-16,1215,D,0
-19.5465,30.9192,326.8,2023-08-16,1215,D,0
-19.5363,30.9173,326.4,2023-08-16,1215,D,0
-19.5384,30.9045,324.2,2023-08-16,1215,D,0
-19.498,30.7875,326.5,2023-08-16,1215,D,0
-19.7128,29.3971,350.3,2023-08-16,1215,D,0
-19.7144,29.3865,340.4,2023-08-16,1215,D,0
-19.8758,28.3413,355.6,2023-08-16,1215,D,0
-19.8772,28.3316,333.5,2023-08-16,1215,D,0
-19.8668,28.3397,331.7,2023-08-16,1215,D,0
-19.6602,29.606,325.8,2023-08-16,1215,D,0
-19.6507,29.6044,351.1,2023-08-16,1215,D,0
-19.6524,29.5936,364.4,2023-08-16,1215,D,0
-19.6467,29.5969,336.1,2023-08-16,1215,D,0
-19.6484,29.5861,327.2,2023-08-16,1215,D,0
-19.734,28.9701,339.9,2023-08-16,1215,D,0
-19.7356,28.96,335.7,2023-08-16,1215,D,0
-19.7232,28.9786,332.0,2023-08-16,1215,D,0
-19.7248,28.9685,357.6,2023-08-16,1215,D,0
-19.7264,28.9583,317.8,2023-08-16,1215,D,0
-19.413,30.6751,318.9,2023-08-16,1215,D,0
-19.3947,30.7225,324.1,2023-08-16,1215,D,0
-19.3968,30.7101,361.1,2023-08-16,1215,D,0
-19.3846,30.7205,339.1,2023-08-16,1215,D,0
-19.3867,30.7081,393.9,2023-08-16,1215,D,0
-19.0128,32.3424,318.0,2023-08-16,1215,D,0
-19.0125,32.3519,319.8,2023-08-16,1215,D,0
-19.2759,30.5119,323.3,2023-08-16,1215,D,0
-19.2779,30.4998,331.2,2023-08-16,1215,D,0
-18.9353,32.4543,314.9,2023-08-16,1215,D,0
-18.9237,32.452,315.3,2023-08-16,1215,D,0
-19.3046,30.2113,319.9,2023-08-16,1215,D,0
-19.3065,30.1996,328.5,2023-08-16,1215,D,0
-19.2947,30.2095,326.9,2023-08-16,1215,D,0
-19.2849,30.2077,327.5,2023-08-16,1215,D,0
-19.1535,30.8281,321.5,2023-08-16,1215,D,0
-19.1556,30.8154,320.1,2023-08-16,1215,D,0
-19.1454,30.8136,320.0,2023-08-16,1215,D,0
-19.2752,29.8268,319.5,2023-08-16,1215,D,0
-19.1418,30.5193,327.4,2023-08-16,1215,D,0
-19.1438,30.5071,324.8,2023-08-16,1215,D,0
-19.1297,30.5296,325.5,2023-08-16,1215,D,0
-19.1317,30.5175,332.1,2023-08-16,1215,D,0
-19.1309,30.523,331.6,2023-08-16,1215,D,0
-19.1537,30.3171,335.2,2023-08-16,1215,D,0
-19.0369,30.9711,320.7,2023-08-16,1215,D,0
-19.0391,30.9581,319.6,2023-08-16,1215,D,0
-18.8823,31.695,319.4,2023-08-16,1215,D,0
-18.8848,31.6807,313.5,2023-08-16,1215,D,0
-19.0786,30.5258,327.1,2023-08-16,1215,D,0
-19.0806,30.5137,341.8,2023-08-16,1215,D,0
-19.0009,30.6326,319.1,2023-08-16,1215,D,0
-18.9908,30.6307,322.9,2023-08-16,1215,D,0
-18.6566,32.2049,315.3,2023-08-16,1215,D,0
-19.0416,29.8005,318.6,2023-08-16,1215,D,0
-19.0955,29.3962,320.0,2023-08-16,1215,D,0
-19.0191,29.5701,321.2,2023-08-16,1215,D,0
-19.0208,29.5592,341.5,2023-08-16,1215,D,0
-19.2705,27.767,328.9,2023-08-16,1215,D,0
-19.2615,27.7655,324.8,2023-08-16,1215,D,0
-18.5095,31.9846,317.5,2023-08-16,1215,D,0
-18.6406,31.2013,318.6,2023-08-16,1215,D,0
-18.6429,31.1877,323.5,2023-08-16,1215,D,0
-18.4124,32.2755,316.3,2023-08-16,1215,D,0
-18.4152,32.2593,318.7,2023-08-16,1215,D,0
-18.4038,32.2569,326.7,2023-08-16,1215,D,0
-18.4066,32.2408,328.5,2023-08-16,1215,D,0
-18.5922,31.1642,323.7,2023-08-16,1215,D,0
-18.3951,32.2387,320.0,2023-08-16,1215,D,0
-18.5816,31.1622,317.4,2023-08-16,1215,D,0
-18.5839,31.1486,319.5,2023-08-16,1215,D,0
-18.8545,29.5065,317.6,2023-08-16,1215,D,0
-18.544,31.2539,343.1,2023-08-16,1215,D,0
-18.5464,31.24,327.0,2023-08-16,1215,D,0
-18.8178,29.6121,323.6,2023-08-16,1215,D,0
-18.8196,29.6011,318.3,2023-08-16,1215,D,0
-18.816,29.606,325.8,2023-08-16,1215,D,0
-18.5415,31.2477,363.2,2023-08-16,1215,D,0
-18.5438,31.2339,332.8,2023-08-16,1215,D,0
-18.8184,29.5279,317.9,2023-08-16,1215,D,0
-18.9681,28.5561,322.5,2023-08-16,1215,D,0
-18.9696,28.5462,321.5,2023-08-16,1215,D,0
-18.5076,31.385,316.1,2023-08-16,1215,D,0
-18.4777,31.3645,318.7,2023-08-16,1215,D,0
-18.4801,31.3506,321.4,2023-08-16,1215,D,0
-19.0369,27.852,321.9,2023-08-16,1215,D,0
-18.4169,31.5894,315.6,2023-08-16,1215,D,0
-18.5015,31.0307,325.2,2023-08-16,1215,D,0
-18.4932,31.0155,333.3,2023-08-16,1215,D,0
-18.4963,31.023,325.0,2023-08-16,1215,D,0
-18.4984,31.0097,328.4,2023-08-16,1215,D,0
-18.6292,30.1362,326.0,2023-08-16,1215,D,0
-18.631,30.1246,328.4,2023-08-16,1215,D,0
-18.6329,30.1129,338.8,2023-08-16,1215,D,0
-18.6022,30.2406,319.1,2023-08-16,1215,D,0
-18.6041,30.2287,327.0,2023-08-16,1215,D,0
-18.606,30.2169,321.8,2023-08-16,1215,D,0
-18.623,30.1111,328.2,2023-08-16,1215,D,0
-18.636,30.0297,320.9,2023-08-16,1215,D,0
-18.2216,32.448,316.7,2023-08-16,1215,D,0
-18.4111,31.2728,321.1,2023-08-16,1215,D,0
-18.4257,31.1207,319.8,2023-08-16,1215,D,0
-18.7607,29.0538,321.6,2023-08-16,1215,D,0
-18.5981,29.9517,323.6,2023-08-16,1215,D,0
-18.6128,29.8607,327.8,2023-08-16,1215,D,0
-18.6031,29.859,319.9,2023-08-16,1215,D,0
-18.3094,31.6009,318.2,2023-08-16,1215,D,0
-18.5956,29.6452,318.9,2023-08-16,1215,D,0
-18.5974,29.6342,327.1,2023-08-16,1215,D,0
-18.2142,31.8929,326.2,2023-08-16,1215,D,0
-18.2168,31.8777,334.6,2023-08-16,1215,D,0
-18.4842,30.2136,342.7,2023-08-16,1215,D,0
-18.4861,30.2018,326.5,2023-08-16,1215,D,0
-18.2368,31.4964,319.2,2023-08-16,1215,D,0
-18.2393,31.4818,321.4,2023-08-16,1215,D,0
-18.8768,27.5026,352.0,2023-08-16,1215,D,0
-18.8782,27.4931,341.3,2023-08-16,1215,D,0
-18.2284,31.4798,337.5,2023-08-16,1215,D,0
-18.8665,27.5105,330.5,2023-08-16,1215,D,0
-18.8679,27.5011,368.7,2023-08-16,1215,D,0
-18.8693,27.4917,356.7,2023-08-16,1215,D,0
-18.2348,31.4892,325.7,2023-08-16,1215,D,0
-18.2239,31.487,325.5,2023-08-16,1215,D,0
-16.9492,29.0267,337.5,2023-08-16,1216,D,0
-16.6894,30.3284,323.6,2023-08-16,1216,D,0
-16.5203,31.3319,317.4,2023-08-16,1216,D,0
-16.8087,29.6625,324.1,2023-08-16,1216,D,0
-16.9318,29.013,357.4,2023-08-16,1216,D,0
-16.9301,29.0235,358.9,2023-08-16,1216,D,0
-16.5835,31.1612,377.6,2023-08-16,1216,D,0
-16.5811,31.1755,323.9,2023-08-16,1216,D,0
-16.943,29.0039,330.1,2023-08-16,1216,D,0
-16.9413,29.0145,340.6,2023-08-16,1216,D,0
-16.9397,29.0252,340.6,2023-08-16,1216,D,0
-16.938,29.0358,325.5,2023-08-16,1216,D,0
-16.5969,31.1488,335.7,2023-08-16,1216,D,0
-16.5945,31.1631,380.8,2023-08-16,1216,D,0
-16.5921,31.1776,368.2,2023-08-16,1216,D,0
-16.5896,31.1921,342.8,2023-08-16,1216,D,0
-16.774,31.5405,322.2,2023-08-16,1216,D,0
-17.0886,29.6484,331.7,2023-08-16,1216,D,0
-17.0904,29.6369,321.9,2023-08-16,1216,D,0
-16.8267,31.1656,325.8,2023-08-16,1216,D,0
-16.8839,30.8275,321.3,2023-08-16,1216,D,0
-17.0194,30.0113,341.0,2023-08-16,1216,D,0
-17.0214,29.9993,328.2,2023-08-16,1216,D,0
-17.1822,28.9991,324.8,2023-08-16,1216,D,0
-17.1838,28.9886,324.8,2023-08-16,1216,D,0
-16.9874,30.1431,323.5,2023-08-16,1216,D,0
-17.1727,28.9974,334.5,2023-08-16,1216,D,0
-17.1743,28.9869,339.7,2023-08-16,1216,D,0
-17.0665,29.5976,328.6,2023-08-16,1216,D,0
-17.0636,29.6021,322.6,2023-08-16,1216,D,0
-16.9349,30.3461,319.7,2023-08-16,1216,D,0
-16.9691,30.1332,327.6,2023-08-16,1216,D,0
-16.973,30.1087,327.3,2023-08-16,1216,D,0
-17.0152,29.8442,348.4,2023-08-16,1216,D,0
-16.7987,30.9779,321.4,2023-08-16,1216,D,0
-16.7142,31.413,319.2,2023-08-16,1216,D,0
-16.703,31.4108,325.5,2023-08-16,1216,D,0
-16.6047,31.9119,318.2,2023-08-16,1216,D,0
-16.7861,30.7899,340.7,2023-08-16,1216,D,0
-16.7884,30.7764,318.9,2023-08-16,1216,D,0
-16.9832,29.5994,328.4,2023-08-16,1216,D,0
-16.9851,29.588,353.1,2023-08-16,1216,D,0
-16.7055,31.1965,340.3,2023-08-16,1216,D,0
-16.708,31.1819,337.0,2023-08-16,1216,D,0
-16.7754,30.7881,318.8,2023-08-16,1216,D,0
-16.8353,30.4336,331.6,2023-08-16,1216,D,0
-17.0854,28.9003,333.5,2023-08-16,1216,D,0
-17.087,28.8897,340.7,2023-08-16,1216,D,0
-16.5984,31.905,323.9,2023-08-16,1216,D,0
-16.7812,30.7974,323.2,2023-08-16,1216,D,0
-16.7834,30.7838,335.2,2023-08-16,1216,D,0
-16.8387,30.4418,323.7,2023-08-16,1216,D,0
-16.8408,30.4289,320.1,2023-08-16,1216,D,0
-17.0822,28.894,341.7,2023-08-16,1216,D,0
-16.7056,31.1908,351.6,2023-08-16,1216,D,0
-16.7081,31.1761,317.8,2023-08-16,1216,D,0
-17.1435,28.3682,328.6,2023-08-16,1216,D,0
-17.145,28.3581,327.8,2023-08-16,1216,D,0
-16.6494,31.2557,326.2,2023-08-16,1216,D,0
-16.6518,31.2412,330.5,2023-08-16,1216,D,0
-16.6051,31.4489,328.3,2023-08-16,1216,D,0
-16.6408,31.2391,349.4,2023-08-16,1216,D,0
-16.6433,31.2244,334.2,2023-08-16,1216,D,0
-16.5673,31.6009,332.8,2023-08-16,1216,D,0
-16.5939,31.4466,350.2,2023-08-16,1216,D,0
-16.5965,31.4313,335.9,2023-08-16,1216,D,0
-16.7724,30.3895,326.3,2023-08-16,1216,D,0
-16.8651,29.7631,329.3,2023-08-16,1216,D,0
-16.7793,30.2206,334.1,2023-08-16,1216,D,0
-16.7814,30.2081,334.1,2023-08-16,1216,D,0
-16.8377,29.8675,342.0,2023-08-16,1216,D,0
-16.8397,29.8556,349.4,2023-08-16,1216,D,0
-16.8416,29.8437,348.4,2023-08-16,1216,D,0
-16.8551,29.7614,327.4,2023-08-16,1216,D,0
-16.857,29.7497,319.5,2023-08-16,1216,D,0
-16.7822,30.2142,333.6,2023-08-16,1216,D,0
-16.8365,29.8727,323.4,2023-08-16,1216,D,0
-16.8384,29.8607,347.1,2023-08-16,1216,D,0
-16.8402,29.8488,345.6,2023-08-16,1216,D,0
-16.8421,29.837,325.5,2023-08-16,1216,D,0
-16.8551,29.7546,325.5,2023-08-16,1216,D,0
-16.7699,30.2251,327.4,2023-08-16,1216,D,0
-16.7719,30.2124,337.8,2023-08-16,1216,D,0
-16.7739,30.1999,351.0,2023-08-16,1216,D,0
-16.8284,29.859,327.1,2023-08-16,1216,D,0
-16.8302,29.8471,352.4,2023-08-16,1216,D,0
-16.8904,29.466,326.7,2023-08-16,1216,D,0
-16.6007,31.1941,363.6,2023-08-16,1216,D,0
-16.603,31.1798,334.0,2023-08-16,1216,D,0
-16.9509,29.0162,326.3,2023-08-16,1216,D,0
-16.2446,29.5997,322.8,2023-08-16,1216,D,0
-16.0988,30.4834,336.8,2023-08-16,1216,D,0
-16.0943,30.5101,322.8,2023-08-16,1216,D,0
-16.4104,29.3989,328.6,2023-08-16,1216,D,0
-16.3357,29.866,321.3,2023-08-16,1216,D,0
-16.413,29.446,347.7,2023-08-16,1216,D,0
-16.4229,29.4475,327.5,2023-08-16,1216,D,0
-16.4157,29.4931,321.2,2023-08-16,1216,D,0
-16.4448,29.5039,341.2,2023-08-16,1216,D,0
-16.404,30.0099,328.9,2023-08-16,1216,D,0
-16.4992,29.6076,328.9,2023-08-16,1216,D,0
-16.5667,29.4496,322.9,2023-08-16,1216,D,0
-16.6136,29.2179,320.0,2023-08-16,1216,D,0
-16.6119,29.2286,327.0,2023-08-16,1216,D,0
-16.5783,29.4401,329.3,2023-08-16,1216,D,0
-16.5765,29.4514,352.6,2023-08-16,1216,D,0
-16.5747,29.4626,337.8,2023-08-16,1216,D,0
-16.534,29.717,321.8,2023-08-16,1216,D,0
-16.4991,29.9331,323.0,2023-08-16,1216,D,0
-16.6546,29.1466,321.4,2023-08-16,1216,D,0
-16.6529,29.1575,327.9,2023-08-16,1216,D,0
-16.6236,29.3441,354.4,2023-08-16,1216,D,0
-16.6218,29.3554,369.9,2023-08-16,1216,D,0
-16.6113,29.6155,325.6,2023-08-16,1216,D,0
-16.7263,29.2093,321.7,2023-08-16,1216,D,0
-16.618,30.0213,325.4,2023-08-16,1216,D,0
-16.5782,30.2697,325.7,2023-08-16,1216,D,0
-16.5761,30.2825,343.6,2023-08-16,1216,D,0
-16.6302,30.0105,320.1,2023-08-16,1216,D,0
-16.6282,30.0227,320.9,2023-08-16,1216,D,0
-16.6283,30.017,326.5,2023-08-16,1216,D,0
-16.585,30.2776,337.2,2023-08-16,1216,D,0
-16.5829,30.2905,319.0,2023-08-16,1216,D,0
-16.4525,31.193,334.4,2023-08-16,1216,D,0
-16.7211,29.7012,325.3,2023-08-16,1216,D,0
-16.5922,30.5582,321.0,2023-08-16,1216,D,0
-16.6027,30.5603,326.0,2023-08-16,1216,D,0
-16.7378,29.7886,320.8,2023-08-16,1216,D,0
-16.7359,29.8006,348.6,2023-08-16,1216,D,0
-16.7339,29.8126,327.7,2023-08-16,1216,D,0
-16.732,29.8246,341.6,2023-08-16,1216,D,0
-16.5129,31.1718,322.8,2023-08-16,1216,D,0
-16.7477,29.7903,325.3,2023-08-16,1216,D,0
-16.7458,29.8023,369.8,2023-08-16,1216,D,0
-16.7439,29.8144,359.6,2023-08-16,1216,D,0
-16.742,29.8262,347.9,2023-08-16,1216,D,0
-16.6676,30.2925,322.0,2023-08-16,1216,D,0
-16.6655,30.3054,323.1,2023-08-16,1216,D,0
-16.7979,29.5367,337.4,2023-08-16,1216,D,0
-16.7961,29.5481,332.0,2023-08-16,1216,D,0
-16.7943,29.5596,330.0,2023-08-16,1216,D,0
-16.7539,29.8161,329.8,2023-08-16,1216,D,0
-16.752,29.828,335.2,2023-08-16,1216,D,0
-16.513,31.3092,342.7,2023-08-16,1216,D,0
-16.5105,31.3243,335.7,2023-08-16,1216,D,0
-16.7996,29.531,333.9,2023-08-16,1216,D,0
-16.7977,29.5423,342.4,2023-08-16,1216,D,0
-16.7959,29.5538,338.7,2023-08-16,1216,D,0
-16.7522,29.8214,349.7,2023-08-16,1216,D,0
-16.673,30.2991,339.0,2023-08-16,1216,D,0
-16.8075,29.5442,349.8,2023-08-16,1216,D,0
-16.8057,29.5555,322.9,2023-08-16,1216,D,0
-16.8039,29.5669,319.8,2023-08-16,1216,D,0
-16.7582,29.8471,330.0,2023-08-16,1216,D,0
-16.7563,29.859,328.5,2023-08-16,1216,D,0
-16.5144,31.2997,319.4,2023-08-16,1216,D,0
-16.5118,31.3147,358.8,2023-08-16,1216,D,0
-16.8192,29.5346,335.2,2023-08-16,1216,D,0
-16.8174,29.5459,333.1,2023-08-16,1216,D,0
-16.8155,29.5571,336.5,2023-08-16,1216,D,0
-16.8137,29.5685,331.0,2023-08-16,1216,D,0
-16.7663,29.8607,325.4,2023-08-16,1216,D,0
-16.7644,29.8726,323.0,2023-08-16,1216,D,0
-16.6916,30.3154,332.0,2023-08-16,1216,D,0
-17.5708,28.0407,300.5,2023-08-16,2040,N,0
-18.8224,27.4479,303.9,2023-08-16,2040,N,0
-18.6454,30.1021,305.9,2023-08-16,2040,N,0
-17.3451,29.264,307.9,2023-08-16,2040,N,0
-17.3485,29.245,305.5,2023-08-16,2040,N,0
-17.3433,29.257,308.9,2023-08-16,2040,N,0
-16.8671,30.1688,306.7,2023-08-16,2040,N,0
-17.5551,28.1327,302.3,2023-08-16,2040,N,0
-17.6251,29.9824,304.3,2023-08-16,2040,N,0
-18.3741,26.4718,301.4,2023-08-16,2040,N,0
-18.3735,26.478,305.7,2023-08-16,2040,N,0
-16.8858,29.3137,301.7,2023-08-16,2041,N,0
-16.7855,29.2947,301.6,2023-08-16,2041,N,0
-16.7849,29.2883,301.4,2023-08-16,2041,N,0
-16.5422,29.4744,309.9,2023-08-16,2041,N,0
-16.9518,29.0201,305.6,2023-08-16,2041,N,0
-16.8862,29.3193,300.0,2023-08-16,2041,N,0
-16.9492,29.0143,303.9,2023-08-16,2041,N,0
-17.1052,29.9535,314.5,2023-08-17,1119,D,0
-17.1006,29.9894,328.1,2023-08-17,1119,D,0
-16.8202,30.1189,331.0,2023-08-17,1119,D,0
-16.8194,30.1148,327.8,2023-08-17,1119,D,0
-16.6091,30.2463,313.7,2023-08-17,1119,D,0
-18.2305,30.9164,316.9,2023-08-17,1119,D,0
-17.6452,30.2941,318.4,2023-08-17,1119,D,0
-17.651,30.2602,320.7,2023-08-17,1119,D,0
-17.7125,30.3513,318.8,2023-08-17,1119,D,0
-17.6493,30.2521,318.0,2023-08-17,1119,D,0
-17.4127,31.4681,319.0,2023-08-17,1119,D,0
-17.4042,31.4627,319.5,2023-08-17,1119,D,0
-17.4736,30.6013,320.6,2023-08-17,1119,D,0
-17.4531,30.6368,323.1,2023-08-17,1119,D,0
-17.4567,30.5986,329.8,2023-08-17,1119,D,0
-17.4685,30.2632,318.5,2023-08-17,1119,D,0
-17.3434,30.6587,321.1,2023-08-17,1119,D,0
-17.2854,30.9143,313.7,2023-08-17,1119,D,0
-17.2389,31.231,319.3,2023-08-17,1119,D,0
-17.3396,30.655,320.3,2023-08-17,1119,D,0
-17.2316,31.2264,316.3,2023-08-17,1119,D,0
-16.9949,31.4642,316.5,2023-08-17,1119,D,0
-17.1012,29.9978,324.8,2023-08-17,1119,D,0
-18.7165,30.7675,323.5,2023-08-17,1119,D,0
-18.7373,30.7299,319.2,2023-08-17,1119,D,0
-18.7229,30.7317,346.5,2023-08-17,1119,D,0
-18.7195,30.7713,321.6,2023-08-17,1119,D,0
-18.7788,32.8767,334.2,2023-08-17,1119,D,0
-19.0898,30.4018,323.6,2023-08-17,1119,D,0
-18.8724,32.4005,327.4,2023-08-17,1119,D,0
-19.0908,30.4104,322.0,2023-08-17,1119,D,0
-19.2291,30.641,318.7,2023-08-17,1119,D,0
-17.658,30.9015,317.2,2023-08-17,1119,D,0
-17.6542,30.9386,335.2,2023-08-17,1119,D,0
-17.6497,30.8666,320.9,2023-08-17,1119,D,0
-17.6427,30.9409,327.2,2023-08-17,1119,D,0
-17.7139,30.3552,318.2,2023-08-17,1119,D,0
-17.6664,30.8682,329.0,2023-08-17,1119,D,0
-17.6593,30.9431,324.4,2023-08-17,1119,D,0
-17.7521,30.683,323.5,2023-08-17,1119,D,0
-17.7599,30.6517,317.5,2023-08-17,1119,D,0
-17.7564,30.6908,320.6,2023-08-17,1119,D,0
-17.7989,31.5364,317.3,2023-08-17,1119,D,0
-17.9298,31.4565,322.8,2023-08-17,1119,D,0
-17.9264,31.4907,334.2,2023-08-17,1119,D,0
-18.0066,31.183,314.8,2023-08-17,1119,D,0
-18.0029,31.2191,322.5,2023-08-17,1119,D,0
-17.9963,31.1867,316.9,2023-08-17,1119,D,0
-17.9929,31.2228,319.8,2023-08-17,1119,D,0
-18.2176,30.8765,322.0,2023-08-17,1119,D,0
-18.2138,30.9146,328.4,2023-08-17,1119,D,0
-18.2904,30.315,320.6,2023-08-17,1119,D,0
-18.2734,30.3176,318.1,2023-08-17,1119,D,0
-18.2217,30.8814,327.5,2023-08-17,1119,D,0
-18.2181,30.9196,330.2,2023-08-17,1119,D,0
-18.2909,30.3193,320.7,2023-08-17,1119,D,0
-18.2637,30.854,316.6,2023-08-17,1119,D,0
-18.2516,31.6877,322.7,2023-08-17,1119,D,0
-18.3786,32.0953,318.6,2023-08-17,1119,D,0
-18.3752,32.1272,315.2,2023-08-17,1119,D,0
-18.3753,32.1024,323.1,2023-08-17,1119,D,0
-18.7202,30.7282,334.8,2023-08-17,1119,D,0
-18.9061,27.4715,317.7,2023-08-17,1257,D,0
-18.8957,27.5048,340.8,2023-08-17,1257,D,0
-17.9317,26.2016,318.6,2023-08-17,1257,D,0
-17.9155,26.1981,319.0,2023-08-17,1257,D,0
-17.9079,26.1894,320.7,2023-08-17,1257,D,0
-18.8971,27.5131,339.6,2023-08-17,1257,D,0
-19.2843,27.7568,316.6,2023-08-17,1257,D,0
-20.1441,29.0246,337.9,2023-08-17,1942,N,0
-20.1413,29.0553,327.4,2023-08-17,1942,N,0
-16.6248,31.1567,306.8,2023-08-17,1943,N,0
-20.1444,29.0488,335.1,2023-08-17,1943,N,0
-20.1474,29.0181,322.0,2023-08-17,1943,N,0
-18.551,31.1493,314.9,2023-08-17,1943,N,0
-18.551,31.1439,309.1,2023-08-17,1943,N,0
-18.0363,29.9689,302.3,2023-08-17,1943,N,0
-18.0304,29.9617,304.7,2023-08-17,1943,N,0
-16.6295,31.1448,334.9,2023-08-17,1943,N,0
-16.6371,31.1585,303.0,2023-08-17,1943,N,0
-16.6393,31.1396,303.8,2023-08-17,1943,N,0
-16.627,31.138,320.4,2023-08-17,1943,N,0
-17.5789,27.953,300.6,2023-08-17,2349,N,0
-16.8847,29.1909,304.8,2023-08-17,2349,N,0
-18.5287,31.1409,317.5,2023-08-17,2350,N,0
-18.5388,31.1395,341.2,2023-08-17,2350,N,0
-18.3695,26.483,307.7,2023-08-17,2350,N,0
-18.8026,30.0229,313.9,2023-08-18,813,D,0
-18.8467,31.3719,311.9,2023-08-18,813,D,0
-18.8359,31.3952,313.0,2023-08-18,813,D,0
-18.8337,31.3736,318.2,2023-08-18,813,D,0
-18.8359,31.3788,326.5,2023-08-18,813,D,0
-18.7359,31.4358,314.3,2023-08-18,813,D,0
-16.6268,31.1489,320.1,2023-08-18,813,D,0
-16.77,29.6292,316.7,2023-08-18,813,D,0
-16.9243,30.9223,311.8,2023-08-18,813,D,0
-16.8244,29.6011,328.7,2023-08-18,813,D,0
-16.8262,29.6158,316.4,2023-08-18,813,D,0
-16.9743,30.7798,312.3,2023-08-18,813,D,0
-16.9696,30.3289,312.9,2023-08-18,813,D,0
-16.9945,30.1685,326.4,2023-08-18,813,D,0
-16.9357,29.5807,319.8,2023-08-18,813,D,0
-16.9375,29.5953,315.8,2023-08-18,813,D,0
-17.2342,31.0203,316.9,2023-08-18,813,D,0
-17.0011,28.9339,315.8,2023-08-18,813,D,0
-17.2364,31.0136,314.3,2023-08-18,813,D,0
-17.2385,31.0325,320.2,2023-08-18,813,D,0
-17.3465,31.5467,318.2,2023-08-18,813,D,0
-17.389,31.9344,316.0,2023-08-18,813,D,0
-17.3993,30.873,314.0,2023-08-18,813,D,0
-17.4016,30.8922,324.6,2023-08-18,813,D,0
-17.7749,30.8588,317.9,2023-08-18,813,D,0
-17.7796,30.8709,318.3,2023-08-18,813,D,0
-17.9725,31.6708,315.1,2023-08-18,813,D,0
-17.9693,31.6656,313.5,2023-08-18,813,D,0
-17.8423,29.894,314.1,2023-08-18,813,D,0
-17.9825,30.721,313.7,2023-08-18,813,D,0
-18.1488,31.5207,311.8,2023-08-18,813,D,0
-18.2185,31.9189,310.1,2023-08-18,813,D,0
-18.2209,31.9412,308.6,2023-08-18,813,D,0
-18.0035,29.6237,317.1,2023-08-18,813,D,0
-18.0045,29.6326,317.9,2023-08-18,813,D,0
-18.5422,31.676,312.2,2023-08-18,813,D,0
-18.6675,31.4995,325.9,2023-08-18,813,D,0
-18.6646,31.4942,324.3,2023-08-18,813,D,0
-18.6668,31.5159,314.8,2023-08-18,813,D,0
-17.9041,25.2304,317.6,2023-08-18,813,D,0
-18.6211,30.5094,313.0,2023-08-18,813,D,0
-18.6232,30.5277,314.4,2023-08-18,813,D,0
-16.3563,30.3505,318.4,2023-08-18,813,D,0
-16.3547,30.3617,310.8,2023-08-18,813,D,0
-18.7388,31.4422,314.8,2023-08-18,813,D,0
-16.3662,30.3595,314.5,2023-08-18,813,D,0
-16.3439,29.8835,315.7,2023-08-18,813,D,0
-16.417,29.4672,316.5,2023-08-18,813,D,0
-16.6243,31.1551,317.0,2023-08-18,813,D,0
-19.5878,29.9215,313.5,2023-08-18,813,D,0
-19.4969,30.5312,314.6,2023-08-18,813,D,0
-19.0765,29.7177,313.3,2023-08-18,813,D,0
-19.0162,30.4119,316.2,2023-08-18,813,D,0
-19.0746,29.7014,340.0,2023-08-18,813,D,0
-19.0813,31.2624,317.4,2023-08-18,813,D,0
-19.0791,31.2409,323.6,2023-08-18,813,D,0
-19.0811,31.2474,328.8,2023-08-18,813,D,0
-18.3726,26.4849,315.6,2023-08-18,813,D,0
-19.7962,29.6282,331.4,2023-08-18,814,D,0
-21.3128,30.6285,321.4,2023-08-18,814,D,0
-21.3133,30.634,323.6,2023-08-18,814,D,0
-20.6033,28.5123,313.4,2023-08-18,814,D,0
-20.5986,28.5049,317.5,2023-08-18,814,D,0
-20.0511,28.479,318.1,2023-08-18,814,D,0
-20.0563,28.4705,317.3,2023-08-18,814,D,0
-19.7943,29.6117,341.9,2023-08-18,814,D,0
-19.7847,29.6295,343.7,2023-08-18,814,D,0
-19.7828,29.6131,406.7,2023-08-18,814,D,0
-19.7809,29.5968,378.1,2023-08-18,814,D,0
-19.8849,30.4196,330.4,2023-08-18,1200,D,0
-20.3574,28.2168,321.1,2023-08-18,1200,D,0
-20.013,29.2224,324.4,2023-08-18,1200,D,0
-18.8445,32.5301,341.5,2023-08-18,1200,D,0
-18.8522,32.5419,327.6,2023-08-18,1200,D,0
-18.8507,32.552,351.2,2023-08-18,1200,D,0
-19.0285,31.4965,332.4,2023-08-18,1200,D,0
-19.0271,31.506,327.4,2023-08-18,1200,D,0
-18.9523,32.0075,323.6,2023-08-18,1200,D,0
-20.0144,29.2122,338.5,2023-08-18,1200,D,0
-19.7068,31.1485,329.2,2023-08-18,1200,D,0
-20.0595,28.4727,327.9,2023-08-18,1200,D,0
-19.7843,29.6237,334.9,2023-08-18,1200,D,0
-19.5979,29.9101,337.4,2023-08-18,1200,D,0
-19.5965,29.9198,340.7,2023-08-18,1200,D,0
-19.5578,30.7164,321.3,2023-08-18,1200,D,0
-19.7752,29.6223,339.7,2023-08-18,1200,D,0
-18.8734,32.6357,318.0,2023-08-18,1200,D,0
-19.7739,29.6322,325.8,2023-08-18,1200,D,0
-19.0656,31.4996,326.6,2023-08-18,1200,D,0
-19.3341,30.2174,320.7,2023-08-18,1200,D,0
-19.019,32.6564,326.8,2023-08-18,1200,D,0
-19.2028,31.6918,337.0,2023-08-18,1200,D,0
-19.3921,30.7157,323.6,2023-08-18,1200,D,0
-19.5128,30.384,322.1,2023-08-18,1200,D,0
-19.5875,29.9183,321.3,2023-08-18,1200,D,0
-19.5217,30.3854,337.3,2023-08-18,1200,D,0
-19.5714,30.0334,326.0,2023-08-18,1200,D,0
-19.5701,30.043,340.9,2023-08-18,1200,D,0
-19.523,30.376,328.2,2023-08-18,1200,D,0
-21.6208,30.5713,324.6,2023-08-18,1200,D,0
-20.7742,32.0252,328.8,2023-08-18,1200,D,0
-20.361,32.683,332.0,2023-08-18,1200,D,0
-20.3287,32.7087,320.8,2023-08-18,1200,D,0
-20.7368,29.8532,324.9,2023-08-18,1200,D,0
-20.7277,29.8517,327.2,2023-08-18,1200,D,0
-20.7291,29.8418,322.8,2023-08-18,1200,D,0
-20.2554,31.9849,323.8,2023-08-18,1200,D,0
-20.2568,31.9752,327.4,2023-08-18,1200,D,0
-20.5964,28.4991,319.9,2023-08-18,1200,D,0
-19.9203,32.9586,320.3,2023-08-18,1200,D,0
-19.922,32.9482,319.1,2023-08-18,1200,D,0
-19.9545,32.7416,319.9,2023-08-18,1200,D,0
-19.9056,32.9489,318.4,2023-08-18,1200,D,0
-20.1569,31.2148,325.3,2023-08-18,1200,D,0
-20.1583,31.2053,326.5,2023-08-18,1200,D,0
-20.1814,30.7928,322.2,2023-08-18,1200,D,0
-20.4026,29.0536,322.8,2023-08-18,1200,D,0
-20.3793,29.0447,322.1,2023-08-18,1200,D,0
-20.3699,29.0434,324.6,2023-08-18,1200,D,0
-20.0608,31.1834,343.4,2023-08-18,1200,D,0
-20.0622,31.174,327.7,2023-08-18,1200,D,0
-20.0519,31.182,372.8,2023-08-18,1200,D,0
-20.0533,31.1725,340.1,2023-08-18,1200,D,0
-20.054,30.9791,330.7,2023-08-18,1200,D,0
-20.068,30.4905,322.6,2023-08-18,1200,D,0
-20.3672,28.2183,324.9,2023-08-18,1200,D,0
-20.0555,30.4496,325.1,2023-08-18,1200,D,0
-19.8952,30.4116,324.0,2023-08-18,1200,D,0
-19.8938,30.4211,324.1,2023-08-18,1200,D,0
-19.8296,30.933,328.4,2023-08-18,1200,D,0
-20.0722,29.2731,324.3,2023-08-18,1200,D,0
-20.0828,29.2643,330.7,2023-08-18,1200,D,0
-20.0814,29.2745,357.1,2023-08-18,1200,D,0
-20.0579,29.4455,328.4,2023-08-18,1200,D,0
-20.0565,29.4555,326.9,2023-08-18,1200,D,0
-20.0893,29.2719,334.8,2023-08-18,1200,D,0
-19.6373,32.7756,318.8,2023-08-18,1200,D,0
-17.905,30.1709,329.2,2023-08-18,1201,D,0
-18.8434,32.2921,341.6,2023-08-18,1201,D,0
-18.9883,31.334,331.5,2023-08-18,1201,D,0
-18.9897,31.3245,321.9,2023-08-18,1201,D,0
-19.2055,29.7551,324.8,2023-08-18,1201,D,0
-19.2069,29.7455,338.9,2023-08-18,1201,D,0
-19.1965,29.7537,321.5,2023-08-18,1201,D,0
-18.9481,31.2346,327.0,2023-08-18,1201,D,0
-18.9495,31.2251,339.1,2023-08-18,1201,D,0
-18.9406,31.2236,333.3,2023-08-18,1201,D,0
-19.0457,30.5004,321.8,2023-08-18,1201,D,0
-19.0708,30.1961,330.9,2023-08-18,1201,D,0
-19.0734,30.1772,323.5,2023-08-18,1201,D,0
-19.031,30.4115,321.9,2023-08-18,1201,D,0
-19.0618,30.1946,323.9,2023-08-18,1201,D,0
-18.8424,31.3847,333.1,2023-08-18,1201,D,0
-19.0842,29.704,324.1,2023-08-18,1201,D,0
-19.0869,29.6847,354.3,2023-08-18,1201,D,0
-18.8335,31.3832,334.3,2023-08-18,1201,D,0
-18.8349,31.3737,328.5,2023-08-18,1201,D,0
-18.9502,30.584,338.1,2023-08-18,1201,D,0
-19.0778,29.6833,343.2,2023-08-18,1201,D,0
-19.3198,27.7339,322.2,2023-08-18,1201,D,0
-18.6308,32.2472,332.3,2023-08-18,1201,D,0
-18.7441,31.4309,325.4,2023-08-18,1201,D,0
-18.7455,31.4214,327.6,2023-08-18,1201,D,0
-18.7096,31.4155,328.9,2023-08-18,1201,D,0
-18.711,31.406,324.0,2023-08-18,1201,D,0
-18.5459,32.1951,342.5,2023-08-18,1201,D,0
-18.5474,32.1852,336.5,2023-08-18,1201,D,0
-18.4782,32.5138,329.8,2023-08-18,1201,D,0
-18.5254,31.8996,320.7,2023-08-18,1201,D,0
-18.5501,31.6756,328.0,2023-08-18,1201,D,0
-18.6002,31.342,328.3,2023-08-18,1201,D,0
-18.6016,31.3325,327.7,2023-08-18,1201,D,0
-18.5414,31.6783,346.6,2023-08-18,1201,D,0
-18.5429,31.6688,330.4,2023-08-18,1201,D,0
-18.4194,32.2389,325.2,2023-08-18,1201,D,0
-18.516,31.4779,321.8,2023-08-18,1201,D,0
-18.561,31.1749,329.0,2023-08-18,1201,D,0
-18.5624,31.1655,328.7,2023-08-18,1201,D,0
-18.3496,32.5061,317.2,2023-08-18,1201,D,0
-18.779,29.5199,320.7,2023-08-18,1201,D,0
-18.4397,31.7996,324.8,2023-08-18,1201,D,0
-18.6312,30.5051,326.1,2023-08-18,1201,D,0
-18.6326,30.4957,324.6,2023-08-18,1201,D,0
-18.4515,31.5975,323.3,2023-08-18,1201,D,0
-18.4529,31.588,319.9,2023-08-18,1201,D,0
-18.7164,29.769,334.8,2023-08-18,1201,D,0
-18.3467,32.2302,318.9,2023-08-18,1201,D,0
-18.4121,31.7983,325.0,2023-08-18,1201,D,0
-18.4031,31.7967,322.1,2023-08-18,1201,D,0
-18.4045,31.787,323.7,2023-08-18,1201,D,0
-18.4843,31.2522,321.9,2023-08-18,1201,D,0
-18.5532,30.7827,324.6,2023-08-18,1201,D,0
-18.6287,30.2584,337.4,2023-08-18,1201,D,0
-18.6301,30.249,336.5,2023-08-18,1201,D,0
-18.6212,30.2475,325.0,2023-08-18,1201,D,0
-18.5522,30.6007,328.1,2023-08-18,1201,D,0
-18.5535,30.5913,328.4,2023-08-18,1201,D,0
-18.5148,30.7956,323.8,2023-08-18,1201,D,0
-18.1504,32.9098,320.4,2023-08-18,1201,D,0
-18.1521,32.8984,320.7,2023-08-18,1201,D,0
-18.2506,32.1369,337.0,2023-08-18,1201,D,0
-18.2521,32.127,363.4,2023-08-18,1201,D,0
-18.2261,31.9338,332.7,2023-08-18,1201,D,0
-18.2275,31.924,333.5,2023-08-18,1201,D,0
-18.2046,31.8901,320.8,2023-08-18,1201,D,0
-18.2941,31.0447,327.0,2023-08-18,1201,D,0
-18.2955,31.0353,330.2,2023-08-18,1201,D,0
-18.3148,30.9041,333.5,2023-08-18,1201,D,0
-18.3161,30.8947,328.4,2023-08-18,1201,D,0
-18.4281,30.1181,333.1,2023-08-18,1201,D,0
-18.2047,31.5828,322.4,2023-08-18,1201,D,0
-18.2865,31.0339,331.3,2023-08-18,1201,D,0
-18.2879,31.0245,328.8,2023-08-18,1201,D,0
-18.5592,29.1076,324.5,2023-08-18,1201,D,0
-18.3887,30.2021,328.2,2023-08-18,1201,D,0
-18.3646,30.1791,329.2,2023-08-18,1201,D,0
-18.1595,31.5205,359.8,2023-08-18,1201,D,0
-18.1609,31.5109,350.3,2023-08-18,1201,D,0
-18.1505,31.519,323.1,2023-08-18,1201,D,0
-18.3467,30.1763,333.0,2023-08-18,1201,D,0
-18.1314,31.5845,321.6,2023-08-18,1201,D,0
-18.29,30.4449,334.2,2023-08-18,1201,D,0
-18.2913,30.4355,325.6,2023-08-18,1201,D,0
-18.3252,30.1345,324.2,2023-08-18,1201,D,0
-18.1159,31.4384,330.6,2023-08-18,1201,D,0
-17.8909,32.858,324.6,2023-08-18,1201,D,0
-18.2759,30.2161,331.0,2023-08-18,1201,D,0
-18.2772,30.2067,335.4,2023-08-18,1201,D,0
-18.0144,31.806,342.8,2023-08-18,1201,D,0
-18.0159,31.7963,327.8,2023-08-18,1201,D,0
-18.091,31.1724,325.1,2023-08-18,1201,D,0
-17.954,31.9565,327.5,2023-08-18,1201,D,0
-18.059,31.2638,326.2,2023-08-18,1201,D,0
-18.0604,31.2543,346.2,2023-08-18,1201,D,0
-18.1079,30.8716,322.6,2023-08-18,1201,D,0
-18.2163,30.057,322.6,2023-08-18,1201,D,0
-18.1899,30.1775,341.3,2023-08-18,1201,D,0
-18.181,30.1761,364.7,2023-08-18,1201,D,0
-18.1823,30.1667,342.5,2023-08-18,1201,D,0
-17.9292,31.8259,346.8,2023-08-18,1201,D,0
-17.9307,31.8161,328.2,2023-08-18,1201,D,0
-17.9201,31.8244,322.5,2023-08-18,1201,D,0
-18.1262,30.1034,328.8,2023-08-18,1201,D,0
-18.0771,30.1913,333.4,2023-08-18,1201,D,0
-17.8928,31.389,322.1,2023-08-18,1201,D,0
-17.9784,30.7482,345.1,2023-08-18,1201,D,0
-17.9626,30.7934,338.7,2023-08-18,1201,D,0
-17.964,30.784,324.3,2023-08-18,1201,D,0
-17.9694,30.7467,323.8,2023-08-18,1201,D,0
-18.0457,30.0906,347.8,2023-08-18,1201,D,0
-18.0471,30.0813,330.6,2023-08-18,1201,D,0
-18.0657,29.9498,321.1,2023-08-18,1201,D,0
-18.067,29.9404,323.0,2023-08-18,1201,D,0
-17.9361,30.5354,325.1,2023-08-18,1201,D,0
-17.8644,30.9633,326.5,2023-08-18,1201,D,2
-18.1391,28.8919,324.1,2023-08-18,1201,D,0
-17.9634,30.0911,324.1,2023-08-18,1201,D,0
-17.7669,31.3725,320.9,2023-08-18,1201,D,0
-17.8332,30.8558,326.5,2023-08-18,1201,D,0
-17.7251,31.5256,350.8,2023-08-18,1201,D,0
-17.7265,31.516,327.3,2023-08-18,1201,D,0
-18.0018,29.6183,331.0,2023-08-18,1201,D,0
-17.9037,30.1802,326.6,2023-08-18,1201,D,0
-17.6542,31.8108,322.5,2023-08-18,1201,D,0
-17.9232,29.9151,330.8,2023-08-18,1201,D,0
-17.6237,31.7658,324.9,2023-08-18,1201,D,0
-17.7075,31.0887,326.1,2023-08-18,1201,D,0
-17.7683,30.6105,327.0,2023-08-18,1201,D,0
-17.7594,30.609,365.7,2023-08-18,1201,D,0
-17.7608,30.5997,347.2,2023-08-18,1201,D,0
-17.8621,29.7651,322.5,2023-08-18,1201,D,0
-17.8635,29.7556,342.6,2023-08-18,1201,D,0
-17.7704,30.3441,325.5,2023-08-18,1201,D,0
-17.7718,30.3348,326.9,2023-08-18,1201,D,0
-17.7918,30.195,329.7,2023-08-18,1201,D,0
-17.7932,30.1857,328.7,2023-08-18,1201,D,0
-17.8531,29.7637,328.4,2023-08-18,1201,D,0
-17.8545,29.7543,332.6,2023-08-18,1201,D,0
-17.7548,30.3892,338.3,2023-08-18,1201,D,0
-17.7628,30.3334,325.6,2023-08-18,1201,D,0
-17.7459,30.3878,336.6,2023-08-18,1201,D,0
-17.5959,31.2834,339.3,2023-08-18,1201,D,0
-17.5973,31.2739,323.4,2023-08-18,1201,D,0
-17.7495,30.236,342.4,2023-08-18,1201,D,0
-17.7508,30.2266,334.5,2023-08-18,1201,D,0
-17.8272,29.6175,320.5,2023-08-18,1201,D,0
-17.7887,29.8241,328.8,2023-08-18,1201,D,0
-17.7317,30.1598,325.3,2023-08-18,1201,D,0
-17.733,30.1504,332.4,2023-08-18,1201,D,0
-17.5973,30.9584,321.8,2023-08-18,1201,D,0
-17.5987,30.949,330.8,2023-08-18,1201,D,0
-17.6386,30.2347,335.5,2023-08-18,1201,D,0
-17.6283,30.2426,330.8,2023-08-18,1201,D,0
-17.6297,30.2333,351.1,2023-08-18,1201,D,0
-17.3925,31.7794,327.0,2023-08-18,1201,D,0
-17.4942,31.0995,321.3,2023-08-18,1201,D,0
-17.6194,30.2411,331.8,2023-08-18,1201,D,0
-17.6207,30.2318,329.6,2023-08-18,1201,D,0
-17.3833,31.7778,326.9,2023-08-18,1201,D,0
-17.5157,30.8916,330.9,2023-08-18,1201,D,0
-17.7509,29.1791,322.0,2023-08-18,1201,D,0
-17.2168,32.5471,331.8,2023-08-18,1201,D,0
-17.4678,30.6479,332.4,2023-08-18,1201,D,0
-17.4692,30.6386,329.9,2023-08-18,1201,D,0
-17.4827,30.5456,326.2,2023-08-18,1201,D,0
-17.4841,30.5363,338.0,2023-08-18,1201,D,0
-17.5002,30.4247,333.1,2023-08-18,1201,D,0
-17.4913,30.4233,360.3,2023-08-18,1201,D,0
-17.4927,30.414,359.8,2023-08-18,1201,D,0
-17.314,31.561,322.2,2023-08-18,1201,D,0
-17.4824,30.4219,329.6,2023-08-18,1201,D,0
-17.519,30.1043,332.6,2023-08-18,1201,D,0
-17.5204,30.095,327.6,2023-08-18,1201,D,0
-17.3979,30.8753,353.0,2023-08-18,1201,D,0
-17.3993,30.8659,389.9,2023-08-18,1201,D,0
-17.3903,30.8645,323.2,2023-08-18,1201,D,0
-17.4901,29.9223,326.3,2023-08-18,1201,D,0
-17.2992,31.1714,330.0,2023-08-18,1201,D,0
-17.2643,31.2822,331.2,2023-08-18,1201,D,0
-17.3546,30.6717,322.1,2023-08-18,1201,D,0
-17.7774,27.5386,322.7,2023-08-18,1201,D,0
-17.7789,27.527,341.7,2023-08-18,1201,D,0
-17.1733,31.7007,324.4,2023-08-18,1201,D,0
-17.1747,31.691,324.2,2023-08-18,1201,D,0
-17.2415,31.0586,352.2,2023-08-18,1201,D,0
-17.1917,31.3318,339.8,2023-08-18,1201,D,0
-17.1932,31.3223,331.8,2023-08-18,1201,D,0
-17.2325,31.0571,325.6,2023-08-18,1201,D,0
-17.1827,31.3303,331.4,2023-08-18,1201,D,0
-17.1841,31.3208,334.5,2023-08-18,1201,D,0
-17.3465,30.1504,323.8,2023-08-18,1201,D,0
-17.6461,27.9852,336.0,2023-08-18,1201,D,0
-17.6475,27.9744,329.7,2023-08-18,1201,D,0
-17.6337,28.0054,323.1,2023-08-18,1201,D,0
-17.6351,27.9946,326.9,2023-08-18,1201,D,0
-17.6366,27.9837,333.9,2023-08-18,1201,D,0
-17.2086,30.7844,320.8,2023-08-18,1201,D,0
-17.21,30.7751,331.3,2023-08-18,1201,D,0
-17.2044,30.6258,327.8,2023-08-18,1201,D,0
-17.2057,30.6165,328.2,2023-08-18,1201,D,0
-17.0168,31.7626,321.6,2023-08-18,1201,D,0
-17.3897,29.198,325.6,2023-08-18,1201,D,0
-17.1708,30.668,323.3,2023-08-18,1201,D,0
-17.2186,30.2765,325.3,2023-08-18,1201,D,0
-17.2408,29.9949,320.8,2023-08-18,1201,D,0
-17.2279,29.9482,320.1,2023-08-18,1201,D,0
-17.1025,30.6883,327.2,2023-08-18,1201,D,0
-17.1039,30.679,327.1,2023-08-18,1201,D,0
-17.0384,31.0612,324.6,2023-08-18,1201,D,0
-17.0398,31.0518,340.2,2023-08-18,1201,D,0
-17.1405,30.2385,345.5,2023-08-18,1201,D,0
-17.1419,30.2292,323.2,2023-08-18,1201,D,0
-17.1303,30.2463,331.9,2023-08-18,1201,D,0
-17.1316,30.2371,334.7,2023-08-18,1201,D,0
-17.2685,29.271,329.3,2023-08-18,1201,D,0
-17.2507,29.1998,322.7,2023-08-18,1201,D,0
-17.1019,30.1887,322.3,2023-08-18,1201,D,0
-17.2436,29.193,327.2,2023-08-18,1201,D,0
-16.8507,31.6421,323.5,2023-08-18,1201,D,0
-16.8522,31.6324,324.5,2023-08-18,1201,D,0
-16.9722,30.7665,333.0,2023-08-18,1201,D,0
-16.9735,30.7572,332.3,2023-08-18,1201,D,0
-17.0831,29.9387,336.7,2023-08-18,1201,D,0
-17.0844,29.9294,331.3,2023-08-18,1201,D,0
-16.7994,31.7946,324.3,2023-08-18,1201,D,0
-16.9014,31.1201,320.7,2023-08-18,1201,D,0
-17.0261,30.2715,328.9,2023-08-18,1201,D,0
-17.2082,28.9802,323.3,2023-08-18,1201,D,0
-17.0172,30.2701,323.0,2023-08-18,1201,D,0
-17.002,30.1759,335.1,2023-08-18,1201,D,0
-16.9931,30.1745,329.1,2023-08-18,1201,D,0
-16.7703,31.6223,323.4,2023-08-18,1201,D,0
-16.8223,31.2758,321.9,2023-08-18,1201,D,0
-16.8492,31.0953,324.0,2023-08-18,1201,D,0
-16.8402,31.0937,323.2,2023-08-18,1201,D,0
-17.0099,29.9303,331.2,2023-08-18,1201,D,0
-16.9997,29.9382,330.0,2023-08-18,1201,D,0
-17.001,29.9289,342.6,2023-08-18,1201,D,0
-16.8344,30.8236,327.9,2023-08-18,1201,D,0
-16.9414,29.9612,328.0,2023-08-18,1201,D,0
-16.9427,29.9519,328.0,2023-08-18,1201,D,0
-16.8043,30.8418,324.8,2023-08-18,1201,D,0
-16.8057,30.8324,332.7,2023-08-18,1201,D,0
-16.8777,30.34,335.3,2023-08-18,1201,D,0
-16.879,30.3307,324.8,2023-08-18,1201,D,0
-16.7367,31.2363,325.7,2023-08-18,1201,D,0
-16.7277,31.2348,335.5,2023-08-18,1201,D,0
-16.7291,31.2253,324.8,2023-08-18,1201,D,0
-16.7186,31.2333,356.6,2023-08-18,1201,D,0
-16.72,31.2238,354.7,2023-08-18,1201,D,0
-16.8393,30.3528,325.2,2023-08-18,1201,D,0
-16.8407,30.3435,376.5,2023-08-18,1201,D,0
-16.842,30.3343,333.3,2023-08-18,1201,D,0
-16.8317,30.3421,331.8,2023-08-18,1201,D,0
-16.9408,29.5801,325.1,2023-08-18,1201,D,0
-16.8215,30.35,324.7,2023-08-18,1201,D,0
-16.9305,29.588,325.6,2023-08-18,1201,D,0
-17.0142,28.9189,323.9,2023-08-18,1201,D,0
-16.8776,29.6308,324.4,2023-08-18,1201,D,0
-16.9429,29.1677,327.3,2023-08-18,1201,D,0
-16.5412,31.8541,325.8,2023-08-18,1201,D,0
-16.6389,31.1456,340.7,2023-08-18,1201,D,0
-16.8929,29.3931,325.2,2023-08-18,1201,D,0
-16.6285,31.1536,325.1,2023-08-18,1201,D,0
-16.6299,31.1442,335.6,2023-08-18,1201,D,0
-16.6313,31.1347,323.8,2023-08-18,1201,D,0
-16.7789,29.9388,326.4,2023-08-18,1201,D,0
-16.7803,29.9295,330.9,2023-08-18,1201,D,0
-16.8265,29.6038,323.3,2023-08-18,1201,D,0
-16.7644,29.6551,328.6,2023-08-18,1201,D,0
-16.5422,31.0566,320.5,2023-08-18,1201,D,0
-16.7479,29.643,373.2,2023-08-18,1201,D,0
-16.7492,29.6337,325.4,2023-08-18,1201,D,0
-16.7548,29.5294,320.1,2023-08-18,1201,D,0
-16.6075,30.0417,325.5,2023-08-18,1201,D,0
-16.5455,30.3441,320.0,2023-08-18,1201,D,0
-16.6996,29.196,331.7,2023-08-18,1201,D,0
-16.701,29.1864,319.9,2023-08-18,1201,D,0
-16.5416,30.2432,321.6,2023-08-18,1201,D,0
-16.6642,29.3878,319.7,2023-08-18,1201,D,0
-16.6272,29.5834,336.8,2023-08-18,1201,D,0
-16.6285,29.5741,323.0,2023-08-18,1201,D,0
-16.6365,29.5179,324.1,2023-08-18,1201,D,0
-16.5189,30.2112,322.1,2023-08-18,1201,D,0
-16.5611,29.4616,342.9,2023-08-18,1201,D,0
-16.5625,29.4522,331.4,2023-08-18,1201,D,0
-16.5522,29.4602,335.4,2023-08-18,1201,D,0
-16.5432,29.4588,323.2,2023-08-18,1201,D,0
-16.5445,29.4494,324.8,2023-08-18,1201,D,0
-16.3694,30.3513,322.8,2023-08-18,1201,D,0
-16.3605,30.3499,323.3,2023-08-18,1201,D,0
-16.3618,30.3406,321.5,2023-08-18,1201,D,0
-16.525,29.1956,323.2,2023-08-18,1201,D,0
-16.4593,29.5985,327.2,2023-08-18,1201,D,0
-16.4606,29.5892,323.1,2023-08-18,1201,D,0
-16.4512,29.5914,323.4,2023-08-18,1201,D,0
-16.3133,30.4221,326.0,2023-08-18,1201,D,0
-16.3856,29.9225,322.9,2023-08-18,1201,D,0
-16.3787,29.7795,319.6,2023-08-18,1201,D,0
-16.3552,29.8799,323.7,2023-08-18,1201,D,0
-16.3565,29.8706,320.4,2023-08-18,1201,D,0
-16.4147,29.4617,328.5,2023-08-18,1201,D,0
-16.4057,29.4603,328.1,2023-08-18,1201,D,0
-16.4099,29.3653,326.4,2023-08-18,1201,D,0
-16.0666,30.5984,325.3,2023-08-18,1201,D,0
-20.1887,28.8079,312.6,2023-08-18,2023,N,0
-19.901,30.4183,321.3,2023-08-18,2023,N,0
-19.9028,30.4072,300.1,2023-08-18,2023,N,0
-18.9506,32.6026,300.2,2023-08-18,2023,N,0
-18.9532,32.5871,301.0,2023-08-18,2023,N,0
-18.906,31.1384,302.7,2023-08-18,2023,N,0
-18.9081,31.1258,322.2,2023-08-18,2023,N,0
-18.8979,31.124,305.1,2023-08-18,2023,N,0
-16.5109,29.1703,311.4,2023-08-18,2024,N,0
-18.4249,31.3898,301.7,2023-08-18,2024,N,0
-17.3309,30.669,301.1,2023-08-18,2024,N,0
-17.2637,29.2601,306.6,2023-08-18,2024,N,0
-17.1286,29.4778,304.9,2023-08-18,2024,N,0
-17.0853,29.5405,308.3,2023-08-18,2024,N,0
-16.9578,29.1625,300.7,2023-08-18,2024,N,0
-16.6596,29.373,300.1,2023-08-18,2024,N,0
-16.5188,29.1822,307.3,2023-08-18,2024,N,0
-16.5093,29.1807,343.1,2023-08-18,2024,N,0
-16.7831,31.6591,320.4,2023-08-19,716,D,0
-16.7875,31.6835,311.8,2023-08-19,716,D,0
-16.7032,31.2773,310.5,2023-08-19,716,D,0
-16.7742,31.6536,315.5,2023-08-19,716,D,0
-16.7788,31.6779,321.8,2023-08-19,716,D,0
-16.504,29.1627,322.5,2023-08-19,716,D,0
-16.513,29.1192,337.5,2023-08-19,716,D,0
-16.5206,29.1593,350.6,2023-08-19,716,D,0
-16.5075,29.1543,326.2,2023-08-19,716,D,0
-16.5162,29.1107,319.2,2023-08-19,716,D,0
-16.5241,29.1506,352.2,2023-08-19,716,D,0
-16.6798,29.6911,321.1,2023-08-19,716,D,0
-16.6863,29.7255,318.0,2023-08-19,716,D,0
-16.6876,29.6838,319.4,2023-08-19,716,D,0
-16.6944,29.7183,324.4,2023-08-19,716,D,0
-17.1358,30.5616,324.9,2023-08-19,716,D,0
-17.1412,30.591,310.8,2023-08-19,716,D,0
-17.1339,30.5548,320.1,2023-08-19,716,D,0
-17.1395,30.5841,318.5,2023-08-19,716,D,0
-17.6029,31.0154,310.2,2023-08-19,716,D,0
-17.6099,31.034,310.9,2023-08-19,716,D,0
-17.6843,30.6196,309.3,2023-08-19,716,D,0
-18.1984,31.481,309.6,2023-08-19,716,D,0
-18.5057,32.2276,326.6,2023-08-19,716,D,0
-18.5184,32.225,321.6,2023-08-19,716,D,0
-18.5136,31.1111,313.0,2023-08-19,716,D,0
-18.504,31.1059,319.8,2023-08-19,716,D,0
-19.3359,30.083,309.5,2023-08-19,716,D,0
-19.8611,28.9093,311.2,2023-08-19,716,D,0
-19.8536,28.9053,310.1,2023-08-19,716,D,0
-20.417,28.9157,323.7,2023-08-19,1242,D,0
-20.4111,28.9377,320.6,2023-08-19,1242,D,0
-20.4163,28.9105,322.2,2023-08-19,1242,D,0
-20.1902,28.8166,324.0,2023-08-19,1242,D,0
-20.1956,28.7895,334.2,2023-08-19,1242,D,0
-20.1874,28.8087,329.5,2023-08-19,1242,D,0
-20.1926,28.7814,327.5,2023-08-19,1242,D,0
-20.0376,29.2694,319.8,2023-08-19,1242,D,0
-20.0432,29.2411,327.1,2023-08-19,1242,D,0
-19.8377,28.882,318.6,2023-08-19,1242,D,0
-19.6302,29.533,335.0,2023-08-19,1242,D,0
-19.6332,29.5259,331.9,2023-08-19,1242,D,0
-19.2933,31.1164,318.4,2023-08-19,1242,D,0
-19.3018,31.0753,319.2,2023-08-19,1242,D,0
-19.302,30.9895,322.0,2023-08-19,1242,D,0
-19.3007,30.9846,321.7,2023-08-19,1242,D,0
-19.3354,30.0645,319.3,2023-08-19,1242,D,0
-19.0912,29.775,324.1,2023-08-19,1242,D,0
-19.0747,29.7985,319.8,2023-08-19,1242,D,0
-19.0812,29.765,322.2,2023-08-19,1242,D,0
-18.8755,30.1798,318.7,2023-08-19,1242,D,0
-18.4942,31.419,320.0,2023-08-19,1242,D,0
-18.7532,30.4097,316.5,2023-08-19,1242,D,0
-18.5125,31.4152,319.2,2023-08-19,1242,D,0
-18.495,31.4106,316.3,2023-08-19,1242,D,0
-18.4793,31.2233,330.4,2023-08-19,1242,D,0
-18.4883,31.1805,322.4,2023-08-19,1242,D,0
-18.4809,31.2194,331.1,2023-08-19,1242,D,0
-18.4897,31.1764,319.4,2023-08-19,1242,D,0
-18.4664,30.2131,317.2,2023-08-19,1242,D,0
-17.6651,31.1602,317.9,2023-08-19,1242,D,0
-18.2311,26.3316,343.4,2023-08-19,1243,D,0
-17.4649,31.0609,320.9,2023-08-19,1243,D,0
-17.4562,31.0963,318.5,2023-08-19,1243,D,0
-18.3259,26.5976,320.5,2023-08-19,1243,D,0
-17.4314,30.8628,317.8,2023-08-19,1243,D,0
-17.5935,30.1448,318.3,2023-08-19,1243,D,0
-17.4327,30.8587,317.7,2023-08-19,1243,D,0
-17.4072,30.7178,322.2,2023-08-19,1243,D,0
-17.39,30.7138,317.7,2023-08-19,1243,D,0
-18.2346,26.3125,342.2,2023-08-19,1243,D,0
-18.2187,26.3298,336.8,2023-08-19,1243,D,0
-18.2222,26.3107,343.7,2023-08-19,1243,D,0
-17.4056,30.7094,321.2,2023-08-19,1243,D,0
-17.7077,29.1631,318.3,2023-08-19,1243,D,0
-18.2288,26.3239,348.0,2023-08-19,1243,D,0
-18.2322,26.3047,331.6,2023-08-19,1243,D,0
-18.2164,26.3219,338.1,2023-08-19,1243,D,0
-17.6307,29.1754,320.7,2023-08-19,1243,D,0
-17.9538,26.2562,324.5,2023-08-19,1243,D,0
-17.9497,26.2698,325.7,2023-08-19,1243,D,0
-17.3699,28.3566,324.8,2023-08-19,1243,D,0
-17.3712,28.3519,322.2,2023-08-19,1243,D,0
-17.1281,29.4476,324.1,2023-08-19,1243,D,0
-16.9722,29.9719,320.4,2023-08-19,1243,D,0
-16.98,29.9335,318.2,2023-08-19,1243,D,0
-16.9835,29.9664,322.6,2023-08-19,1243,D,0
-16.7465,30.7918,317.0,2023-08-19,1243,D,0
-16.7553,30.7489,318.9,2023-08-19,1243,D,0
-16.72,30.8312,325.6,2023-08-19,1243,D,0
-16.7377,30.7455,317.0,2023-08-19,1243,D,0
-16.7224,30.8271,320.7,2023-08-19,1243,D,0
-16.731,30.7841,320.8,2023-08-19,1243,D,0
-16.7396,30.7412,321.1,2023-08-19,1243,D,0
-16.9607,28.3308,330.4,2023-08-19,1243,D,0
-16.7579,29.2058,325.0,2023-08-19,1243,D,0
-16.7046,29.685,317.0,2023-08-19,1243,D,0
-16.9607,28.3235,326.5,2023-08-19,1243,D,0
-16.7642,29.1993,320.2,2023-08-19,1243,D,0
-16.7485,29.1962,321.3,2023-08-19,1243,D,0
-16.5103,29.1361,325.5,2023-08-19,1243,D,0
-16.5163,29.1052,318.6,2023-08-19,1243,D,0
-16.5027,29.1306,324.7,2023-08-19,1243,D,0
-16.4601,32.1514,306.8,2023-08-19,2335,N,0
-16.6248,31.1651,308.4,2023-08-19,2335,N,0
-16.8621,31.5157,300.0,2023-08-19,2335,N,0
-16.8779,30.826,300.9,2023-08-19,2335,N,0
-17.1833,30.594,300.9,2023-08-19,2335,N,0
-17.3032,30.5971,308.2,2023-08-19,2335,N,0
-18.2268,31.3956,303.2,2023-08-19,2335,N,0
-18.4223,30.9221,307.1,2023-08-19,2335,N,0
-16.1819,30.3876,317.5,2023-08-20,756,D,0
-16.1832,30.3971,314.7,2023-08-20,756,D,0
-16.2706,29.9731,317.3,2023-08-20,756,D,0
-16.2719,29.9825,313.6,2023-08-20,756,D,0
-16.2782,29.9625,315.0,2023-08-20,756,D,0
-16.2795,29.9717,319.4,2023-08-20,756,D,0
-16.3142,30.216,314.5,2023-08-20,756,D,0
-16.3353,30.3,323.6,2023-08-20,756,D,0
-16.3435,30.2927,326.5,2023-08-20,756,D,0
-16.4563,30.9098,315.2,2023-08-20,756,D,0
-16.6184,31.9003,315.6,2023-08-20,756,D,0
-16.6198,31.9114,319.9,2023-08-20,756,D,0
-16.4312,29.6803,316.8,2023-08-20,756,D,0
-16.5665,30.3738,321.3,2023-08-20,756,D,0
-16.4992,29.4406,317.4,2023-08-20,756,D,0
-16.7184,30.7409,318.8,2023-08-20,756,D,0
-16.5241,29.1736,320.6,2023-08-20,756,D,0
-16.7193,30.0189,314.6,2023-08-20,756,D,0
-16.7206,30.0284,319.7,2023-08-20,756,D,0
-16.952,30.8975,328.2,2023-08-20,756,D,0
-16.9162,30.5702,315.9,2023-08-20,756,D,0
-16.9542,30.1842,317.9,2023-08-20,756,D,0
-17.127,31.1831,331.1,2023-08-20,756,D,0
-17.1284,31.1935,332.7,2023-08-20,756,D,0
-16.9016,29.4868,326.6,2023-08-20,756,D,0
-16.9029,29.496,318.9,2023-08-20,756,D,0
-17.009,30.2475,313.0,2023-08-20,756,D,0
-17.1364,31.1818,315.5,2023-08-20,756,D,0
-17.1378,31.1923,324.7,2023-08-20,756,D,0
-16.9105,29.4854,351.2,2023-08-20,756,D,0
-16.9118,29.4947,321.6,2023-08-20,756,D,0
-16.9417,29.3862,333.0,2023-08-20,756,D,0
-16.9524,29.3881,317.0,2023-08-20,756,D,0
-17.0814,30.1725,342.7,2023-08-20,756,D,0
-17.0827,30.1821,315.2,2023-08-20,756,D,0
-17.1562,29.5973,330.1,2023-08-20,756,D,0
-17.2222,29.9938,321.6,2023-08-20,756,D,0
-17.2472,29.3908,316.1,2023-08-20,756,D,0
-17.2668,29.4637,315.4,2023-08-20,756,D,0
-17.4593,30.8494,332.3,2023-08-20,756,D,0
-17.4607,30.8596,329.9,2023-08-20,756,D,0
-17.6436,32.0969,315.0,2023-08-20,756,D,0
-17.5222,30.4981,325.8,2023-08-20,756,D,0
-17.4828,30.147,329.9,2023-08-20,756,D,0
-17.255,28.4374,319.6,2023-08-20,756,D,0
-17.5415,30.4351,323.1,2023-08-20,756,D,0
-17.6801,31.2713,317.8,2023-08-20,756,D,0
-17.7778,31.7944,314.8,2023-08-20,756,D,0
-17.6703,30.9104,314.0,2023-08-20,756,D,0
-17.8214,31.823,316.2,2023-08-20,756,D,0
-17.6309,30.2209,338.2,2023-08-20,756,D,0
-17.6322,30.2306,342.2,2023-08-20,756,D,0
-17.7814,31.1961,317.0,2023-08-20,756,D,0
-17.7983,29.9681,313.4,2023-08-20,756,D,0
-17.5906,28.3976,319.3,2023-08-20,756,D,0
-18.0443,31.354,316.3,2023-08-20,756,D,0
-17.8486,29.8665,316.0,2023-08-20,756,D,0
-18.1763,31.9614,315.2,2023-08-20,757,D,0
-18.2722,32.7177,310.9,2023-08-20,757,D,0
-18.216,31.9552,314.2,2023-08-20,757,D,0
-18.2175,31.9671,324.2,2023-08-20,757,D,0
-18.2175,31.9612,325.6,2023-08-20,757,D,0
-17.6241,27.516,316.5,2023-08-20,757,D,0
-18.1044,30.39,325.9,2023-08-20,757,D,0
-18.0556,29.374,322.9,2023-08-20,757,D,0
-18.358,31.5444,314.2,2023-08-20,757,D,0
-18.3257,30.5285,313.2,2023-08-20,757,D,0
-18.5015,30.799,323.0,2023-08-20,757,D,0
-18.5202,30.7963,318.0,2023-08-20,757,D,0
-18.5386,30.9319,314.4,2023-08-20,757,D,0
-18.6339,31.6441,320.3,2023-08-20,757,D,0
-18.6354,31.6555,315.5,2023-08-20,757,D,0
-18.6364,31.6489,323.2,2023-08-20,757,D,0
-18.5578,30.8907,325.8,2023-08-20,757,D,0
-17.9324,26.2843,319.1,2023-08-20,757,D,0
-17.9419,26.2828,319.0,2023-08-20,757,D,0
-18.6586,31.0317,315.8,2023-08-20,757,D,0
-18.6667,31.0197,318.7,2023-08-20,757,D,0
-18.6681,31.0303,340.2,2023-08-20,757,D,0
-18.4807,29.5828,316.7,2023-08-20,757,D,0
-18.6056,30.215,317.7,2023-08-20,757,D,0
-18.6147,30.2137,320.4,2023-08-20,757,D,0
-18.7915,30.0949,315.7,2023-08-20,757,D,0
-18.2465,26.305,318.1,2023-08-20,757,D,0
-18.7872,29.8008,317.4,2023-08-20,757,D,0
-18.3676,26.4845,317.5,2023-08-20,757,D,0
-19.1767,30.894,314.8,2023-08-20,757,D,0
-19.1781,30.9047,317.1,2023-08-20,757,D,0
-19.1823,30.8982,363.8,2023-08-20,757,D,0
-19.1837,30.9089,334.4,2023-08-20,757,D,0
-19.1217,30.3673,322.9,2023-08-20,757,D,0
-19.1309,30.3659,330.7,2023-08-20,757,D,0
-19.1388,30.3544,324.8,2023-08-20,757,D,0
-19.1402,30.3645,327.1,2023-08-20,757,D,0
-19.3151,30.7001,323.1,2023-08-20,757,D,0
-19.3165,30.7106,327.6,2023-08-20,757,D,0
-19.3245,30.6987,314.8,2023-08-20,757,D,0
-19.3259,30.7092,320.1,2023-08-20,757,D,0
-19.416,31.2887,314.7,2023-08-20,757,D,0
-19.3716,30.1064,314.1,2023-08-20,757,D,0
-19.3013,28.7503,315.5,2023-08-20,757,D,0
-19.7496,31.1315,332.4,2023-08-20,757,D,0
-19.7847,29.9599,315.7,2023-08-20,757,D,0
-18.6969,30.2236,326.5,2023-08-20,1146,D,0
-19.4853,30.4617,328.1,2023-08-20,1146,D,0
-19.4804,30.5358,324.5,2023-08-20,1146,D,0
-19.4889,30.4692,323.6,2023-08-20,1146,D,0
-19.346,30.7105,321.8,2023-08-20,1146,D,0
-19.3357,30.7091,320.1,2023-08-20,1146,D,0
-19.3253,30.7076,323.5,2023-08-20,1146,D,0
-19.3563,30.4591,331.2,2023-08-20,1146,D,0
-19.4326,29.6471,320.2,2023-08-20,1146,D,0
-19.0188,32.6387,324.0,2023-08-20,1146,D,0
-19.0981,32.055,327.5,2023-08-20,1146,D,0
-19.0996,32.0443,328.2,2023-08-20,1146,D,0
-19.0886,32.0536,326.1,2023-08-20,1146,D,0
-19.1766,30.9112,322.5,2023-08-20,1146,D,0
-19.1781,30.8988,327.6,2023-08-20,1146,D,0
-19.1796,30.8863,341.8,2023-08-20,1146,D,0
-19.0759,31.6273,333.0,2023-08-20,1146,D,0
-19.1664,30.9097,337.5,2023-08-20,1146,D,0
-19.1679,30.8973,352.6,2023-08-20,1146,D,0
-19.1695,30.8848,345.1,2023-08-20,1146,D,0
-18.9197,32.3463,330.3,2023-08-20,1146,D,0
-18.921,32.336,351.5,2023-08-20,1146,D,0
-19.1424,30.3628,321.8,2023-08-20,1146,D,0
-19.1144,30.3656,328.4,2023-08-20,1146,D,0
-18.9024,31.7044,322.1,2023-08-20,1146,D,0
-18.8195,32.2612,333.8,2023-08-20,1146,D,0
-18.7137,32.7195,351.7,2023-08-20,1146,D,0
-18.7151,32.7096,321.0,2023-08-20,1146,D,0
-18.6985,32.6246,321.2,2023-08-20,1146,D,0
-18.7429,32.2235,322.5,2023-08-20,1146,D,0
-18.7442,32.2131,337.0,2023-08-20,1146,D,0
-18.972,30.4353,320.7,2023-08-20,1146,D,0
-18.7335,32.2221,343.6,2023-08-20,1146,D,0
-18.7349,32.2116,364.6,2023-08-20,1146,D,0
-18.7363,32.2011,328.0,2023-08-20,1146,D,0
-18.8082,31.6514,320.0,2023-08-20,1146,D,0
-18.7593,31.5466,322.6,2023-08-20,1146,D,0
-18.6317,32.2216,325.3,2023-08-20,1146,D,0
-18.633,32.2112,323.3,2023-08-20,1146,D,0
-18.732,31.4502,331.3,2023-08-20,1146,D,0
-18.8907,30.1712,324.1,2023-08-20,1146,D,0
-18.6223,32.2202,336.2,2023-08-20,1146,D,0
-18.6165,32.2245,333.5,2023-08-20,1146,D,0
-18.618,32.2141,324.6,2023-08-20,1146,D,0
-18.8856,30.1791,323.9,2023-08-20,1146,D,0
-18.8732,30.1913,324.0,2023-08-20,1146,D,0
-18.7575,30.7718,323.5,2023-08-20,1146,D,0
-18.7591,30.7594,321.4,2023-08-20,1146,D,0
-18.7473,30.7705,329.7,2023-08-20,1146,D,0
-18.7489,30.758,340.0,2023-08-20,1146,D,0
-18.7979,30.0971,323.0,2023-08-20,1146,D,0
-18.6539,31.024,323.7,2023-08-20,1146,D,0
-18.6554,31.0119,324.1,2023-08-20,1146,D,0
-18.4893,31.9087,327.1,2023-08-20,1146,D,0
-18.7025,30.216,330.4,2023-08-20,1146,D,0
-18.7876,29.5015,321.4,2023-08-20,1146,D,0
-18.378,32.6241,319.7,2023-08-20,1146,D,0
-18.6986,30.21,322.8,2023-08-20,1146,D,0
-18.4358,31.9172,331.5,2023-08-20,1146,D,0
-18.4372,31.9064,330.4,2023-08-20,1146,D,0
-18.6834,29.9844,327.9,2023-08-20,1146,D,0
-18.7345,29.5656,320.9,2023-08-20,1146,D,0
-18.3389,32.5669,318.1,2023-08-20,1146,D,0
-18.4896,31.4331,370.0,2023-08-20,1146,D,0
-18.4911,31.4217,341.3,2023-08-20,1146,D,0
-18.5831,30.4501,327.2,2023-08-20,1146,D,0
-18.5338,30.7656,324.3,2023-08-20,1146,D,0
-18.5727,30.4486,325.8,2023-08-20,1146,D,0
-18.6015,30.2106,322.9,2023-08-20,1146,D,0
-18.6229,30.0329,322.3,2023-08-20,1146,D,0
-18.5767,30.4426,326.2,2023-08-20,1146,D,0
-18.6071,30.2048,321.7,2023-08-20,1146,D,0
-18.5223,30.7827,331.4,2023-08-20,1146,D,0
-18.5847,30.2969,324.7,2023-08-20,1146,D,0
-18.619,30.0257,322.7,2023-08-20,1146,D,0
-18.2055,32.9329,340.3,2023-08-20,1146,D,0
-18.2069,32.9232,368.4,2023-08-20,1146,D,0
-18.3389,31.9509,327.5,2023-08-20,1146,D,0
-18.4501,31.1037,322.7,2023-08-20,1146,D,0
-18.4401,31.1022,338.9,2023-08-20,1146,D,0
-18.4416,31.0905,344.7,2023-08-20,1146,D,0
-18.1559,32.8995,320.5,2023-08-20,1146,D,0
-18.4275,30.6497,327.7,2023-08-20,1146,D,0
-18.2174,31.9603,324.5,2023-08-20,1146,D,0
-18.3687,30.3884,321.9,2023-08-20,1146,D,0
-18.3501,30.4516,323.2,2023-08-20,1146,D,0
-18.2942,30.4251,323.4,2023-08-20,1146,D,0
-18.2838,30.4236,333.7,2023-08-20,1146,D,0
-18.2854,30.4107,339.3,2023-08-20,1146,D,0
-18.2463,30.2995,332.5,2023-08-20,1146,D,0
-18.248,30.2864,326.9,2023-08-20,1146,D,0
-18.0761,31.5649,320.1,2023-08-20,1146,D,0
-18.0775,31.554,325.8,2023-08-20,1146,D,0
-18.0386,31.372,326.5,2023-08-20,1146,D,0
-18.0401,31.3608,327.2,2023-08-20,1146,D,0
-18.0415,31.3495,340.9,2023-08-20,1146,D,0
-18.043,31.3383,368.0,2023-08-20,1146,D,0
-17.9632,31.8711,324.2,2023-08-20,1146,D,0
-17.9646,31.8605,322.0,2023-08-20,1146,D,0
-18.1146,30.7013,328.5,2023-08-20,1146,D,0
-18.2572,29.5457,328.7,2023-08-20,1146,D,0
-17.9537,31.8697,330.9,2023-08-20,1146,D,0
-17.9666,31.5252,319.4,2023-08-20,1146,D,0
-18.0266,30.7584,338.2,2023-08-20,1146,D,0
-17.9108,31.3479,321.2,2023-08-20,1146,D,0
-17.9814,30.2176,322.6,2023-08-20,1146,D,0
-18.0352,29.5928,322.0,2023-08-20,1146,D,0
-17.7748,31.2125,332.3,2023-08-20,1146,D,0
-17.7762,31.2013,346.7,2023-08-20,1146,D,0
-17.6357,32.1222,360.5,2023-08-20,1146,D,0
-17.6371,32.112,352.8,2023-08-20,1146,D,0
-17.6168,31.8597,319.3,2023-08-20,1146,D,0
-17.8535,29.859,321.3,2023-08-20,1146,D,0
-17.8552,29.8451,322.8,2023-08-20,1146,D,0
-18.2554,26.3196,328.6,2023-08-20,1146,D,0
-18.2582,26.2935,331.1,2023-08-20,1146,D,0
-17.5857,31.8763,322.2,2023-08-20,1146,D,0
-17.6336,31.513,322.7,2023-08-20,1146,D,0
-17.635,31.5022,325.7,2023-08-20,1146,D,0
-17.7245,30.8075,343.8,2023-08-20,1146,D,0
-17.726,30.7955,416.0,2023-08-20,1146,D,0
-17.7276,30.7834,325.4,2023-08-20,1146,D,0
-18.2413,26.3175,335.5,2023-08-20,1146,D,0
-18.2439,26.2917,329.5,2023-08-20,1146,D,0
-17.7327,30.6611,336.6,2023-08-20,1146,D,0
-17.7343,30.6489,346.2,2023-08-20,1146,D,0
-17.7251,30.6545,348.2,2023-08-20,1146,D,0
-17.7267,30.6423,327.6,2023-08-20,1146,D,0
-18.2523,26.3141,331.1,2023-08-20,1146,D,0
-17.682,30.9047,321.8,2023-08-20,1146,D,0
-18.2381,26.3122,335.1,2023-08-20,1146,D,0
-17.672,30.9033,343.4,2023-08-20,1146,D,0
-17.6736,30.8915,323.3,2023-08-20,1146,D,0
-17.7939,29.9567,337.2,2023-08-20,1146,D,0
-17.7957,29.9431,333.6,2023-08-20,1146,D,0
-17.7286,30.2192,324.7,2023-08-20,1146,D,0
-18.1561,25.9848,320.3,2023-08-20,1146,D,0
-17.4902,31.5792,327.3,2023-08-20,1146,D,0
-18.1541,25.9777,322.0,2023-08-20,1146,D,0
-17.5221,30.9584,320.3,2023-08-20,1146,D,0
-17.6312,30.0918,329.4,2023-08-20,1146,D,0
-17.5545,30.0624,333.6,2023-08-20,1146,D,0
-17.544,30.061,332.1,2023-08-20,1146,D,0
-17.5093,30.255,327.4,2023-08-20,1146,D,0
-17.2946,31.6686,321.5,2023-08-20,1146,D,0
-17.3003,31.626,322.9,2023-08-20,1146,D,0
-17.3017,31.3956,345.9,2023-08-20,1146,D,0
-17.4236,30.4551,325.5,2023-08-20,1146,D,0
-17.4252,30.4427,347.1,2023-08-20,1146,D,0
-17.3892,30.5632,324.5,2023-08-20,1146,D,0
-20.9806,29.0775,319.8,2023-08-20,1146,D,0
-20.3518,32.691,319.7,2023-08-20,1146,D,0
-20.3532,32.6806,341.7,2023-08-20,1146,D,0
-20.3424,32.6897,327.2,2023-08-20,1146,D,0
-20.3438,32.6792,352.0,2023-08-20,1146,D,0
-20.1745,32.7153,319.1,2023-08-20,1146,D,0
-20.3028,31.26,319.7,2023-08-20,1146,D,0
-20.0913,32.7178,323.1,2023-08-20,1146,D,0
-20.082,32.7161,318.7,2023-08-20,1146,D,0
-20.4403,29.6075,328.4,2023-08-20,1146,D,0
-20.0407,31.1548,322.0,2023-08-20,1146,D,0
-20.3519,28.4353,327.9,2023-08-20,1146,D,0
-19.9826,31.4613,321.1,2023-08-20,1146,D,0
-19.9996,31.3299,328.1,2023-08-20,1146,D,0
-20.3503,28.43,327.2,2023-08-20,1146,D,0
-19.7196,32.8876,327.7,2023-08-20,1146,D,0
-19.8512,31.2907,320.7,2023-08-20,1146,D,0
-19.8527,31.2787,326.1,2023-08-20,1146,D,0
-19.7744,31.4193,331.9,2023-08-20,1146,D,0
-19.7759,31.4076,332.2,2023-08-20,1146,D,0
-19.8911,30.4848,343.2,2023-08-20,1146,D,0
-19.8928,30.471,344.5,2023-08-20,1146,D,0
-19.7685,31.2243,323.8,2023-08-20,1146,D,0
-19.7602,31.1294,321.8,2023-08-20,1146,D,0
-19.7485,31.1404,334.4,2023-08-20,1146,D,0
-19.7501,31.1281,344.8,2023-08-20,1146,D,0
-19.694,31.0826,327.9,2023-08-20,1146,D,0
-19.9477,28.8109,331.3,2023-08-20,1146,D,0
-19.9496,28.7931,332.1,2023-08-20,1146,D,0
-19.955,28.8068,338.7,2023-08-20,1146,D,0
-19.9571,28.7889,320.9,2023-08-20,1146,D,0
-19.8455,28.9175,323.3,2023-08-20,1146,D,0
-19.8474,28.8999,319.9,2023-08-20,1146,D,0
-19.851,28.9112,324.4,2023-08-20,1146,D,0
-19.5804,30.9409,320.9,2023-08-20,1146,D,0
-19.4489,31.3366,327.4,2023-08-20,1146,D,0
-19.5244,30.7473,321.7,2023-08-20,1146,D,0
-19.526,30.7344,322.6,2023-08-20,1146,D,0
-19.439,31.3352,344.1,2023-08-20,1146,D,0
-19.4405,31.3234,325.2,2023-08-20,1146,D,0
-19.5141,30.7458,326.1,2023-08-20,1146,D,0
-19.5157,30.7329,325.1,2023-08-20,1146,D,0
-19.4151,31.2838,322.4,2023-08-20,1146,D,0
-19.4166,31.2718,324.0,2023-08-20,1146,D,0
-19.4052,31.2822,336.3,2023-08-20,1146,D,0
-19.4067,31.2703,334.6,2023-08-20,1146,D,0
-19.3952,31.2807,321.6,2023-08-20,1146,D,0
-19.3967,31.2688,329.3,2023-08-20,1146,D,0
-17.086,31.3416,340.4,2023-08-20,1147,D,0
-17.2469,30.2386,326.2,2023-08-20,1147,D,0
-17.1284,31.1678,329.2,2023-08-20,1147,D,0
-17.3196,30.7936,319.0,2023-08-20,1147,D,0
-17.3212,30.7818,327.5,2023-08-20,1147,D,0
-17.2603,30.9385,332.6,2023-08-20,1147,D,0
-17.2618,30.9271,320.4,2023-08-20,1147,D,0
-17.2489,30.949,353.8,2023-08-20,1147,D,0
-17.2504,30.9373,324.2,2023-08-20,1147,D,0
-17.1493,31.1595,328.1,2023-08-20,1147,D,0
-17.1508,31.1482,323.6,2023-08-20,1147,D,0
-17.2692,30.2289,327.3,2023-08-20,1147,D,0
-17.2871,30.087,324.4,2023-08-20,1147,D,0
-17.1352,31.1915,324.8,2023-08-20,1147,D,0
-17.1366,31.1804,324.6,2023-08-20,1147,D,0
-17.1381,31.1694,336.8,2023-08-20,1147,D,0
-17.1396,31.158,335.9,2023-08-20,1147,D,0
-17.2572,30.24,329.2,2023-08-20,1147,D,0
-17.2588,30.2279,328.4,2023-08-20,1147,D,0
-17.1269,31.1791,326.3,2023-08-20,1147,D,0
-16.7496,31.5526,330.3,2023-08-20,1147,D,0
-16.7482,31.5632,325.3,2023-08-20,1147,D,0
-16.7763,31.4264,322.7,2023-08-20,1147,D,0
-17.0994,29.1093,324.5,2023-08-20,1147,D,0
-16.9562,29.9769,328.4,2023-08-20,1147,D,0
-16.7587,31.4127,321.8,2023-08-20,1147,D,0
-16.8892,30.4179,329.6,2023-08-20,1147,D,0
-16.7899,31.0263,356.0,2023-08-20,1147,D,0
-16.7914,31.0151,326.9,2023-08-20,1147,D,0
-16.9379,29.8672,324.2,2023-08-20,1147,D,0
-16.7172,31.5046,342.1,2023-08-20,1147,D,0
-16.7186,31.494,326.9,2023-08-20,1147,D,0
-16.7091,31.4927,349.7,2023-08-20,1147,D,0
-16.7105,31.4821,323.5,2023-08-20,1147,D,0
-16.951,29.3861,324.7,2023-08-20,1147,D,0
-16.8475,30.1147,347.6,2023-08-20,1147,D,0
-16.8492,30.1019,323.1,2023-08-20,1147,D,0
-16.9401,29.3847,322.0,2023-08-20,1147,D,0
-16.8871,29.7192,349.2,2023-08-20,1147,D,0
-16.8747,29.7312,325.9,2023-08-20,1147,D,0
-16.904,29.496,349.1,2023-08-20,1147,D,0
-16.9057,29.4819,336.5,2023-08-20,1147,D,0
-16.8641,29.7296,336.9,2023-08-20,1147,D,0
-16.8657,29.7161,327.2,2023-08-20,1147,D,0
-16.5557,31.8883,324.4,2023-08-20,1147,D,0
-16.707,30.7289,332.1,2023-08-20,1147,D,0
-16.5486,31.8909,325.4,2023-08-20,1147,D,0
-16.7053,30.734,326.3,2023-08-20,1147,D,0
-16.717,30.1681,321.0,2023-08-20,1147,D,0
-16.6588,30.3184,325.8,2023-08-20,1147,D,0
-16.5796,30.3696,331.6,2023-08-20,1147,D,0
-16.7033,29.1695,323.1,2023-08-20,1147,D,0
-16.7052,29.1547,365.3,2023-08-20,1147,D,0
-16.707,29.1402,327.7,2023-08-20,1147,D,0
-16.494,30.7153,319.9,2023-08-20,1147,D,0
-16.4602,30.8957,324.1,2023-08-20,1147,D,0
-16.4616,30.8845,319.4,2023-08-20,1147,D,0
-16.5551,29.6218,321.4,2023-08-20,1147,D,0
-16.5569,29.6081,337.0,2023-08-20,1147,D,0
-16.4356,29.6672,329.6,2023-08-20,1147,D,0
-16.3421,30.3168,324.6,2023-08-20,1147,D,0
-16.3437,30.3046,337.9,2023-08-20,1147,D,0
-16.2964,29.9623,319.7,2023-08-20,1147,D,0
-16.1817,30.3791,319.9,2023-08-20,1147,D,0
-15.9962,30.3167,324.0,2023-08-20,1147,D,0
-15.986,30.3154,325.4,2023-08-20,1147,D,0
-16.9624,30.1752,325.9,2023-08-20,1147,D,0
-17.0993,29.1161,323.7,2023-08-20,1147,D,0
-16.8908,30.8037,321.7,2023-08-20,1147,D,0
-16.8228,31.6236,322.7,2023-08-20,1147,D,0
-16.9496,30.8944,323.0,2023-08-20,1147,D,0
-17.1083,29.7611,323.4,2023-08-20,1147,D,0
-17.1132,29.7532,321.2,2023-08-20,1147,D,0
-16.92,31.283,319.7,2023-08-20,1147,D,0
-16.9147,31.5459,322.8,2023-08-20,1147,D,0
-16.9063,31.6091,331.1,2023-08-20,1147,D,0
-16.7656,32.6429,322.2,2023-08-20,1147,D,0
-16.9013,31.7893,326.0,2023-08-20,1147,D,0
-17.0491,30.8319,321.9,2023-08-20,1147,D,0
-17.2484,30.2266,349.3,2023-08-20,1147,D,0
-17.2476,29.3831,326.7,2023-08-20,1147,D,0
-17.251,29.3753,321.8,2023-08-20,1147,D,0
-17.2492,29.3901,324.5,2023-08-20,1147,D,0
-17.1526,30.3481,320.1,2023-08-20,1147,D,0
-17.1399,30.6095,338.5,2023-08-20,1147,D,0
-17.1383,30.6215,330.1,2023-08-20,1147,D,0
-17.0807,31.0638,328.9,2023-08-20,1147,D,0
-17.0792,31.075,342.5,2023-08-20,1147,D,0
-17.0565,31.321,329.2,2023-08-20,1147,D,0
-17.0551,31.3319,369.8,2023-08-20,1147,D,0
-17.0537,31.3427,321.2,2023-08-20,1147,D,0
-17.0841,31.3359,326.9,2023-08-20,1147,D,0
-17.0826,31.3469,332.0,2023-08-20,1147,D,0
-21.345,30.6738,308.5,2023-08-20,2006,N,0
-17.5101,30.4994,306.9,2023-08-20,2007,N,0
-19.4077,29.7799,313.0,2023-08-20,2007,N,0
-19.1941,30.7559,302.1,2023-08-20,2007,N,0
-19.1954,30.7463,305.8,2023-08-20,2007,N,0
-18.9595,30.9248,301.7,2023-08-20,2007,N,0
-18.706,31.6938,300.2,2023-08-20,2007,N,0
-18.838,30.6024,310.8,2023-08-20,2007,N,0
-18.6461,31.6588,302.7,2023-08-20,2007,N,0
-18.6474,31.6495,300.1,2023-08-20,2007,N,0
-18.582,31.7192,308.2,2023-08-20,2007,N,0
-18.5973,31.4162,307.6,2023-08-20,2007,N,0
-18.3682,31.276,300.5,2023-08-20,2007,N,0
-18.235,31.9607,304.1,2023-08-20,2007,N,0
-17.8293,30.4505,317.3,2023-08-20,2007,N,0
-17.8306,30.441,344.3,2023-08-20,2007,N,0
-17.7483,30.775,313.2,2023-08-20,2007,N,0
-17.8052,29.9492,302.2,2023-08-20,2007,N,0
-17.6172,30.5894,303.4,2023-08-20,2007,N,0
-20.275,30.9164,300.7,2023-08-20,2007,N,0
-17.4361,30.6359,308.9,2023-08-20,2007,N,0
-16.8072,29.4348,301.8,2023-08-20,2008,N,0
-16.8059,29.4448,303.2,2023-08-20,2008,N,0
-17.1448,29.5891,301.7,2023-08-20,2008,N,0
-17.1292,31.1935,309.0,2023-08-20,2008,N,0
-20.8477,32.2664,318.2,2023-08-21,700,D,0
-20.84,32.2295,319.3,2023-08-21,700,D,0
-16.3967,29.2718,326.6,2023-08-21,837,D,0
-16.3831,29.3125,318.2,2023-08-21,837,D,0
-17.0045,29.6352,319.1,2023-08-21,837,D,0
-16.3937,29.2767,328.2,2023-08-21,837,D,0
-16.3766,29.2784,323.1,2023-08-21,837,D,0
-16.3796,29.2737,321.6,2023-08-21,837,D,0
-17.0006,29.5921,322.3,2023-08-21,837,D,0
-16.9966,29.5486,316.0,2023-08-21,837,D,0
-16.9927,29.506,333.0,2023-08-21,837,D,0
-17.0003,29.5974,325.6,2023-08-21,837,D,0
-16.9918,29.5114,335.8,2023-08-21,837,D,0
-20.4041,28.5788,335.9,2023-08-21,1227,D,0
-19.8933,30.4785,323.6,2023-08-21,1227,D,0
-20.4018,28.5927,333.0,2023-08-21,1227,D,0
-20.5289,27.808,328.6,2023-08-21,1227,D,0
-20.4089,28.5708,329.3,2023-08-21,1227,D,0
-20.4064,28.5848,350.1,2023-08-21,1227,D,0
-20.404,28.5987,324.5,2023-08-21,1227,D,0
-20.014,31.2465,321.3,2023-08-21,1227,D,0
-20.0312,31.2277,320.9,2023-08-21,1227,D,0
-20.1144,31.2913,318.8,2023-08-21,1227,D,0
-20.1271,31.2753,320.4,2023-08-21,1227,D,0
-19.8987,32.926,328.8,2023-08-21,1227,D,0
-19.8922,32.96,316.9,2023-08-21,1227,D,0
-19.8977,32.9352,340.8,2023-08-21,1227,D,0
-20.9095,28.9451,329.9,2023-08-21,1227,D,0
-20.5321,27.8031,326.8,2023-08-21,1227,D,0
-20.9069,28.9597,331.4,2023-08-21,1227,D,0
-20.3804,28.5886,327.5,2023-08-21,1227,D,0
-16.8582,29.1372,320.2,2023-08-21,1228,D,0
-19.8894,30.4921,321.8,2023-08-21,1228,D,0
-19.7931,30.7371,333.9,2023-08-21,1228,D,0
-19.7968,30.7173,328.9,2023-08-21,1228,D,0
-20.0703,28.5825,339.5,2023-08-21,1228,D,0
-20.0727,28.5684,334.2,2023-08-21,1228,D,0
-19.4766,31.3723,322.8,2023-08-21,1228,D,0
-19.481,31.349,328.8,2023-08-21,1228,D,0
-19.5475,30.9943,323.5,2023-08-21,1228,D,0
-19.5345,30.9914,328.7,2023-08-21,1228,D,0
-19.45,31.3108,321.1,2023-08-21,1228,D,0
-19.6805,29.8909,323.3,2023-08-21,1228,D,0
-19.6836,29.8735,329.7,2023-08-21,1228,D,0
-19.6686,29.8884,328.1,2023-08-21,1228,D,0
-19.8396,28.9147,351.0,2023-08-21,1228,D,0
-19.8421,28.8999,327.6,2023-08-21,1228,D,0
-19.8447,28.8851,326.5,2023-08-21,1228,D,0
-19.3791,31.3199,318.8,2023-08-21,1228,D,0
-19.3722,31.3132,324.0,2023-08-21,1228,D,0
-19.4825,30.0671,320.1,2023-08-21,1228,D,0
-19.4904,30.0617,321.7,2023-08-21,1228,D,0
-19.4783,30.0592,319.0,2023-08-21,1228,D,0
-19.6799,28.9019,332.1,2023-08-21,1228,D,0
-18.9918,32.3714,324.5,2023-08-21,1228,D,0
-19.1099,31.5405,323.4,2023-08-21,1228,D,0
-18.9923,32.3667,324.4,2023-08-21,1228,D,0
-19.1184,31.537,325.4,2023-08-21,1228,D,0
-18.8211,32.6195,317.2,2023-08-21,1228,D,0
-18.8266,32.5916,321.4,2023-08-21,1228,D,0
-19.0817,31.2856,326.2,2023-08-21,1228,D,0
-18.7693,32.8834,316.7,2023-08-21,1228,D,0
-18.8217,32.6121,322.1,2023-08-21,1228,D,0
-18.827,32.5844,316.8,2023-08-21,1228,D,0
-19.0734,31.276,320.3,2023-08-21,1228,D,0
-18.7956,32.1999,330.5,2023-08-21,1228,D,0
-18.7902,32.2216,319.9,2023-08-21,1228,D,0
-18.7953,32.1948,328.2,2023-08-21,1228,D,0
-18.9552,31.1969,321.4,2023-08-21,1228,D,0
-18.6498,32.1537,319.1,2023-08-21,1228,D,0
-18.8354,31.1167,319.4,2023-08-21,1228,D,0
-18.8397,31.0941,320.8,2023-08-21,1228,D,0
-18.6495,32.1488,320.6,2023-08-21,1228,D,0
-18.6127,32.029,320.0,2023-08-21,1228,D,0
-18.5675,32.1854,316.6,2023-08-21,1228,D,0
-18.7922,30.6483,317.9,2023-08-21,1228,D,0
-18.8716,30.2109,325.6,2023-08-21,1228,D,0
-18.5041,32.1074,324.5,2023-08-21,1228,D,0
-18.7322,30.9006,328.6,2023-08-21,1228,D,0
-18.9703,29.5899,323.1,2023-08-21,1228,D,0
-18.5934,31.4157,321.5,2023-08-21,1228,D,0
-18.5883,31.41,321.7,2023-08-21,1228,D,0
-18.3741,32.388,319.0,2023-08-21,1228,D,0
-18.3253,32.5601,316.9,2023-08-21,1228,D,0
-18.4365,31.3439,321.6,2023-08-21,1228,D,0
-18.4312,31.3378,318.1,2023-08-21,1228,D,0
-18.6214,30.2836,320.0,2023-08-21,1228,D,0
-18.7595,29.4958,323.0,2023-08-21,1228,D,0
-18.7327,29.5797,322.0,2023-08-21,1228,D,0
-18.3997,31.3555,327.5,2023-08-21,1228,D,0
-18.3993,31.2819,320.2,2023-08-21,1228,D,0
-18.3809,31.2296,319.3,2023-08-21,1228,D,0
-18.1856,31.7657,322.0,2023-08-21,1228,D,0
-18.1766,31.7363,318.9,2023-08-21,1228,D,0
-18.132,31.8904,336.8,2023-08-21,1228,D,0
-18.1836,31.7602,325.2,2023-08-21,1228,D,0
-18.1309,31.8853,333.2,2023-08-21,1228,D,0
-18.0714,32.0419,322.1,2023-08-21,1228,D,0
-18.3028,30.8052,337.0,2023-08-21,1228,D,0
-18.3068,30.7835,324.8,2023-08-21,1228,D,0
-17.8608,31.7899,321.7,2023-08-21,1228,D,0
-17.8529,31.8075,319.3,2023-08-21,1228,D,0
-17.8923,31.3667,337.8,2023-08-21,1228,D,0
-17.8969,31.3423,327.3,2023-08-21,1228,D,0
-18.0562,30.3437,322.6,2023-08-21,1228,D,0
-18.1247,29.9718,321.1,2023-08-21,1228,D,0
-17.8882,31.3606,321.0,2023-08-21,1228,D,0
-18.0582,30.3386,323.0,2023-08-21,1228,D,0
-18.1239,29.9661,330.2,2023-08-21,1228,D,0
-18.025,29.9468,332.6,2023-08-21,1228,D,0
-18.0316,29.9606,326.1,2023-08-21,1228,D,0
-18.035,29.9416,323.3,2023-08-21,1228,D,0
-18.0877,29.4272,320.3,2023-08-21,1228,D,0
-18.0908,29.4096,320.4,2023-08-21,1228,D,0
-17.7163,31.3971,334.4,2023-08-21,1228,D,0
-17.7208,31.373,322.7,2023-08-21,1228,D,0
-17.8766,30.3156,322.5,2023-08-21,1228,D,0
-17.9378,29.9826,330.4,2023-08-21,1228,D,0
-17.9254,29.98,322.7,2023-08-21,1228,D,0
-17.8786,30.311,324.7,2023-08-21,1228,D,0
-17.9341,29.9963,325.8,2023-08-21,1228,D,0
-17.9374,29.9773,326.4,2023-08-21,1228,D,0
-17.582,31.5488,320.8,2023-08-21,1228,D,0
-17.6946,30.8018,337.5,2023-08-21,1228,D,0
-17.6771,30.8212,334.0,2023-08-21,1228,D,0
-17.5779,31.5401,319.9,2023-08-21,1228,D,0
-17.6948,30.8174,327.1,2023-08-21,1228,D,0
-17.6987,30.7952,335.0,2023-08-21,1228,D,0
-17.6815,30.8146,331.7,2023-08-21,1228,D,0
-17.5696,30.9289,321.4,2023-08-21,1228,D,0
-17.5739,30.9052,320.1,2023-08-21,1228,D,0
-17.5063,30.8203,326.0,2023-08-21,1228,D,0
-18.2956,26.2897,327.3,2023-08-21,1228,D,0
-17.5069,30.8368,320.0,2023-08-21,1228,D,0
-17.511,30.8137,322.7,2023-08-21,1228,D,0
-17.4935,30.8341,320.8,2023-08-21,1228,D,0
-17.6778,29.3771,322.2,2023-08-21,1228,D,0
-17.2705,31.493,318.7,2023-08-21,1228,D,0
-17.6738,29.371,323.8,2023-08-21,1228,D,0
-17.3101,31.1843,326.2,2023-08-21,1228,D,0
-17.3146,31.1601,328.4,2023-08-21,1228,D,0
-17.1539,31.6249,327.0,2023-08-21,1228,D,0
-17.159,31.5986,331.3,2023-08-21,1228,D,0
-17.146,31.6433,319.1,2023-08-21,1228,D,0
-17.151,31.6168,336.4,2023-08-21,1228,D,0
-17.1559,31.5903,323.5,2023-08-21,1228,D,0
-17.2477,30.9402,323.4,2023-08-21,1228,D,0
-17.252,30.917,319.8,2023-08-21,1228,D,0
-17.8056,27.7091,328.0,2023-08-21,1228,D,0
-17.225,30.9115,344.2,2023-08-21,1228,D,0
-17.2293,30.8883,332.8,2023-08-21,1228,D,0
-17.185,31.0493,327.5,2023-08-21,1228,D,0
-17.1894,31.026,320.4,2023-08-21,1228,D,0
-17.2116,30.9082,327.1,2023-08-21,1228,D,0
-17.216,30.8848,323.9,2023-08-21,1228,D,0
-17.1936,31.0464,324.0,2023-08-21,1228,D,0
-17.2191,30.905,357.8,2023-08-21,1228,D,0
-17.2233,30.8818,329.0,2023-08-21,1228,D,0
-17.1801,31.0428,321.7,2023-08-21,1228,D,0
-17.1831,30.8723,319.8,2023-08-21,1228,D,0
-17.0891,31.3029,318.6,2023-08-21,1228,D,0
-17.1343,30.9843,321.3,2023-08-21,1228,D,0
-17.2177,30.5333,324.1,2023-08-21,1228,D,0
-17.1207,30.9813,320.7,2023-08-21,1228,D,0
-17.1252,30.9571,321.4,2023-08-21,1228,D,0
-17.1273,30.975,325.3,2023-08-21,1228,D,0
-17.9788,25.8626,327.0,2023-08-21,1228,D,0
-17.2048,30.2384,321.0,2023-08-21,1228,D,0
-17.5695,28.0791,337.7,2023-08-21,1228,D,0
-17.1317,30.419,324.9,2023-08-21,1228,D,0
-17.1187,30.4163,322.3,2023-08-21,1228,D,0
-17.1228,30.4122,332.5,2023-08-21,1228,D,0
-17.4592,28.3251,328.4,2023-08-21,1228,D,0
-17.3031,29.0973,335.2,2023-08-21,1228,D,0
-16.718,31.6403,324.3,2023-08-21,1228,D,0
-17.3206,28.3229,329.9,2023-08-21,1228,D,0
-17.3232,28.3079,322.6,2023-08-21,1228,D,0
-16.7273,31.6655,321.4,2023-08-21,1228,D,0
-16.7789,30.9866,323.5,2023-08-21,1228,D,0
-16.8802,30.2858,325.0,2023-08-21,1228,D,0
-16.8842,30.2643,323.6,2023-08-21,1228,D,0
-17.0028,29.6102,322.6,2023-08-21,1228,D,0
-16.8823,30.2787,326.7,2023-08-21,1228,D,0
-16.5252,31.2808,325.8,2023-08-21,1228,D,0
-16.53,31.2554,320.9,2023-08-21,1228,D,0
-16.5392,31.1285,331.0,2023-08-21,1228,D,0
-16.7081,30.2172,320.0,2023-08-21,1228,D,0
-16.7119,30.1961,350.0,2023-08-21,1228,D,0
-16.7157,30.1754,329.1,2023-08-21,1228,D,0
-16.6989,30.1937,337.1,2023-08-21,1228,D,0
-16.7028,30.173,324.2,2023-08-21,1228,D,0
-16.7511,29.9086,320.8,2023-08-21,1228,D,0
-16.5212,31.2721,325.3,2023-08-21,1228,D,0
-16.5437,31.1473,319.7,2023-08-21,1228,D,0
-16.5481,31.1229,326.7,2023-08-21,1228,D,0
-16.71,30.2099,328.2,2023-08-21,1228,D,0
-16.7137,30.189,343.7,2023-08-21,1228,D,0
-16.697,30.2076,322.7,2023-08-21,1228,D,0
-16.7007,30.1866,338.9,2023-08-21,1228,D,0
-16.7507,29.9013,319.6,2023-08-21,1228,D,0
-16.7566,29.7194,322.4,2023-08-21,1228,D,0
-16.8312,29.2215,326.7,2023-08-21,1228,D,0
-16.8342,29.2039,321.0,2023-08-21,1228,D,0
-16.8192,29.2192,324.8,2023-08-21,1228,D,0
-16.9597,28.34,324.2,2023-08-21,1228,D,0
-16.5948,30.2711,318.8,2023-08-21,1228,D,0
-16.6877,29.7403,318.8,2023-08-21,1228,D,0
-16.4828,30.5898,322.3,2023-08-21,1228,D,0
-16.6366,29.5921,322.1,2023-08-21,1228,D,0
-16.5939,29.5963,327.1,2023-08-21,1228,D,0
-16.4802,29.7979,333.2,2023-08-21,1228,D,0
-16.4838,29.7778,325.4,2023-08-21,1228,D,0
-16.585,29.2185,324.5,2023-08-21,1228,D,0
-16.5202,29.7177,321.3,2023-08-21,1228,D,0
-16.4778,29.8119,320.6,2023-08-21,1228,D,0
-16.4811,29.7928,333.2,2023-08-21,1228,D,0
-16.5818,29.2123,327.2,2023-08-21,1228,D,0
-16.3962,29.9018,328.5,2023-08-21,1228,D,0
-16.3227,30.2317,320.8,2023-08-21,1228,D,0
-16.3929,29.915,324.4,2023-08-21,1228,D,0
-16.3965,29.8945,326.3,2023-08-21,1228,D,0
-16.3254,30.2251,321.0,2023-08-21,1228,D,0
-16.2624,30.3494,326.9,2023-08-21,1228,D,0
-16.3869,29.2732,328.0,2023-08-21,1228,D,0
-16.2139,29.6594,325.2,2023-08-21,1229,D,0
-16.0201,30.5926,323.3,2023-08-21,1229,D,0
-16.0066,30.5899,340.5,2023-08-21,1229,D,0
-16.0007,30.5838,326.6,2023-08-21,1229,D,0
-16.2102,29.6803,331.9,2023-08-21,1229,D,0
-19.0678,30.988,300.8,2023-08-21,2048,N,0
-19.0749,30.983,303.3,2023-08-21,2048,N,0
-18.3686,26.4733,304.4,2023-08-21,2048,N,0
-17.1567,30.7042,337.4,2023-08-21,2320,N,0
-17.1651,30.6868,316.7,2023-08-21,2320,N,0
-17.1677,30.7019,326.7,2023-08-21,2320,N,0
-16.2054,29.6785,302.0,2023-08-21,2320,N,0
-16.4951,30.8889,301.6,2023-08-21,2320,N,0
-17.1541,30.6889,321.9,2023-08-21,2320,N,0
-19.1561,30.1855,301.8,2023-08-21,2321,N,0
-17.362,30.3618,319.1,2023-08-22,740,D,0
-17.3861,30.5145,319.2,2023-08-22,740,D,0
-17.496,31.0342,326.6,2023-08-22,740,D,0
-17.5015,31.0273,319.4,2023-08-22,740,D,0
-17.5031,31.0376,324.9,2023-08-22,740,D,0
-17.0389,31.6671,316.4,2023-08-22,740,D,0
-16.7268,29.4778,316.7,2023-08-22,740,D,0
-16.1319,30.4888,319.5,2023-08-22,740,D,0
-16.4561,32.0254,320.4,2023-08-22,740,D,0
-16.4622,32.0049,323.2,2023-08-22,740,D,0
-16.4637,32.0144,332.0,2023-08-22,740,D,0
-16.5072,31.4521,320.0,2023-08-22,740,D,0
-16.5087,31.462,318.8,2023-08-22,740,D,0
-16.3727,29.8839,331.5,2023-08-22,740,D,0
-16.3746,29.8958,324.1,2023-08-22,740,D,0
-16.4608,29.9852,316.1,2023-08-22,740,D,0
-16.4627,29.9969,318.0,2023-08-22,740,D,0
-16.4642,29.8137,314.6,2023-08-22,740,D,0
-16.6372,30.8509,316.5,2023-08-22,740,D,0
-16.4246,29.3911,321.0,2023-08-22,740,D,0
-16.6682,30.8933,337.8,2023-08-22,740,D,0
-16.4216,29.2433,323.2,2023-08-22,740,D,0
-16.4259,29.2697,323.0,2023-08-22,740,D,0
-16.6832,30.8038,351.8,2023-08-22,740,D,0
-16.6848,30.8144,361.8,2023-08-22,740,D,0
-16.6865,30.8251,328.3,2023-08-22,740,D,0
-16.6926,30.8022,333.3,2023-08-22,740,D,0
-16.7546,30.9162,330.5,2023-08-22,740,D,0
-16.5801,29.4507,321.5,2023-08-22,740,D,0
-16.5821,29.4634,321.6,2023-08-22,740,D,0
-16.6666,29.415,315.6,2023-08-22,740,D,0
-17.6067,31.5215,321.4,2023-08-22,740,D,0
-17.6082,31.5312,320.9,2023-08-22,740,D,0
-17.8072,32.7961,317.6,2023-08-22,740,D,0
-17.8085,32.8053,316.8,2023-08-22,740,D,0
-17.4554,30.4301,317.1,2023-08-22,740,D,0
-17.816,32.7947,314.8,2023-08-22,740,D,0
-17.5815,30.8282,314.9,2023-08-22,740,D,0
-17.5671,30.6149,319.7,2023-08-22,740,D,0
-17.5688,30.6254,328.5,2023-08-22,740,D,0
-17.6417,31.0291,336.7,2023-08-22,740,D,0
-17.6433,31.0393,342.3,2023-08-22,740,D,0
-17.7081,31.337,315.5,2023-08-22,740,D,0
-17.6289,30.5439,317.1,2023-08-22,740,D,0
-17.6306,30.5547,317.4,2023-08-22,740,D,0
-17.4242,29.2242,321.7,2023-08-22,740,D,0
-17.4367,29.2352,318.8,2023-08-22,740,D,0
-17.7941,31.4182,317.9,2023-08-22,740,D,0
-17.7957,31.428,321.2,2023-08-22,740,D,0
-17.6926,30.4267,318.5,2023-08-22,740,D,0
-17.6943,30.4375,315.7,2023-08-22,740,D,0
-18.032,31.9504,314.5,2023-08-22,740,D,0
-18.0614,31.295,324.3,2023-08-22,740,D,0
-18.0629,31.3049,338.8,2023-08-22,740,D,0
-17.9989,30.8288,318.8,2023-08-22,740,D,0
-18.0005,30.8391,338.0,2023-08-22,740,D,0
-18.0021,30.8494,320.7,2023-08-22,740,D,0
-18.1262,31.4797,321.3,2023-08-22,740,D,0
-18.3145,32.5459,316.9,2023-08-22,740,D,0
-18.2264,31.7111,347.6,2023-08-22,740,D,0
-18.3253,32.3727,320.4,2023-08-22,740,D,0
-18.3266,32.382,319.1,2023-08-22,740,D,0
-18.2354,31.7096,325.6,2023-08-22,740,D,0
-18.2328,31.6311,343.9,2023-08-22,740,D,0
-18.2343,31.6407,320.8,2023-08-22,740,D,0
-18.242,31.633,328.7,2023-08-22,740,D,0
-18.4262,32.6172,314.5,2023-08-22,740,D,0
-18.2637,31.4105,313.7,2023-08-22,740,D,0
-18.4739,32.1925,333.3,2023-08-22,740,D,0
-18.3812,31.5147,316.6,2023-08-22,740,D,0
-18.3826,31.5244,318.0,2023-08-22,740,D,0
-18.5006,32.1882,319.7,2023-08-22,740,D,0
-18.3299,31.0095,318.4,2023-08-22,740,D,0
-18.6179,32.1665,315.1,2023-08-22,740,D,0
-18.6193,32.1758,335.4,2023-08-22,740,D,0
-18.6016,31.752,324.7,2023-08-22,740,D,0
-18.5551,31.3834,318.0,2023-08-22,740,D,0
-18.5642,31.3819,331.0,2023-08-22,740,D,0
-18.7398,32.4279,327.4,2023-08-22,740,D,0
-18.4702,30.4854,319.7,2023-08-22,740,D,0
-18.4719,30.496,333.0,2023-08-22,740,D,0
-18.7798,32.1374,321.8,2023-08-22,740,D,0
-18.798,32.2594,322.6,2023-08-22,740,D,0
-18.7994,32.2688,322.4,2023-08-22,740,D,0
-18.8119,32.3529,323.1,2023-08-22,740,D,0
-18.6711,31.3616,322.4,2023-08-22,740,D,0
-18.6726,31.3714,319.1,2023-08-22,740,D,0
-18.7611,31.8305,324.4,2023-08-22,740,D,0
-18.8027,31.8626,319.1,2023-08-22,740,D,0
-18.7815,30.9442,320.1,2023-08-22,740,D,0
-18.7907,30.9427,317.6,2023-08-22,740,D,0
-18.7999,30.9412,332.9,2023-08-22,740,D,0
-18.8015,30.9512,329.5,2023-08-22,740,D,0
-19.0861,32.5932,315.9,2023-08-22,740,D,0
-18.7256,30.1009,320.8,2023-08-22,740,D,0
-18.7352,30.0993,317.3,2023-08-22,740,D,0
-18.8928,30.5177,316.8,2023-08-22,740,D,0
-18.8976,30.5109,317.8,2023-08-22,740,D,0
-18.9241,30.4957,317.9,2023-08-22,740,D,0
-19.0591,31.3623,317.3,2023-08-22,740,D,0
-19.1519,30.1863,322.2,2023-08-22,740,D,0
-19.1614,30.1846,315.0,2023-08-22,740,D,0
-19.4343,31.5228,321.8,2023-08-22,740,D,0
-19.4357,31.5324,323.1,2023-08-22,740,D,0
-19.8001,32.9446,321.4,2023-08-22,740,D,0
-19.557,30.9996,319.0,2023-08-22,740,D,0
-19.5662,30.998,317.2,2023-08-22,740,D,0
-19.3192,28.8848,314.6,2023-08-22,740,D,0
-18.8063,32.3155,320.0,2023-08-22,740,D,0
-17.1177,30.975,333.6,2023-08-22,740,D,0
-17.1227,30.9682,320.1,2023-08-22,740,D,0
-17.1243,30.9785,321.0,2023-08-22,740,D,0
-17.1845,31.3012,323.9,2023-08-22,740,D,0
-17.1861,31.3111,347.0,2023-08-22,740,D,0
-17.246,31.2087,316.0,2023-08-22,740,D,0
-17.2517,31.2011,315.0,2023-08-22,740,D,0
-17.3135,31.4163,336.5,2023-08-22,740,D,0
-17.1378,30.113,340.3,2023-08-22,740,D,0
-17.1162,29.9147,321.4,2023-08-22,740,D,0
-17.1181,29.9265,320.8,2023-08-22,740,D,0
-17.1476,30.1114,323.0,2023-08-22,740,D,0
-17.3227,30.4247,324.9,2023-08-22,740,D,0
-17.3244,30.4355,317.7,2023-08-22,740,D,0
-19.5918,29.8645,314.7,2023-08-22,741,D,0
-20.0187,31.2393,321.1,2023-08-22,741,D,0
-20.0202,31.249,333.3,2023-08-22,741,D,0
-19.6685,28.8876,315.4,2023-08-22,741,D,0
-19.6706,28.9001,314.4,2023-08-22,741,D,0
-19.7177,29.1822,337.9,2023-08-22,741,D,0
-19.7197,29.1943,333.0,2023-08-22,741,D,0
-19.8875,28.4145,313.5,2023-08-22,741,D,0
-20.1492,29.3105,319.3,2023-08-22,741,D,0
-20.159,29.3086,316.8,2023-08-22,741,D,0
-20.1367,28.8598,339.3,2023-08-22,741,D,0
-20.1388,28.8722,338.9,2023-08-22,741,D,0
-20.1489,28.8705,323.3,2023-08-22,741,D,0
-20.5277,28.5608,316.2,2023-08-22,741,D,0
-20.2192,32.6235,331.5,2023-08-22,1131,D,0
-20.1732,32.6467,323.1,2023-08-22,1131,D,0
-20.4658,29.3834,334.6,2023-08-22,1131,D,0
-20.1701,32.0015,324.4,2023-08-22,1131,D,0
-20.4541,29.3781,325.2,2023-08-22,1131,D,0
-20.2426,30.8617,322.3,2023-08-22,1131,D,0
-20.245,30.8384,320.2,2023-08-22,1131,D,0
-20.0018,32.9302,326.5,2023-08-22,1131,D,0
-19.9903,32.9283,381.9,2023-08-22,1131,D,0
-19.992,32.913,331.9,2023-08-22,1131,D,0
-19.8933,32.9744,333.2,2023-08-22,1131,D,0
-19.8951,32.9585,386.7,2023-08-22,1131,D,0
-20.0454,31.2273,358.5,2023-08-22,1131,D,0
-20.0477,31.205,356.6,2023-08-22,1131,D,0
-20.0496,31.2229,364.0,2023-08-22,1131,D,0
-20.052,31.2007,339.6,2023-08-22,1131,D,0
-20.1562,28.8416,320.2,2023-08-22,1131,D,0
-19.7184,32.9089,319.4,2023-08-22,1131,D,0
-19.8509,31.0064,335.3,2023-08-22,1131,D,0
-19.8533,30.9832,327.8,2023-08-22,1131,D,0
-19.8921,30.4748,321.0,2023-08-22,1131,D,0
-19.8947,30.4496,326.5,2023-08-22,1131,D,0
-19.6022,32.8241,327.5,2023-08-22,1131,D,0
-19.6041,32.8067,382.6,2023-08-22,1131,D,0
-19.6057,32.8174,354.2,2023-08-22,1131,D,0
-19.6077,32.8005,353.5,2023-08-22,1131,D,0
-19.5942,32.8152,332.5,2023-08-22,1131,D,0
-19.5961,32.7986,325.4,2023-08-22,1131,D,0
-19.7313,31.513,325.8,2023-08-22,1131,D,0
-19.7544,31.3034,321.3,2023-08-22,1131,D,0
-19.8023,30.7328,327.1,2023-08-22,1131,D,0
-19.7047,31.143,334.9,2023-08-22,1131,D,0
-19.7066,31.1609,324.5,2023-08-22,1131,D,0
-19.7091,31.1384,334.4,2023-08-22,1131,D,0
-19.7918,29.182,324.9,2023-08-22,1131,D,0
-19.7947,29.1504,322.5,2023-08-22,1131,D,0
-19.7952,29.175,325.6,2023-08-22,1131,D,0
-19.6064,29.8629,325.3,2023-08-22,1131,D,0
-19.6092,29.8352,322.5,2023-08-22,1131,D,0
-19.4262,31.3334,324.0,2023-08-22,1131,D,0
-19.4285,31.3123,322.6,2023-08-22,1131,D,0
-19.0543,32.4475,321.7,2023-08-22,1131,D,0
-19.0248,32.7021,321.4,2023-08-22,1131,D,0
-19.4827,28.5136,319.2,2023-08-22,1131,D,0
-19.0362,32.7052,346.5,2023-08-22,1131,D,0
-19.2358,31.1832,393.5,2023-08-22,1131,D,0
-19.2334,31.2048,379.6,2023-08-22,1131,D,0
-19.2466,31.2062,325.7,2023-08-22,1131,D,0
-19.2334,31.1896,417.4,2023-08-22,1131,D,0
-19.2311,31.2114,345.5,2023-08-22,1131,D,0
-19.2465,31.1913,323.6,2023-08-22,1131,D,0
-19.2442,31.2127,325.1,2023-08-22,1131,D,0
-19.1936,32.3508,328.6,2023-08-22,1131,D,0
-19.3863,30.8957,322.1,2023-08-22,1131,D,0
-19.3838,30.9185,321.8,2023-08-22,1131,D,0
-19.3941,30.9018,323.8,2023-08-22,1131,D,0
-19.3782,31.2992,320.3,2023-08-22,1131,D,0
-19.3925,31.4072,322.4,2023-08-22,1131,D,0
-19.6744,28.8906,320.6,2023-08-22,1131,D,0
-19.4279,31.3268,329.0,2023-08-22,1131,D,0
-21.3234,30.0104,323.0,2023-08-22,1131,D,0
-20.665,31.3815,323.8,2023-08-22,1131,D,0
-20.3438,32.6429,319.6,2023-08-22,1131,D,0
-20.3458,32.6254,320.0,2023-08-22,1131,D,0
-20.3389,32.3639,322.3,2023-08-22,1131,D,0
-20.6127,29.4096,323.2,2023-08-22,1131,D,0
-20.6164,29.4054,320.8,2023-08-22,1131,D,0
-20.2251,32.7817,319.8,2023-08-22,1131,D,0
-20.2272,32.7637,327.7,2023-08-22,1131,D,0
-20.1795,32.654,323.8,2023-08-22,1131,D,0
-16.9001,30.1484,322.3,2023-08-22,1132,D,0
-16.7421,31.1772,331.3,2023-08-22,1132,D,0
-16.7444,31.1576,326.8,2023-08-22,1132,D,0
-16.7317,31.1562,328.0,2023-08-22,1132,D,0
-16.7369,30.9958,319.2,2023-08-22,1132,D,0
-16.753,30.8526,319.2,2023-08-22,1132,D,0
-16.7373,30.9891,321.9,2023-08-22,1132,D,0
-16.7544,30.8457,320.2,2023-08-22,1132,D,0
-16.7074,30.7968,324.9,2023-08-22,1132,D,0
-16.6944,30.7951,323.2,2023-08-22,1132,D,0
-16.4517,32.2899,330.0,2023-08-22,1132,D,0
-16.462,32.0096,323.6,2023-08-22,1132,D,0
-16.5024,31.2353,343.6,2023-08-22,1132,D,0
-16.5046,31.216,329.0,2023-08-22,1132,D,0
-16.6832,29.5583,331.8,2023-08-22,1132,D,0
-16.5008,31.2279,345.5,2023-08-22,1132,D,0
-16.5981,30.281,324.9,2023-08-22,1132,D,0
-16.6006,30.2584,322.9,2023-08-22,1132,D,0
-16.6771,29.5774,320.5,2023-08-22,1132,D,0
-16.6801,29.5506,326.4,2023-08-22,1132,D,0
-16.5024,30.4042,318.9,2023-08-22,1132,D,0
-16.605,29.4335,358.1,2023-08-22,1132,D,0
-16.6078,29.4067,336.8,2023-08-22,1132,D,0
-16.6034,29.4286,358.4,2023-08-22,1132,D,0
-16.6064,29.4018,324.7,2023-08-22,1132,D,0
-16.3744,29.9048,343.1,2023-08-22,1132,D,0
-16.377,29.8808,321.6,2023-08-22,1132,D,0
-16.4415,29.2639,335.4,2023-08-22,1132,D,0
-16.4443,29.2364,347.3,2023-08-22,1132,D,0
-16.3834,29.9007,341.8,2023-08-22,1132,D,0
-16.4712,29.1198,319.4,2023-08-22,1132,D,0
-16.4409,29.2592,341.1,2023-08-22,1132,D,0
-16.4439,29.2317,339.1,2023-08-22,1132,D,0
-16.4293,29.2292,323.5,2023-08-22,1132,D,0
-16.2632,30.3543,320.3,2023-08-22,1132,D,0
-16.1506,30.6618,323.9,2023-08-22,1132,D,0
-16.1166,30.8461,324.1,2023-08-22,1132,D,0
-16.1236,30.4588,324.7,2023-08-22,1132,D,0
-16.0466,30.6654,322.6,2023-08-22,1132,D,0
-15.7862,30.3097,322.3,2023-08-22,1132,D,0
-16.0484,30.6588,324.0,2023-08-22,1132,D,0
-16.9842,30.146,348.2,2023-08-22,1132,D,0
-17.0579,29.4355,325.9,2023-08-22,1132,D,0
-17.0024,30.2848,330.2,2023-08-22,1132,D,0
-17.0049,30.2631,330.8,2023-08-22,1132,D,0
-16.8827,31.0798,319.3,2023-08-22,1132,D,0
-17.0676,29.4576,332.4,2023-08-22,1132,D,0
-17.0706,29.43,327.2,2023-08-22,1132,D,0
-16.7985,31.683,347.8,2023-08-22,1132,D,0
-16.8006,31.665,325.0,2023-08-22,1132,D,0
-16.8887,30.9165,358.5,2023-08-22,1132,D,0
-16.8911,30.8961,348.0,2023-08-22,1132,D,0
-16.9749,30.1621,346.8,2023-08-22,1132,D,0
-16.9775,30.1381,345.8,2023-08-22,1132,D,0
-16.8757,30.9151,321.6,2023-08-22,1132,D,0
-16.8781,30.8943,334.3,2023-08-22,1132,D,0
-16.9879,29.9185,324.1,2023-08-22,1132,D,0
-16.9739,29.9167,334.5,2023-08-22,1132,D,0
-16.9397,29.8369,337.5,2023-08-22,1132,D,0
-16.9423,29.8122,322.4,2023-08-22,1132,D,0
-16.9499,29.8334,340.7,2023-08-22,1132,D,0
-16.7953,30.9414,329.3,2023-08-22,1132,D,0
-19.0487,31.8131,326.8,2023-08-22,1132,D,0
-19.0509,31.7936,332.3,2023-08-22,1132,D,0
-19.0001,32.1304,328.2,2023-08-22,1132,D,0
-19.0892,31.3333,341.8,2023-08-22,1132,D,0
-19.0915,31.3125,331.2,2023-08-22,1132,D,0
-19.0005,32.0178,330.5,2023-08-22,1132,D,0
-19.0605,31.4764,326.6,2023-08-22,1132,D,0
-19.0628,31.4558,329.7,2023-08-22,1132,D,0
-19.3272,28.869,331.2,2023-08-22,1132,D,0
-19.3115,28.8675,322.5,2023-08-22,1132,D,0
-19.0416,31.4112,322.5,2023-08-22,1132,D,0
-19.0733,30.9837,332.2,2023-08-22,1132,D,0
-19.1535,30.193,324.8,2023-08-22,1132,D,0
-19.156,30.167,336.2,2023-08-22,1132,D,0
-19.3322,28.862,321.4,2023-08-22,1132,D,0
-19.3133,28.8928,320.4,2023-08-22,1132,D,0
-19.3165,28.8605,325.4,2023-08-22,1132,D,0
-19.0746,30.9993,328.5,2023-08-22,1132,D,0
-19.0771,30.9772,325.7,2023-08-22,1132,D,0
-18.9078,32.3477,334.6,2023-08-22,1132,D,0
-19.1491,30.1854,329.9,2023-08-22,1132,D,0
-19.1519,30.1594,327.2,2023-08-22,1132,D,0
-18.9965,31.1012,320.6,2023-08-22,1132,D,0
-18.8892,32.0491,327.6,2023-08-22,1132,D,0
-18.8211,32.3147,330.8,2023-08-22,1132,D,0
-18.8402,32.044,324.6,2023-08-22,1132,D,0
-18.8509,31.951,323.3,2023-08-22,1132,D,0
-18.7852,32.4152,321.4,2023-08-22,1132,D,0
-18.8052,32.2417,328.7,2023-08-22,1132,D,0
-18.8073,32.2236,344.8,2023-08-22,1132,D,0
-18.9342,31.0897,327.8,2023-08-22,1132,D,0
-18.7912,32.258,342.0,2023-08-22,1132,D,0
-18.7932,32.2401,338.8,2023-08-22,1132,D,0
-18.7953,32.2221,333.4,2023-08-22,1132,D,0
-18.9233,31.0665,325.9,2023-08-22,1132,D,0
-18.7319,32.6699,325.7,2023-08-22,1132,D,0
-18.7129,32.7327,327.9,2023-08-22,1132,D,0
-18.7148,32.7165,358.3,2023-08-22,1132,D,0
-18.7476,32.4282,324.8,2023-08-22,1132,D,0
-18.7496,32.4107,321.1,2023-08-22,1132,D,0
-18.8969,31.0634,327.1,2023-08-22,1132,D,0
-18.7571,32.2358,331.5,2023-08-22,1132,D,0
-18.759,32.2188,320.7,2023-08-22,1132,D,0
-18.7691,32.1279,320.2,2023-08-22,1132,D,0
-18.7158,32.726,346.9,2023-08-22,1132,D,0
-18.7177,32.7103,329.5,2023-08-22,1132,D,0
-18.8999,31.0566,331.5,2023-08-22,1132,D,0
-18.7291,32.4192,357.4,2023-08-22,1132,D,0
-18.7312,32.4016,338.0,2023-08-22,1132,D,0
-18.7517,32.2284,327.7,2023-08-22,1132,D,0
-18.7152,32.4346,325.0,2023-08-22,1132,D,0
-18.7172,32.4175,325.8,2023-08-22,1132,D,0
-18.7233,32.366,334.9,2023-08-22,1132,D,0
-18.7252,32.3497,336.9,2023-08-22,1132,D,0
-18.9203,30.4987,324.0,2023-08-22,1132,D,0
-18.9229,30.4745,321.7,2023-08-22,1132,D,0
-18.6837,32.4993,323.6,2023-08-22,1132,D,0
-18.7618,31.8191,333.6,2023-08-22,1132,D,0
-18.8083,30.9097,328.5,2023-08-22,1132,D,0
-18.8758,30.4643,319.7,2023-08-22,1132,D,0
-18.612,32.6394,318.0,2023-08-22,1132,D,0
-18.8131,30.9056,324.6,2023-08-22,1132,D,0
-18.7864,30.9024,332.3,2023-08-22,1132,D,0
-18.7707,30.9231,326.6,2023-08-22,1132,D,0
-18.6189,32.1713,319.1,2023-08-22,1132,D,0
-18.6209,32.1534,322.1,2023-08-22,1132,D,0
-18.7574,30.9214,328.6,2023-08-22,1132,D,0
-18.8503,29.8944,320.8,2023-08-22,1132,D,0
-18.6612,31.5679,330.1,2023-08-22,1132,D,0
-18.6633,31.5478,324.9,2023-08-22,1132,D,0
-18.5036,32.8652,321.7,2023-08-22,1132,D,0
-18.5827,32.1674,323.7,2023-08-22,1132,D,0
-18.6485,31.5665,334.5,2023-08-22,1132,D,0
-18.6507,31.5465,349.5,2023-08-22,1132,D,0
-18.6602,31.5606,335.9,2023-08-22,1132,D,0
-18.5775,32.1598,320.0,2023-08-22,1132,D,0
-18.6475,31.5593,344.5,2023-08-22,1132,D,0
-18.6498,31.5392,329.7,2023-08-22,1132,D,0
-18.6777,31.2959,331.2,2023-08-22,1132,D,0
-18.6624,31.3148,344.2,2023-08-22,1132,D,0
-18.6648,31.2942,359.0,2023-08-22,1132,D,0
-18.6671,31.2737,333.5,2023-08-22,1132,D,0
-18.8622,29.4676,318.3,2023-08-22,1132,D,0
-18.6496,31.313,338.3,2023-08-22,1132,D,0
-18.6519,31.2925,347.0,2023-08-22,1132,D,0
-18.6051,31.5948,325.8,2023-08-22,1132,D,0
-18.5909,31.4918,322.7,2023-08-22,1132,D,0
-18.6244,31.1842,320.7,2023-08-22,1132,D,0
-18.6787,30.6751,320.6,2023-08-22,1132,D,0
-18.7398,30.0863,322.0,2023-08-22,1132,D,0
-18.6114,31.1825,362.9,2023-08-22,1132,D,0
-18.6136,31.1615,332.0,2023-08-22,1132,D,0
-18.7256,30.0846,321.1,2023-08-22,1132,D,0
-18.5421,31.705,320.4,2023-08-22,1132,D,0
-18.5911,31.4871,322.0,2023-08-22,1132,D,0
-18.6268,31.1798,321.8,2023-08-22,1132,D,0
-18.685,30.6711,319.6,2023-08-22,1132,D,0
-18.6138,31.1782,366.8,2023-08-22,1132,D,0
-18.7365,30.0815,322.0,2023-08-22,1132,D,0
-18.4334,32.6069,319.5,2023-08-22,1132,D,0
-18.5563,31.339,329.8,2023-08-22,1132,D,0
-18.4776,31.9216,324.3,2023-08-22,1132,D,0
-18.5077,31.6563,331.9,2023-08-22,1132,D,0
-18.7325,29.563,321.8,2023-08-22,1132,D,0
-18.385,32.618,331.3,2023-08-22,1132,D,0
-18.4653,31.9203,322.6,2023-08-22,1132,D,0
-18.4674,31.9015,320.1,2023-08-22,1132,D,0
-18.4952,31.6548,356.0,2023-08-22,1132,D,0
-18.4974,31.6356,333.0,2023-08-22,1132,D,0
-18.4018,31.9989,326.0,2023-08-22,1132,D,0
-18.4949,31.0702,327.9,2023-08-22,1132,D,0
-18.4973,31.0487,343.3,2023-08-22,1132,D,0
-18.3247,32.348,334.0,2023-08-22,1132,D,0
-18.3267,32.3306,319.5,2023-08-22,1132,D,0
-18.4463,31.1507,330.7,2023-08-22,1132,D,0
-18.5514,30.1567,321.3,2023-08-22,1132,D,0
-18.3513,31.8989,400.6,2023-08-22,1132,D,0
-18.3534,31.8803,328.1,2023-08-22,1132,D,0
-18.4464,31.1673,321.6,2023-08-22,1132,D,0
-18.4488,31.1461,328.5,2023-08-22,1132,D,0
-18.3462,31.9122,334.6,2023-08-22,1132,D,0
-18.3484,31.8937,359.3,2023-08-22,1132,D,0
-18.5447,30.1766,321.8,2023-08-22,1132,D,0
-18.3152,31.9647,326.3,2023-08-22,1132,D,0
-18.1971,32.8589,371.7,2023-08-22,1132,D,0
-18.1988,32.8447,401.2,2023-08-22,1132,D,0
-18.303,31.963,327.8,2023-08-22,1132,D,0
-18.3632,30.9613,331.3,2023-08-22,1132,D,0
-18.3655,30.9394,321.4,2023-08-22,1132,D,0
-18.3964,30.6471,348.5,2023-08-22,1132,D,0
-18.3805,30.6685,354.6,2023-08-22,1132,D,0
-18.3661,30.9546,332.9,2023-08-22,1132,D,0
-18.3991,30.6636,328.8,2023-08-22,1132,D,0
-18.4017,30.6407,335.0,2023-08-22,1132,D,0
-18.383,30.685,327.9,2023-08-22,1132,D,0
-18.3856,30.662,340.6,2023-08-22,1132,D,0
-18.3881,30.6391,333.1,2023-08-22,1132,D,0
-18.3933,30.5928,320.3,2023-08-22,1132,D,0
-18.3721,30.6604,350.1,2023-08-22,1132,D,0
-18.1024,32.883,331.9,2023-08-22,1132,D,0
-18.4105,30.1789,323.8,2023-08-22,1132,D,0
-18.2377,31.6253,328.4,2023-08-22,1132,D,0
-18.2398,31.6061,321.5,2023-08-22,1132,D,0
-18.2637,31.1593,322.9,2023-08-22,1132,D,0
-18.0504,32.935,318.2,2023-08-22,1132,D,0
-18.2658,31.1547,321.5,2023-08-22,1132,D,0
-18.1396,31.8009,335.7,2023-08-22,1132,D,0
-18.1418,31.782,350.5,2023-08-22,1132,D,0
-18.1273,31.7996,338.1,2023-08-22,1132,D,0
-18.1295,31.7803,338.7,2023-08-22,1132,D,0
-18.2246,30.6844,323.7,2023-08-22,1132,D,0
-18.1514,31.1195,325.7,2023-08-22,1132,D,0
-18.2294,30.6778,321.1,2023-08-22,1132,D,0
-18.1528,31.1127,322.2,2023-08-22,1132,D,0
-18.0831,31.4958,320.9,2023-08-22,1132,D,0
-18.0087,32.0328,332.5,2023-08-22,1132,D,0
-17.9766,32.2056,332.3,2023-08-22,1132,D,0
-18.0674,31.2918,330.7,2023-08-22,1132,D,0
-18.0696,31.2712,325.9,2023-08-22,1132,D,0
-17.9908,31.7545,349.1,2023-08-22,1132,D,0
-17.9929,31.736,319.8,2023-08-22,1132,D,0
-18.0684,31.2867,329.7,2023-08-22,1132,D,0
-18.0008,31.7506,340.1,2023-08-22,1132,D,0
-17.9885,31.7491,323.3,2023-08-22,1132,D,0
-18.0058,31.3808,332.7,2023-08-22,1132,D,0
-18.008,31.3609,328.7,2023-08-22,1132,D,0
-18.1125,30.4237,324.4,2023-08-22,1132,D,0
-18.0042,30.8217,322.9,2023-08-22,1132,D,0
-17.8816,31.5546,320.9,2023-08-22,1132,D,0
-17.8677,31.3364,329.8,2023-08-22,1132,D,0
-17.8317,31.5479,321.3,2023-08-22,1132,D,0
-17.8681,31.3313,331.5,2023-08-22,1132,D,0
-17.8306,31.5424,323.7,2023-08-22,1132,D,0
-18.0167,29.7655,324.9,2023-08-22,1132,D,0
-18.0196,29.7387,323.4,2023-08-22,1132,D,0
-17.8041,31.4411,321.7,2023-08-22,1132,D,0
-17.6491,31.6667,320.5,2023-08-22,1132,D,0
-17.6728,31.3383,326.7,2023-08-22,1132,D,0
-17.6856,31.3347,355.1,2023-08-22,1132,D,0
-17.6706,31.3528,321.8,2023-08-22,1132,D,0
-17.6729,31.3332,321.1,2023-08-22,1132,D,0
-17.6821,31.027,322.3,2023-08-22,1132,D,0
-17.6964,30.8998,329.7,2023-08-22,1132,D,0
-17.8247,29.7299,320.5,2023-08-22,1132,D,0
-17.6691,31.0249,328.5,2023-08-22,1132,D,0
-17.7104,30.4019,327.2,2023-08-22,1132,D,0
-17.8382,29.1682,320.0,2023-08-22,1132,D,0
-17.4122,32.8316,323.6,2023-08-22,1132,D,0
-17.7028,30.3944,326.8,2023-08-22,1132,D,0
-17.8392,29.1615,319.4,2023-08-22,1132,D,0
-17.6308,30.9063,327.2,2023-08-22,1132,D,0
-17.6865,30.4164,326.5,2023-08-22,1132,D,0
-17.6892,30.3929,324.6,2023-08-22,1132,D,0
-17.6465,30.5289,375.3,2023-08-22,1132,D,0
-17.649,30.5059,343.4,2023-08-22,1132,D,0
-17.6304,30.5503,319.1,2023-08-22,1132,D,0
-17.633,30.5272,325.1,2023-08-22,1132,D,0
-17.638,30.4813,319.5,2023-08-22,1132,D,0
-17.5025,31.4637,319.7,2023-08-22,1132,D,0
-17.4274,31.6583,339.2,2023-08-22,1132,D,0
-17.4296,31.6398,319.9,2023-08-22,1132,D,0
-17.4901,31.1152,322.4,2023-08-22,1132,D,0
-17.4924,31.0951,329.7,2023-08-22,1132,D,0
-17.4151,31.6567,340.1,2023-08-22,1132,D,0
-17.4173,31.6381,323.2,2023-08-22,1132,D,0
-17.4457,31.391,322.1,2023-08-22,1132,D,0
-17.5247,30.6905,352.4,2023-08-22,1132,D,0
-17.5271,30.6685,327.4,2023-08-22,1132,D,0
-17.4676,30.9653,325.1,2023-08-22,1132,D,0
-17.4698,30.9453,345.7,2023-08-22,1132,D,0
-17.453,30.8565,357.8,2023-08-22,1132,D,0
-17.4552,30.8359,327.5,2023-08-22,1132,D,0
-17.4692,30.959,335.5,2023-08-22,1132,D,0
-17.4716,30.9388,330.3,2023-08-22,1132,D,0
-17.4529,30.8713,321.1,2023-08-22,1132,D,0
-17.4554,30.8502,354.3,2023-08-22,1132,D,0
-17.3713,31.0093,330.7,2023-08-22,1132,D,0
-17.393,30.6901,319.1,2023-08-22,1132,D,0
-17.3954,30.6681,335.6,2023-08-22,1132,D,0
-17.3709,31.025,319.0,2023-08-22,1132,D,0
-17.3734,31.0046,326.6,2023-08-22,1132,D,0
-17.3841,30.684,321.4,2023-08-22,1132,D,0
-17.3866,30.6621,328.5,2023-08-22,1132,D,0
-17.3912,30.5022,320.1,2023-08-22,1132,D,0
-17.3007,31.1806,326.9,2023-08-22,1132,D,0
-17.303,31.1605,319.8,2023-08-22,1132,D,0
-17.3659,30.3593,325.2,2023-08-22,1132,D,0
-17.3684,30.3356,325.4,2023-08-22,1132,D,0
-17.2602,31.1959,352.9,2023-08-22,1132,D,0
-17.2624,31.176,351.6,2023-08-22,1132,D,0
-17.4417,29.2163,325.0,2023-08-22,1132,D,0
-17.2598,31.189,356.4,2023-08-22,1132,D,0
-17.2622,31.1691,325.6,2023-08-22,1132,D,0
-17.3582,30.3512,326.5,2023-08-22,1132,D,0
-17.1826,31.2995,326.1,2023-08-22,1132,D,0
-17.1849,31.28,331.1,2023-08-22,1132,D,0
-17.221,30.7249,326.5,2023-08-22,1132,D,0
-17.2048,30.8902,319.3,2023-08-22,1132,D,0
-17.2248,30.7205,325.6,2023-08-22,1132,D,0
-17.1247,31.1284,321.8,2023-08-22,1132,D,0
-17.1128,31.0038,329.7,2023-08-22,1132,D,0
-17.1151,30.9836,332.7,2023-08-22,1132,D,0
-17.1957,30.2546,330.4,2023-08-22,1132,D,0
-17.1982,30.2321,321.9,2023-08-22,1132,D,0
-17.2588,29.3846,324.9,2023-08-22,1132,D,0
-17.0675,31.0601,322.3,2023-08-22,1132,D,0
-17.0678,31.0532,324.5,2023-08-22,1132,D,0
-17.2576,29.377,327.7,2023-08-22,1132,D,0
-17.1448,30.2655,321.7,2023-08-22,1132,D,0
-17.086,30.4228,325.6,2023-08-22,1132,D,0
-17.0886,30.3998,323.2,2023-08-22,1132,D,0
-17.1388,29.6653,328.6,2023-08-22,1132,D,0
-17.1632,29.2833,336.5,2023-08-22,1132,D,0
-16.8602,32.0331,325.0,2023-08-22,1132,D,0
-17.1364,29.6603,327.3,2023-08-22,1132,D,0
-17.1605,29.3058,321.8,2023-08-22,1132,D,0
-17.1634,29.2788,331.8,2023-08-22,1132,D,0
-17.1518,29.2475,328.0,2023-08-22,1132,D,0
-17.0125,30.2705,338.2,2023-08-22,1132,D,0
-16.9988,30.2693,321.7,2023-08-22,1132,D,0
-17.0724,29.4376,330.6,2023-08-22,1132,D,0
-19.0408,32.706,300.7,2023-08-22,1950,N,0
-19.4829,30.9009,302.0,2023-08-22,1950,N,0
-19.6004,32.786,309.1,2023-08-22,1950,N,0
-19.599,32.7974,315.5,2023-08-22,1950,N,0
-19.6102,32.7879,322.7,2023-08-22,1950,N,0
-19.7209,32.7972,334.9,2023-08-22,1950,N,0
-19.7194,32.8092,328.5,2023-08-22,1950,N,0
-19.7178,32.8212,303.4,2023-08-22,1950,N,0
-19.7164,32.8329,313.5,2023-08-22,1950,N,0
-19.8031,32.7904,315.6,2023-08-22,1950,N,0
-19.8017,32.8022,317.6,2023-08-22,1950,N,0
-19.8132,32.7911,320.7,2023-08-22,1950,N,0
-19.8116,32.8031,330.4,2023-08-22,1950,N,0
-20.0643,31.2014,312.3,2023-08-22,1950,N,0
-20.0506,31.3206,333.8,2023-08-22,1950,N,0
-20.0616,31.322,320.9,2023-08-22,1950,N,0
-19.9612,32.5811,303.6,2023-08-22,1950,N,0
-19.9977,32.7811,329.9,2023-08-22,1950,N,0
-19.9963,32.7922,307.9,2023-08-22,1950,N,0
-19.9885,32.9338,301.2,2023-08-22,1950,N,0
-19.9905,32.9288,308.6,2023-08-22,1950,N,0
-18.761,30.9354,302.6,2023-08-22,1951,N,0
-18.9854,32.0027,303.3,2023-08-22,1951,N,0
-18.987,31.9899,303.9,2023-08-22,1951,N,0
-19.0014,31.1144,303.8,2023-08-22,1951,N,0
-18.7996,32.2662,300.4,2023-08-22,1951,N,0
-18.9293,31.0609,300.2,2023-08-22,1951,N,0
-18.931,31.0459,309.0,2023-08-22,1951,N,0
-18.9283,31.0542,310.1,2023-08-22,1951,N,0
-18.7127,32.7198,300.5,2023-08-22,1951,N,0
-18.8038,31.4563,301.9,2023-08-22,1951,N,0
-18.6921,31.3167,316.7,2023-08-22,1951,N,0
-18.6813,31.3153,306.2,2023-08-22,1951,N,0
-18.7058,31.0125,308.7,2023-08-22,1951,N,0
-18.7075,30.9977,314.4,2023-08-22,1951,N,0
-18.6931,31.0259,312.7,2023-08-22,1951,N,0
-18.6948,31.0111,310.8,2023-08-22,1951,N,0
-18.2096,32.8401,318.4,2023-08-22,1951,N,0
-18.2013,32.8277,306.7,2023-08-22,1951,N,0
-18.1889,32.8482,306.8,2023-08-22,1951,N,0
-18.1903,32.837,323.5,2023-08-22,1951,N,0
-18.0929,32.8825,301.9,2023-08-22,1951,N,0
-18.2316,30.8753,305.9,2023-08-22,1951,N,0
-18.2206,30.8739,327.7,2023-08-22,1951,N,0
-18.2309,30.8691,311.4,2023-08-22,1951,N,0
-18.2181,30.8824,304.4,2023-08-22,1951,N,0
-18.2199,30.8676,308.2,2023-08-22,1951,N,0
-17.774,31.8405,315.8,2023-08-22,1951,N,0
-17.267,31.1849,300.0,2023-08-22,1951,N,0
-16.751,30.8295,304.6,2023-08-22,1951,N,0
-16.7527,30.8154,301.5,2023-08-22,1951,N,0
-16.7015,30.966,304.2,2023-08-22,1951,N,0
-16.6908,30.9643,304.4,2023-08-22,1951,N,0
-16.6801,30.9628,300.8,2023-08-22,1951,N,0
-16.7334,29.4973,311.5,2023-08-22,1951,N,0
-16.7383,29.5097,308.4,2023-08-22,1951,N,0
-16.7404,29.4919,306.3,2023-08-22,1951,N,0
-16.3725,29.8877,301.9,2023-08-22,1951,N,0
-16.0393,30.6675,328.9,2023-08-22,1951,N,0
-16.041,30.6534,305.1,2023-08-22,1951,N,0
-16.5555,30.6905,301.0,2023-08-23,2,N,0
-16.7314,29.5111,306.0,2023-08-23,2,N,0
-20.0329,31.1935,300.6,2023-08-23,3,N,0
-20.4024,28.6231,301.9,2023-08-23,3,N,0
-18.3645,26.4775,305.8,2023-08-23,3,N,0
-16.7149,31.1398,315.5,2023-08-23,820,D,0
-16.6241,29.7684,315.6,2023-08-23,820,D,0
-16.6506,29.4276,324.5,2023-08-23,820,D,0
-16.7385,29.5168,320.0,2023-08-23,820,D,0
-16.8709,30.8922,317.6,2023-08-23,820,D,0
-16.7382,29.5111,318.2,2023-08-23,820,D,0
-16.8396,30.3211,319.3,2023-08-23,820,D,0
-17.0262,31.6769,314.7,2023-08-23,820,D,0
-17.0233,31.6703,316.1,2023-08-23,820,D,0
-16.4149,29.2005,327.9,2023-08-23,820,D,0
-15.8887,30.3868,319.9,2023-08-23,820,D,0
-15.994,30.3927,315.5,2023-08-23,820,D,0
-16.0317,30.6701,317.1,2023-08-23,820,D,0
-16.16,30.8058,323.8,2023-08-23,820,D,0
-16.1647,30.7997,319.0,2023-08-23,820,D,0
-16.1761,30.773,319.0,2023-08-23,820,D,0
-16.3261,30.2338,314.5,2023-08-23,820,D,0
-16.3362,30.2463,314.7,2023-08-23,820,D,0
-16.3217,29.5114,315.6,2023-08-23,820,D,0
-16.5092,31.0427,313.4,2023-08-23,820,D,0
-16.9219,30.1169,315.4,2023-08-23,820,D,0
-16.4274,29.1993,327.4,2023-08-23,820,D,0
-16.4169,29.1938,328.3,2023-08-23,820,D,0
-16.419,29.2125,320.2,2023-08-23,820,D,0
-16.4294,29.1926,322.1,2023-08-23,820,D,0
-17.909,30.5484,327.0,2023-08-23,821,D,0
-17.9479,29.9823,316.0,2023-08-23,821,D,0
-17.942,29.9763,314.8,2023-08-23,821,D,0
-18.1678,31.817,315.2,2023-08-23,821,D,0
-18.1714,31.0851,316.7,2023-08-23,821,D,0
-18.1716,31.0797,317.5,2023-08-23,821,D,0
-18.2075,30.9911,316.8,2023-08-23,821,D,0
-18.285,31.7684,322.2,2023-08-23,821,D,0
-18.2881,31.8003,322.3,2023-08-23,821,D,0
-18.2342,30.8218,317.7,2023-08-23,821,D,0
-18.2371,30.8489,317.3,2023-08-23,821,D,0
-18.2986,31.7927,324.4,2023-08-23,821,D,0
-18.2387,30.842,318.7,2023-08-23,821,D,0
-18.3106,31.1157,315.5,2023-08-23,821,D,0
-18.4538,32.0809,317.7,2023-08-23,821,D,0
-18.4627,32.0751,316.1,2023-08-23,821,D,0
-18.4659,32.1088,315.4,2023-08-23,821,D,0
-18.3966,30.4651,318.4,2023-08-23,821,D,0
-18.7374,32.2135,321.9,2023-08-23,821,D,0
-18.7408,32.2485,316.1,2023-08-23,821,D,0
-18.709,32.3553,315.2,2023-08-23,821,D,0
-18.745,32.2058,317.2,2023-08-23,821,D,0
-18.7482,32.2411,320.9,2023-08-23,821,D,0
-18.6373,30.9136,319.4,2023-08-23,821,D,0
-18.6901,30.9933,331.6,2023-08-23,821,D,0
-18.693,31.0217,334.6,2023-08-23,821,D,0
-18.6426,30.3999,316.0,2023-08-23,821,D,0
-18.7049,30.9919,321.3,2023-08-23,821,D,0
-18.7079,31.0203,320.7,2023-08-23,821,D,0
-18.8544,32.4918,327.6,2023-08-23,821,D,0
-18.8579,32.528,318.2,2023-08-23,821,D,0
-18.6327,30.3955,314.7,2023-08-23,821,D,0
-18.6903,30.9881,321.0,2023-08-23,821,D,0
-18.693,31.0165,340.6,2023-08-23,821,D,0
-18.7051,30.9868,316.5,2023-08-23,821,D,0
-18.7079,31.0152,323.9,2023-08-23,821,D,0
-18.8603,32.4864,323.9,2023-08-23,821,D,0
-18.8636,32.5228,322.6,2023-08-23,821,D,0
-18.8187,30.7702,322.2,2023-08-23,821,D,0
-18.9586,32.2132,318.5,2023-08-23,821,D,0
-18.9618,32.2479,317.4,2023-08-23,821,D,0
-18.3661,26.48,320.3,2023-08-23,821,D,0
-18.3721,26.4731,319.4,2023-08-23,821,D,0
-19.074,32.2257,316.0,2023-08-23,821,D,0
-19.0933,30.9496,317.2,2023-08-23,821,D,0
-19.0961,30.9783,339.6,2023-08-23,821,D,0
-19.2074,30.4596,313.2,2023-08-23,821,D,0
-19.3551,30.7033,318.7,2023-08-23,821,D,0
-19.3697,30.7016,325.2,2023-08-23,821,D,0
-19.4585,31.2869,317.5,2023-08-23,821,D,0
-19.4616,31.3181,320.4,2023-08-23,821,D,0
-19.3711,30.6961,321.8,2023-08-23,821,D,0
-19.6983,32.8594,313.4,2023-08-23,821,D,0
-19.701,32.8527,313.3,2023-08-23,821,D,0
-19.6676,29.2083,317.5,2023-08-23,821,D,0
-19.6807,29.2066,319.2,2023-08-23,821,D,0
-19.6912,29.1985,319.3,2023-08-23,821,D,0
-20.0623,31.3133,317.7,2023-08-23,821,D,0
-20.2456,30.8744,318.6,2023-08-23,821,D,0
-20.2578,30.8431,319.4,2023-08-23,821,D,0
-19.4587,31.3129,326.1,2023-08-23,821,D,0
-16.934,29.98,316.9,2023-08-23,821,D,0
-17.0718,31.2495,314.0,2023-08-23,821,D,0
-17.0028,30.1487,317.8,2023-08-23,821,D,0
-17.131,30.6376,316.8,2023-08-23,821,D,0
-17.2471,31.192,317.4,2023-08-23,821,D,0
-17.2478,31.1865,316.4,2023-08-23,821,D,0
-17.2172,30.3261,315.3,2023-08-23,821,D,0
-17.1615,29.4594,318.7,2023-08-23,821,D,0
-17.3799,30.4723,355.4,2023-08-23,821,D,0
-17.3826,30.4971,318.3,2023-08-23,821,D,0
-17.3714,30.4679,338.6,2023-08-23,821,D,0
-17.374,30.4926,327.4,2023-08-23,821,D,0
-17.3854,30.4663,328.4,2023-08-23,821,D,0
-17.3879,30.4907,318.1,2023-08-23,821,D,0
-17.503,30.3222,319.3,2023-08-23,821,D,0
-17.6025,30.849,318.6,2023-08-23,821,D,0
-17.6052,30.8429,319.5,2023-08-23,821,D,0
-17.671,31.0554,321.4,2023-08-23,821,D,0
-17.6737,31.0823,327.2,2023-08-23,821,D,0
-17.7648,31.8279,319.1,2023-08-23,821,D,0
-17.7453,31.3371,337.7,2023-08-23,821,D,0
-17.7484,31.3664,331.9,2023-08-23,821,D,0
-17.7756,31.8203,317.6,2023-08-23,821,D,0
-17.744,31.3307,323.9,2023-08-23,821,D,0
-17.7469,31.3602,336.9,2023-08-23,821,D,0
-17.8153,31.005,315.7,2023-08-23,821,D,2
-17.8166,30.9994,314.6,2023-08-23,821,D,2
-17.9048,30.5543,325.0,2023-08-23,821,D,0
-17.9189,30.5527,321.2,2023-08-23,821,D,0
-20.9997,27.6917,379.1,2023-08-23,822,D,0
-21.0016,27.7093,327.9,2023-08-23,822,D,0
-20.9937,27.699,337.7,2023-08-23,822,D,0
-20.9916,27.6815,325.7,2023-08-23,822,D,0
-21.8876,31.0105,323.2,2023-08-23,1212,D,0
-18.9281,32.2718,322.9,2023-08-23,1213,D,0
-21.1886,30.4373,324.8,2023-08-23,1213,D,0
-20.8762,32.0354,325.8,2023-08-23,1213,D,0
-20.854,31.9763,327.1,2023-08-23,1213,D,0
-20.9056,30.9939,325.1,2023-08-23,1213,D,0
-20.6496,32.0891,331.1,2023-08-23,1213,D,0
-20.6422,32.0949,327.3,2023-08-23,1213,D,0
-20.6445,32.0813,325.9,2023-08-23,1213,D,0
-20.6678,30.9482,326.3,2023-08-23,1213,D,0
-20.649,30.9256,332.4,2023-08-23,1213,D,0
-20.6467,30.6908,326.2,2023-08-23,1213,D,0
-20.2596,32.6587,327.2,2023-08-23,1213,D,0
-20.1976,32.8183,320.3,2023-08-23,1213,D,0
-20.2241,32.6667,325.7,2023-08-23,1213,D,0
-20.2131,32.6642,372.8,2023-08-23,1213,D,0
-20.2157,32.6492,359.8,2023-08-23,1213,D,0
-21.0003,27.7009,374.4,2023-08-23,1213,D,0
-21.0017,27.6914,372.1,2023-08-23,1213,D,0
-21.003,27.6818,326.3,2023-08-23,1213,D,0
-20.2017,32.5996,319.7,2023-08-23,1213,D,0
-20.3005,31.8643,325.9,2023-08-23,1213,D,0
-20.1548,32.6597,328.5,2023-08-23,1213,D,0
-20.1574,32.6446,319.5,2023-08-23,1213,D,0
-19.9943,32.9238,319.4,2023-08-23,1213,D,0
-20.0366,32.6159,320.1,2023-08-23,1213,D,0
-19.9968,32.7778,327.5,2023-08-23,1213,D,0
-20.5787,29.0624,324.4,2023-08-23,1213,D,0
-20.3084,30.6844,325.7,2023-08-23,1213,D,0
-20.2751,30.8294,324.7,2023-08-23,1213,D,0
-20.2653,30.8277,322.2,2023-08-23,1213,D,0
-20.2536,30.8375,344.6,2023-08-23,1213,D,0
-20.2555,30.8259,358.5,2023-08-23,1213,D,0
-20.2574,30.8142,339.1,2023-08-23,1213,D,0
-20.4838,29.38,328.3,2023-08-23,1213,D,0
-19.9482,32.5878,352.8,2023-08-23,1213,D,0
-20.2401,30.8588,327.5,2023-08-23,1213,D,0
-20.4747,29.3784,327.9,2023-08-23,1213,D,0
-19.9346,32.6005,338.3,2023-08-23,1213,D,0
-20.5662,28.6527,341.0,2023-08-23,1213,D,0
-20.5676,28.6432,325.5,2023-08-23,1213,D,0
-20.1207,31.3921,321.3,2023-08-23,1213,D,0
-20.4473,29.3735,329.0,2023-08-23,1213,D,0
-20.5572,28.6512,358.0,2023-08-23,1213,D,0
-20.5587,28.6416,337.9,2023-08-23,1213,D,0
-20.4397,29.3768,325.1,2023-08-23,1213,D,0
-20.1419,31.2128,323.8,2023-08-23,1213,D,0
-20.1438,31.2008,323.7,2023-08-23,1213,D,0
-20.1139,31.2576,325.3,2023-08-23,1213,D,0
-20.5453,28.4867,338.5,2023-08-23,1213,D,0
-19.835,32.8439,319.4,2023-08-23,1213,D,0
-19.8375,32.8299,319.5,2023-08-23,1213,D,0
-20.5363,28.4852,363.6,2023-08-23,1213,D,0
-20.5377,28.4756,329.5,2023-08-23,1213,D,0
-19.8203,32.7951,335.7,2023-08-23,1213,D,0
-19.7842,32.9338,321.7,2023-08-23,1213,D,0
-20.0533,31.31,326.7,2023-08-23,1213,D,0
-20.037,31.345,329.8,2023-08-23,1213,D,0
-19.7718,32.9408,323.4,2023-08-23,1213,D,0
-20.0246,31.3616,331.2,2023-08-23,1213,D,0
-19.7486,32.8046,319.3,2023-08-23,1213,D,0
-19.707,32.8427,337.2,2023-08-23,1213,D,0
-20.3958,28.6211,332.9,2023-08-23,1213,D,0
-19.6959,32.8398,336.8,2023-08-23,1213,D,0
-19.6985,32.8248,323.3,2023-08-23,1213,D,0
-19.6984,32.835,345.7,2023-08-23,1213,D,0
-19.9587,31.1409,346.4,2023-08-23,1213,D,0
-20.3376,28.645,323.9,2023-08-23,1213,D,0
-20.339,28.6354,326.3,2023-08-23,1213,D,0
-20.3286,28.6434,332.0,2023-08-23,1213,D,0
-20.33,28.6338,353.0,2023-08-23,1213,D,0
-20.3315,28.6242,334.5,2023-08-23,1213,D,0
-20.3296,28.5748,320.6,2023-08-23,1213,D,0
-20.3311,28.5652,344.1,2023-08-23,1213,D,0
-20.1859,29.279,337.2,2023-08-23,1213,D,0
-20.1874,29.269,331.8,2023-08-23,1213,D,0
-19.9143,30.7145,332.4,2023-08-23,1213,D,0
-19.9162,30.7031,324.8,2023-08-23,1213,D,0
-20.139,29.2844,325.4,2023-08-23,1213,D,0
-20.1583,28.9746,324.3,2023-08-23,1213,D,0
-19.732,30.7628,327.0,2023-08-23,1213,D,0
-19.8471,29.9779,322.5,2023-08-23,1213,D,0
-19.8487,29.9673,323.7,2023-08-23,1213,D,0
-19.5603,31.0037,322.4,2023-08-23,1213,D,0
-19.576,30.9085,321.5,2023-08-23,1213,D,0
-19.7214,29.9487,324.1,2023-08-23,1213,D,0
-19.7231,29.9383,325.2,2023-08-23,1213,D,0
-19.6729,29.9118,344.3,2023-08-23,1213,D,0
-19.6746,29.9014,350.1,2023-08-23,1213,D,0
-19.4426,31.278,348.9,2023-08-23,1213,D,0
-19.4447,31.2656,359.1,2023-08-23,1213,D,0
-19.4467,31.2531,328.7,2023-08-23,1213,D,0
-19.4345,31.2636,341.5,2023-08-23,1213,D,0
-19.4366,31.2511,325.4,2023-08-23,1213,D,0
-19.483,30.9085,325.6,2023-08-23,1213,D,0
-19.4849,30.8965,326.5,2023-08-23,1213,D,0
-19.475,30.8947,340.7,2023-08-23,1213,D,0
-19.477,30.8829,323.1,2023-08-23,1213,D,0
-19.4979,30.6947,323.4,2023-08-23,1213,D,0
-19.5953,29.9462,321.0,2023-08-23,1213,D,0
-19.7105,29.1994,322.5,2023-08-23,1213,D,0
-19.375,31.2598,327.5,2023-08-23,1213,D,0
-19.3771,31.2473,342.3,2023-08-23,1213,D,0
-19.7043,29.1781,335.1,2023-08-23,1213,D,0
-19.2002,32.2394,323.4,2023-08-23,1213,D,0
-19.3587,31.2954,336.6,2023-08-23,1213,D,0
-19.3629,31.27,325.0,2023-08-23,1213,D,0
-19.6891,29.2162,336.9,2023-08-23,1213,D,0
-19.6952,29.1765,345.2,2023-08-23,1213,D,0
-19.3252,31.4334,322.8,2023-08-23,1213,D,0
-19.3273,31.4207,326.9,2023-08-23,1213,D,0
-19.6724,29.2031,364.5,2023-08-23,1213,D,0
-19.6739,29.1932,366.8,2023-08-23,1213,D,0
-19.6754,29.1833,327.2,2023-08-23,1213,D,0
-19.3122,31.2027,322.8,2023-08-23,1213,D,0
-19.0567,32.6678,320.5,2023-08-23,1213,D,0
-19.3621,30.7048,325.6,2023-08-23,1213,D,0
-19.364,30.6932,328.4,2023-08-23,1213,D,0
-19.3522,30.7031,326.9,2023-08-23,1213,D,0
-19.3541,30.6914,330.3,2023-08-23,1213,D,0
-19.0785,32.2086,328.8,2023-08-23,1213,D,0
-19.4589,29.9152,324.4,2023-08-23,1213,D,0
-19.4606,29.9046,336.3,2023-08-23,1213,D,0
-19.0625,32.2357,328.9,2023-08-23,1213,D,0
-19.4495,29.9135,327.9,2023-08-23,1213,D,0
-19.4512,29.9029,339.5,2023-08-23,1213,D,0
-19.6347,28.7187,361.1,2023-08-23,1213,D,0
-19.6362,28.709,336.5,2023-08-23,1213,D,0
-19.0574,32.1254,332.5,2023-08-23,1213,D,0
-18.9831,32.4288,354.2,2023-08-23,1213,D,0
-18.9857,32.4139,354.6,2023-08-23,1213,D,0
-19.0654,31.8804,333.1,2023-08-23,1213,D,0
-19.0678,31.8666,327.5,2023-08-23,1213,D,0
-19.0008,32.1286,331.2,2023-08-23,1213,D,0
-18.9094,32.5872,321.1,2023-08-23,1213,D,0
-18.9674,32.256,323.6,2023-08-23,1213,D,0
-19.3796,29.7767,323.8,2023-08-23,1213,D,0
-19.3858,29.6328,324.4,2023-08-23,1213,D,0
-18.9598,32.2184,326.6,2023-08-23,1213,D,0
-18.9863,32.06,330.0,2023-08-23,1213,D,0
-18.8824,32.6071,323.7,2023-08-23,1213,D,0
-18.9755,32.0583,334.1,2023-08-23,1213,D,0
-18.9849,32.0023,324.9,2023-08-23,1213,D,0
-18.9872,31.9883,335.8,2023-08-23,1213,D,0
-18.9896,31.9743,324.0,2023-08-23,1213,D,0
-18.9743,31.9993,335.6,2023-08-23,1213,D,0
-18.9765,31.986,336.3,2023-08-23,1213,D,0
-18.9344,32.1686,335.5,2023-08-23,1213,D,0
-18.9369,32.1541,329.0,2023-08-23,1213,D,0
-18.9393,32.1397,326.9,2023-08-23,1213,D,0
-18.921,32.181,343.4,2023-08-23,1213,D,0
-18.9235,32.1664,354.0,2023-08-23,1213,D,0
-18.8561,32.4911,325.3,2023-08-23,1213,D,0
-19.1167,30.9517,338.8,2023-08-23,1213,D,0
-19.1187,30.9397,347.3,2023-08-23,1213,D,0
-19.1593,30.6919,338.8,2023-08-23,1213,D,0
-19.1612,30.6803,344.5,2023-08-23,1213,D,0
-19.1983,30.4514,355.9,2023-08-23,1213,D,0
-19.2001,30.4402,326.0,2023-08-23,1213,D,0
-19.0804,31.1085,324.3,2023-08-23,1213,D,0
-19.0825,31.0962,337.5,2023-08-23,1213,D,0
-19.0845,31.0838,342.3,2023-08-23,1213,D,0
-19.1047,30.9619,327.8,2023-08-23,1213,D,0
-19.0724,31.0942,325.9,2023-08-23,1213,D,0
-19.0744,31.082,352.2,2023-08-23,1213,D,0
-18.9911,31.4782,331.5,2023-08-23,1213,D,0
-18.9933,31.465,337.5,2023-08-23,1213,D,0
-19.0017,31.4136,333.0,2023-08-23,1213,D,0
-19.0038,31.401,341.2,2023-08-23,1213,D,0
-18.8363,32.3407,335.7,2023-08-23,1213,D,0
-18.8389,32.3256,358.9,2023-08-23,1213,D,0
-18.932,31.771,322.5,2023-08-23,1213,D,0
-18.9915,31.4112,334.3,2023-08-23,1213,D,0
-18.9935,31.399,335.7,2023-08-23,1213,D,0
-19.2548,29.7639,322.8,2023-08-23,1213,D,0
-18.8227,32.3538,328.8,2023-08-23,1213,D,0
-18.8253,32.3386,327.2,2023-08-23,1213,D,0
-18.8278,32.3235,332.5,2023-08-23,1213,D,0
-18.9462,31.6202,325.7,2023-08-23,1213,D,0
-19.1572,30.323,323.2,2023-08-23,1213,D,0
-19.1686,30.1886,323.1,2023-08-23,1213,D,0
-19.0128,31.0898,333.6,2023-08-23,1213,D,0
-19.0148,31.0774,331.1,2023-08-23,1213,D,0
-18.723,32.7289,338.9,2023-08-23,1213,D,0
-18.7259,32.7127,331.5,2023-08-23,1213,D,0
-19.0026,31.0879,338.9,2023-08-23,1213,D,0
-19.0047,31.0755,357.4,2023-08-23,1213,D,0
-19.0067,31.0632,344.2,2023-08-23,1213,D,0
-19.1083,30.4412,332.2,2023-08-23,1213,D,0
-18.7254,32.6483,318.4,2023-08-23,1213,D,0
-18.9905,31.0985,333.6,2023-08-23,1213,D,0
-18.9925,31.0861,347.5,2023-08-23,1213,D,0
-18.9946,31.0737,346.0,2023-08-23,1213,D,0
-18.9966,31.0613,344.8,2023-08-23,1213,D,0
-18.9804,31.0965,334.4,2023-08-23,1213,D,0
-18.9824,31.0842,330.6,2023-08-23,1213,D,0
-18.7721,32.2508,327.0,2023-08-23,1213,D,0
-18.7746,32.2363,352.4,2023-08-23,1213,D,0
-18.9764,31.0576,325.0,2023-08-23,1213,D,0
-18.976,31.0635,321.0,2023-08-23,1213,D,0
-18.7709,32.2439,349.3,2023-08-23,1213,D,0
-18.7733,32.2291,333.5,2023-08-23,1213,D,0
-18.7868,32.0822,326.7,2023-08-23,1213,D,0
-18.7759,32.0799,323.0,2023-08-23,1213,D,0
-18.9377,31.107,324.7,2023-08-23,1213,D,0
-19.1705,29.6463,327.5,2023-08-23,1213,D,0
-18.709,32.3395,331.4,2023-08-23,1213,D,0
-18.7116,32.3243,324.5,2023-08-23,1213,D,0
-18.9833,30.5761,328.8,2023-08-23,1213,D,0
-18.9964,30.4958,323.4,2023-08-23,1213,D,0
-18.7676,31.8028,331.4,2023-08-23,1213,D,0
-18.9735,30.5744,333.3,2023-08-23,1213,D,0
-18.757,31.8007,325.0,2023-08-23,1213,D,0
-18.8343,31.348,322.2,2023-08-23,1213,D,0
-18.9637,30.5726,351.5,2023-08-23,1213,D,0
-18.9656,30.561,334.4,2023-08-23,1213,D,0
-18.7651,31.7966,330.1,2023-08-23,1213,D,0
-18.9621,30.5786,334.0,2023-08-23,1213,D,0
-18.9639,30.567,342.7,2023-08-23,1213,D,0
-18.7797,31.5761,326.2,2023-08-23,1213,D,0
-18.654,32.2595,321.3,2023-08-23,1213,D,0
-18.7238,31.846,324.3,2023-08-23,1213,D,0
-18.7131,31.8439,326.9,2023-08-23,1213,D,0
-18.7155,31.8301,328.7,2023-08-23,1213,D,0
-18.6704,31.9653,333.6,2023-08-23,1213,D,0
-18.6727,31.9514,320.6,2023-08-23,1213,D,0
-18.6365,32.0322,324.7,2023-08-23,1213,D,0
-18.9003,30.4614,327.5,2023-08-23,1213,D,0
-18.9077,30.416,327.5,2023-08-23,1213,D,0
-18.9096,30.4047,326.5,2023-08-23,1213,D,0
-18.6342,32.0249,323.9,2023-08-23,1213,D,0
-18.7291,31.3831,343.2,2023-08-23,1213,D,0
-18.7187,31.3811,328.5,2023-08-23,1213,D,0
-18.836,30.5959,324.1,2023-08-23,1213,D,0
-18.7957,30.782,341.8,2023-08-23,1213,D,0
-18.7976,30.7701,353.2,2023-08-23,1213,D,0
-18.7996,30.7582,391.9,2023-08-23,1213,D,0
-18.7858,30.7801,350.0,2023-08-23,1213,D,0
-18.7877,30.7682,356.5,2023-08-23,1213,D,0
-18.7896,30.7564,360.7,2023-08-23,1213,D,0
-18.7916,30.7445,323.2,2023-08-23,1213,D,0
-18.7777,30.7664,353.2,2023-08-23,1213,D,0
-18.7797,30.7545,392.9,2023-08-23,1213,D,0
-18.7816,30.7427,355.3,2023-08-23,1213,D,0
-18.7678,30.7645,399.6,2023-08-23,1213,D,0
-18.7698,30.7527,421.0,2023-08-23,1213,D,0
-18.5622,31.9225,326.9,2023-08-23,1213,D,0
-18.7037,31.0265,326.0,2023-08-23,1213,D,0
-18.7057,31.0142,325.1,2023-08-23,1213,D,0
-18.7068,31.0217,327.0,2023-08-23,1213,D,0
-18.7046,30.9708,343.0,2023-08-23,1213,D,0
-18.7065,30.9586,322.9,2023-08-23,1213,D,0
-18.5356,31.8675,319.8,2023-08-23,1213,D,0
-18.6804,30.9915,344.6,2023-08-23,1213,D,0
-18.6824,30.9793,352.2,2023-08-23,1213,D,0
-18.4642,32.0902,332.7,2023-08-23,1213,D,0
-18.4667,32.0758,333.7,2023-08-23,1213,D,0
-18.4767,32.0174,328.0,2023-08-23,1213,D,0
-18.4791,32.0036,323.6,2023-08-23,1213,D,0
-18.4533,32.0881,323.4,2023-08-23,1213,D,0
-18.4558,32.0735,324.4,2023-08-23,1213,D,0
-18.4659,32.0149,324.5,2023-08-23,1213,D,0
-18.4683,32.0012,349.5,2023-08-23,1213,D,0
-18.7455,30.3395,325.2,2023-08-23,1213,D,0
-18.7473,30.3283,337.0,2023-08-23,1213,D,0
-18.4575,31.9989,354.5,2023-08-23,1213,D,0
-18.7376,30.3267,323.7,2023-08-23,1213,D,0
-18.8452,29.5928,327.7,2023-08-23,1213,D,0
-18.8469,29.5824,328.3,2023-08-23,1213,D,0
-18.8647,29.469,323.5,2023-08-23,1213,D,0
-18.4528,32.0058,335.6,2023-08-23,1213,D,0
-18.4551,31.9917,325.4,2023-08-23,1213,D,0
-18.777,29.8658,327.5,2023-08-23,1213,D,0
-18.8531,29.2518,326.1,2023-08-23,1213,D,0
-18.4552,31.4671,326.1,2023-08-23,1213,D,0
-18.4575,31.4538,323.1,2023-08-23,1213,D,0
-18.5242,31.0575,328.9,2023-08-23,1213,D,0
-18.5262,31.0451,336.5,2023-08-23,1213,D,0
-18.6261,30.4395,328.7,2023-08-23,1213,D,0
-18.4448,31.4651,348.5,2023-08-23,1213,D,0
-18.447,31.4518,367.8,2023-08-23,1213,D,0
-18.514,31.0557,348.5,2023-08-23,1213,D,0
-18.5161,31.0432,401.4,2023-08-23,1213,D,0
-18.5181,31.0308,339.1,2023-08-23,1213,D,0
-18.451,31.4607,344.4,2023-08-23,1213,D,0
-18.4532,31.4474,326.8,2023-08-23,1213,D,0
-18.5175,31.0508,374.7,2023-08-23,1213,D,0
-18.5195,31.0383,363.1,2023-08-23,1213,D,0
-18.4406,31.4586,354.3,2023-08-23,1213,D,0
-18.4427,31.4454,344.1,2023-08-23,1213,D,0
-18.5093,31.0365,343.3,2023-08-23,1213,D,0
-18.342,31.9205,341.2,2023-08-23,1213,D,0
-18.3443,31.9064,341.7,2023-08-23,1213,D,0
-18.2064,32.4456,322.6,2023-08-23,1213,D,0
-18.9123,28.0058,326.6,2023-08-23,1213,D,0
-18.3658,31.3903,344.7,2023-08-23,1213,D,0
-18.3681,31.3771,362.7,2023-08-23,1213,D,0
-18.9048,27.9949,342.4,2023-08-23,1213,D,0
-18.3683,31.3975,327.1,2023-08-23,1213,D,0
-18.3705,31.3842,329.4,2023-08-23,1213,D,0
-18.3579,31.3955,334.2,2023-08-23,1213,D,0
-18.36,31.3823,361.6,2023-08-23,1213,D,0
-18.3622,31.369,335.6,2023-08-23,1213,D,0
-18.2825,31.7857,325.1,2023-08-23,1213,D,0
-18.2671,31.8117,338.2,2023-08-23,1213,D,0
-18.2563,31.8098,343.9,2023-08-23,1213,D,0
-18.3205,31.3612,324.5,2023-08-23,1213,D,0
-18.2034,31.9897,368.6,2023-08-23,1213,D,0
-18.2059,31.9751,326.7,2023-08-23,1213,D,0
-18.3359,31.2048,326.1,2023-08-23,1213,D,0
-18.338,31.1921,326.0,2023-08-23,1213,D,0
-18.5359,29.9768,323.9,2023-08-23,1213,D,0
-18.2313,31.7615,326.1,2023-08-23,1213,D,0
-18.2336,31.7476,336.3,2023-08-23,1213,D,0
-18.2205,31.7597,324.2,2023-08-23,1213,D,0
-18.2229,31.7457,349.3,2023-08-23,1213,D,0
-18.8497,27.7385,324.5,2023-08-23,1213,D,0
-18.2185,31.7536,333.6,2023-08-23,1213,D,0
-18.2208,31.7395,329.6,2023-08-23,1213,D,0
-18.1864,31.7472,322.2,2023-08-23,1213,D,0
-18.3966,30.4629,328.1,2023-08-23,1213,D,0
-18.3984,30.4513,325.7,2023-08-23,1213,D,0
-18.1256,31.779,324.7,2023-08-23,1213,D,0
-18.1376,31.7091,334.8,2023-08-23,1213,D,0
-18.1399,31.6956,324.7,2023-08-23,1213,D,0
-18.4345,29.8535,324.8,2023-08-23,1213,D,0
-18.134,31.7018,328.7,2023-08-23,1213,D,0
-18.429,29.8569,326.0,2023-08-23,1213,D,0
-18.4459,29.6852,327.8,2023-08-23,1213,D,0
-18.347,30.1909,327.1,2023-08-23,1213,D,0
-18.1072,31.598,329.8,2023-08-23,1213,D,0
-18.2061,31.0004,326.9,2023-08-23,1213,D,0
-18.2323,30.8406,352.6,2023-08-23,1213,D,0
-18.2342,30.8284,328.7,2023-08-23,1213,D,0
-18.0965,31.5962,326.3,2023-08-23,1213,D,0
-18.2399,30.7302,339.6,2023-08-23,1213,D,0
-18.1264,31.3534,329.5,2023-08-23,1213,D,0
-18.1754,31.059,332.9,2023-08-23,1213,D,0
-18.2512,30.5979,328.9,2023-08-23,1213,D,0
-18.1652,31.0571,342.8,2023-08-23,1213,D,0
-18.155,31.0552,351.0,2023-08-23,1213,D,0
-18.1571,31.0427,350.0,2023-08-23,1213,D,0
-17.8506,32.7517,318.9,2023-08-23,1213,D,0
-18.1017,31.3083,326.5,2023-08-23,1213,D,0
-18.2798,30.2364,341.9,2023-08-23,1213,D,0
-18.5049,28.8111,323.7,2023-08-23,1213,D,0
-18.2773,30.2419,327.1,2023-08-23,1213,D,0
-18.2791,30.2307,329.2,2023-08-23,1213,D,0
-18.3425,29.8249,326.6,2023-08-23,1213,D,0
-18.2015,30.6561,333.5,2023-08-23,1213,D,0
-18.2277,30.4918,324.5,2023-08-23,1213,D,0
-18.2296,30.4802,323.9,2023-08-23,1213,D,0
-17.844,32.7468,319.1,2023-08-23,1213,D,0
-18.2179,30.49,344.8,2023-08-23,1213,D,0
-18.2197,30.4784,354.1,2023-08-23,1213,D,0
-16.5189,31.9922,330.1,2023-08-23,1214,D,0
-16.9678,28.3738,329.0,2023-08-23,1214,D,0
-16.9692,28.3642,325.5,2023-08-23,1214,D,0
-16.6546,30.324,332.5,2023-08-23,1214,D,0
-16.5177,31.0329,331.9,2023-08-23,1214,D,0
-16.52,31.0193,327.4,2023-08-23,1214,D,0
-16.5007,31.0698,327.3,2023-08-23,1214,D,0
-16.5028,31.0571,320.7,2023-08-23,1214,D,0
-16.7445,29.5727,338.6,2023-08-23,1214,D,0
-16.7462,29.562,338.9,2023-08-23,1214,D,0
-16.6004,30.2841,322.8,2023-08-23,1214,D,0
-16.9319,28.1263,342.5,2023-08-23,1214,D,0
-16.4974,30.6653,348.0,2023-08-23,1214,D,0
-16.4851,30.6761,342.6,2023-08-23,1214,D,0
-16.4871,30.6636,329.6,2023-08-23,1214,D,0
-16.5485,29.9596,336.7,2023-08-23,1214,D,0
-16.5829,29.6776,324.5,2023-08-23,1214,D,0
-16.5733,29.6759,326.3,2023-08-23,1214,D,0
-16.6465,29.2075,323.9,2023-08-23,1214,D,0
-16.4648,29.975,337.0,2023-08-23,1214,D,0
-16.4549,29.9731,324.9,2023-08-23,1214,D,0
-16.4239,29.8515,323.9,2023-08-23,1214,D,0
-16.3372,30.3247,322.3,2023-08-23,1214,D,0
-16.4142,29.8496,325.6,2023-08-23,1214,D,0
-16.4757,29.4648,339.9,2023-08-23,1214,D,0
-16.4774,29.4542,326.6,2023-08-23,1214,D,0
-16.3314,30.2312,326.4,2023-08-23,1214,D,0
-16.3744,29.8941,339.1,2023-08-23,1214,D,0
-16.4733,29.1354,324.5,2023-08-23,1214,D,0
-16.2719,30.345,328.8,2023-08-23,1214,D,0
-16.4558,29.1854,325.8,2023-08-23,1214,D,0
-16.1927,30.7655,329.2,2023-08-23,1214,D,0
-16.1948,30.7527,335.7,2023-08-23,1214,D,0
-16.4448,29.1942,342.4,2023-08-23,1214,D,0
-16.4464,29.1839,349.2,2023-08-23,1214,D,0
-16.1844,30.7508,339.4,2023-08-23,1214,D,0
-16.1866,30.7381,328.4,2023-08-23,1214,D,0
-16.3769,29.5631,331.1,2023-08-23,1214,D,0
-16.3787,29.5523,342.5,2023-08-23,1214,D,0
-16.4354,29.1926,341.2,2023-08-23,1214,D,0
-16.437,29.1822,354.2,2023-08-23,1214,D,0
-16.1719,30.7618,336.5,2023-08-23,1214,D,0
-16.1741,30.749,335.8,2023-08-23,1214,D,0
-16.426,29.1909,336.5,2023-08-23,1214,D,0
-16.4276,29.1806,348.0,2023-08-23,1214,D,0
-16.3313,29.7246,322.2,2023-08-23,1214,D,0
-16.1587,30.8069,326.3,2023-08-23,1214,D,0
-16.2765,29.6192,324.2,2023-08-23,1214,D,0
-16.2284,29.6491,330.2,2023-08-23,1214,D,0
-16.2301,29.6382,324.8,2023-08-23,1214,D,0
-16.0485,30.6488,326.3,2023-08-23,1214,D,0
-16.0939,30.2401,355.7,2023-08-23,1214,D,0
-16.0237,30.6056,330.2,2023-08-23,1214,D,0
-16.0031,30.6019,334.4,2023-08-23,1214,D,0
-15.9073,30.3811,327.2,2023-08-23,1214,D,0
-18.0246,31.4796,326.5,2023-08-23,1214,D,0
-18.0268,31.4663,327.5,2023-08-23,1214,D,0
-18.014,31.4777,342.7,2023-08-23,1214,D,0
-18.0692,31.0208,327.5,2023-08-23,1214,D,0
-18.0005,31.3652,327.3,2023-08-23,1214,D,0
-18.0138,31.2866,340.8,2023-08-23,1214,D,0
-18.016,31.2736,344.9,2023-08-23,1214,D,0
-18.0182,31.2606,327.7,2023-08-23,1214,D,0
-18.0837,30.8705,342.6,2023-08-23,1214,D,0
-18.0835,30.8763,336.0,2023-08-23,1214,D,0
-18.0855,30.864,326.7,2023-08-23,1214,D,0
-17.9928,31.3708,334.2,2023-08-23,1214,D,0
-18.0078,31.2788,340.4,2023-08-23,1214,D,0
-18.0099,31.2658,343.3,2023-08-23,1214,D,0
-18.0121,31.2528,324.2,2023-08-23,1214,D,0
-18.0734,30.8744,332.0,2023-08-23,1214,D,0
-18.0754,30.8621,325.2,2023-08-23,1214,D,0
-18.0875,30.5315,333.1,2023-08-23,1214,D,0
-17.958,31.2558,332.6,2023-08-23,1214,D,0
-17.9245,31.2632,365.3,2023-08-23,1214,D,0
-17.9267,31.2502,331.8,2023-08-23,1214,D,0
-18.0498,30.5126,350.8,2023-08-23,1214,D,0
-18.0517,30.501,337.9,2023-08-23,1214,D,0
-17.9282,31.2716,330.1,2023-08-23,1214,D,0
-18.0509,30.5073,347.8,2023-08-23,1214,D,0
-17.8233,31.8443,321.0,2023-08-23,1214,D,0
-17.9178,31.2697,338.2,2023-08-23,1214,D,0
-17.9199,31.2567,358.2,2023-08-23,1214,D,0
-18.2184,29.3715,329.3,2023-08-23,1214,D,0
-17.8124,31.8423,323.5,2023-08-23,1214,D,0
-17.7844,31.9421,325.5,2023-08-23,1214,D,0
-17.7735,31.94,348.0,2023-08-23,1214,D,0
-17.776,31.9253,324.0,2023-08-23,1214,D,0
-18.0046,30.4152,331.9,2023-08-23,1214,D,0
-18.0065,30.4037,325.5,2023-08-23,1214,D,0
-18.075,29.977,330.9,2023-08-23,1214,D,0
-17.7579,31.833,324.1,2023-08-23,1214,D,0
-17.7604,31.8186,364.5,2023-08-23,1214,D,0
-17.7628,31.8042,323.5,2023-08-23,1214,D,0
-17.8123,31.513,335.3,2023-08-23,1214,D,0
-17.9526,30.6716,324.6,2023-08-23,1214,D,0
-17.8718,30.8504,331.1,2023-08-23,1214,D,0
-17.7911,31.2129,337.1,2023-08-23,1214,D,0
-17.7933,31.1996,323.5,2023-08-23,1214,D,0
-17.7481,31.3417,322.8,2023-08-23,1214,D,0
-17.5746,32.2211,324.4,2023-08-23,1214,D,0
-17.9532,29.9717,325.9,2023-08-23,1214,D,0
-17.5743,32.2312,322.2,2023-08-23,1214,D,0
-18.0454,29.2976,323.6,2023-08-23,1214,D,0
-18.392,26.8256,325.9,2023-08-23,1214,D,0
-17.5366,31.9146,331.4,2023-08-23,1214,D,0
-17.5976,31.5601,324.5,2023-08-23,1214,D,0
-17.6811,31.0681,325.7,2023-08-23,1214,D,0
-18.3763,26.477,328.5,2023-08-23,1214,D,0
-17.5328,31.9222,326.2,2023-08-23,1214,D,0
-17.5353,31.9075,322.6,2023-08-23,1214,D,0
-17.617,31.3459,324.6,2023-08-23,1214,D,0
-17.6192,31.3325,328.6,2023-08-23,1214,D,0
-17.7489,30.4697,321.3,2023-08-23,1214,D,0
-17.7507,30.458,326.5,2023-08-23,1214,D,0
-17.4542,32.1848,334.5,2023-08-23,1214,D,0
-17.4568,32.1697,334.9,2023-08-23,1214,D,0
-17.6581,30.9655,337.2,2023-08-23,1214,D,0
-17.6478,30.9638,323.2,2023-08-23,1214,D,0
-17.6601,30.8886,328.0,2023-08-23,1214,D,0
-17.3304,32.7628,325.6,2023-08-23,1214,D,0
-17.3076,32.7882,325.0,2023-08-23,1214,D,0
-17.5146,31.5465,327.4,2023-08-23,1214,D,0
-17.5986,30.9631,347.3,2023-08-23,1214,D,0
-17.5843,30.8569,326.3,2023-08-23,1214,D,0
-17.5863,30.8443,378.2,2023-08-23,1214,D,0
-17.5884,30.8318,334.3,2023-08-23,1214,D,0
-17.57,30.8801,326.6,2023-08-23,1214,D,0
-17.6257,30.5388,330.1,2023-08-23,1214,D,0
-17.6276,30.527,334.3,2023-08-23,1214,D,0
-18.2839,26.1521,325.9,2023-08-23,1214,D,0
-18.2852,26.1424,328.9,2023-08-23,1214,D,0
-17.5577,30.8906,325.6,2023-08-23,1214,D,0
-17.5597,30.8783,341.2,2023-08-23,1214,D,0
-17.6156,30.5371,340.4,2023-08-23,1214,D,0
-17.6176,30.5252,337.3,2023-08-23,1214,D,0
-17.9321,28.2119,331.2,2023-08-23,1214,D,0
-17.7781,29.1702,325.1,2023-08-23,1214,D,0
-17.5031,30.8484,353.0,2023-08-23,1214,D,0
-17.7323,29.4049,347.1,2023-08-23,1214,D,0
-17.7339,29.3945,326.9,2023-08-23,1214,D,0
-17.3192,31.8254,333.7,2023-08-23,1214,D,0
-17.5089,30.6844,321.8,2023-08-23,1214,D,0
-17.3618,31.442,321.0,2023-08-23,1214,D,0
-17.3718,31.3178,322.3,2023-08-23,1214,D,0
-17.3855,31.2369,322.0,2023-08-23,1214,D,0
-17.5368,30.3241,327.6,2023-08-23,1214,D,0
-17.5387,30.3126,350.8,2023-08-23,1214,D,0
-17.3815,31.2306,321.6,2023-08-23,1214,D,0
-17.9014,27.8621,326.2,2023-08-23,1214,D,0
-17.9028,27.8527,330.3,2023-08-23,1214,D,0
-17.9042,27.8433,327.9,2023-08-23,1214,D,0
-17.2772,31.6648,336.0,2023-08-23,1214,D,0
-17.2795,31.6509,331.5,2023-08-23,1214,D,0
-17.365,31.1336,330.8,2023-08-23,1214,D,0
-17.3672,31.1205,332.2,2023-08-23,1214,D,0
-17.4944,30.3346,351.5,2023-08-23,1214,D,0
-17.4963,30.323,334.3,2023-08-23,1214,D,0
-17.5379,30.0611,336.6,2023-08-23,1214,D,0
-17.5397,30.0499,353.6,2023-08-23,1214,D,0
-17.3946,30.888,323.1,2023-08-23,1214,D,0
-17.4845,30.3329,345.2,2023-08-23,1214,D,0
-17.4864,30.3213,340.5,2023-08-23,1214,D,0
-17.4882,30.3097,377.1,2023-08-23,1214,D,0
-17.4901,30.2982,356.2,2023-08-23,1214,D,0
-17.53,30.0481,349.6,2023-08-23,1214,D,0
-17.537,30.0038,326.6,2023-08-23,1214,D,0
-17.4765,30.3196,328.3,2023-08-23,1214,D,0
-17.4783,30.308,406.8,2023-08-23,1214,D,0
-17.4802,30.2965,406.3,2023-08-23,1214,D,0
-17.2636,31.5464,323.0,2023-08-23,1214,D,0
-17.2482,31.5721,324.9,2023-08-23,1214,D,0
-17.2762,31.4065,324.9,2023-08-23,1214,D,0
-17.2732,31.1916,324.4,2023-08-23,1214,D,0
-17.3905,30.4666,335.1,2023-08-23,1214,D,0
-17.3805,30.4648,329.4,2023-08-23,1214,D,0
-17.1844,31.5961,324.1,2023-08-23,1214,D,0
-17.2631,31.122,341.5,2023-08-23,1214,D,0
-17.2653,31.1088,321.8,2023-08-23,1214,D,0
-17.2418,31.1859,328.6,2023-08-23,1214,D,0
-17.1422,31.6475,322.3,2023-08-23,1214,D,0
-17.1446,31.6333,322.1,2023-08-23,1214,D,0
-17.4396,29.8444,322.7,2023-08-23,1214,D,0
-17.1313,31.6456,321.3,2023-08-23,1214,D,0
-17.1335,31.5526,322.1,2023-08-23,1214,D,0
-17.3329,30.318,326.1,2023-08-23,1214,D,0
-17.1227,31.5507,323.4,2023-08-23,1214,D,0
-17.6846,27.9589,360.7,2023-08-23,1214,D,0
-17.686,27.9495,330.3,2023-08-23,1214,D,0
-17.2419,30.7567,333.9,2023-08-23,1214,D,0
-17.6756,27.9574,359.3,2023-08-23,1214,D,0
-17.677,27.948,344.1,2023-08-23,1214,D,0
-17.1902,31.009,325.4,2023-08-23,1214,D,0
-17.2337,30.7425,326.1,2023-08-23,1214,D,0
-17.6667,27.9559,326.1,2023-08-23,1214,D,0
-17.1989,30.891,341.8,2023-08-23,1214,D,0
-17.2009,30.8788,336.3,2023-08-23,1214,D,0
-17.0233,31.6566,327.1,2023-08-23,1214,D,0
-17.0256,31.6423,329.5,2023-08-23,1214,D,0
-17.2199,30.3152,328.1,2023-08-23,1214,D,0
-17.2081,30.3252,325.9,2023-08-23,1214,D,0
-17.21,30.3135,342.9,2023-08-23,1214,D,0
-17.1199,30.8048,325.7,2023-08-23,1214,D,0
-17.3449,29.3989,328.7,2023-08-23,1214,D,0
-16.7465,32.7922,327.0,2023-08-23,1214,D,0
-16.7544,32.788,322.8,2023-08-23,1214,D,0
-17.0294,31.0605,325.0,2023-08-23,1214,D,0
-17.0668,30.8285,323.8,2023-08-23,1214,D,0
-17.0688,30.8159,331.5,2023-08-23,1214,D,0
-17.1897,30.0565,322.4,2023-08-23,1214,D,0
-17.1915,30.0452,323.7,2023-08-23,1214,D,0
-17.0524,30.8521,335.5,2023-08-23,1214,D,0
-17.0545,30.8394,323.5,2023-08-23,1214,D,0
-17.0565,30.8267,330.8,2023-08-23,1214,D,0
-17.0586,30.8141,367.5,2023-08-23,1214,D,0
-17.0606,30.8015,322.2,2023-08-23,1214,D,0
-17.0191,30.9916,320.9,2023-08-23,1214,D,0
-17.0935,30.469,342.4,2023-08-23,1214,D,0
-17.0954,30.4571,374.5,2023-08-23,1214,D,0
-17.0973,30.4452,343.0,2023-08-23,1214,D,0
-17.2661,29.3794,325.2,2023-08-23,1214,D,0
-16.8871,31.6555,320.2,2023-08-23,1214,D,0
-17.0257,30.8212,327.1,2023-08-23,1214,D,0
-17.0278,30.8087,328.4,2023-08-23,1214,D,0
-17.0834,30.4673,331.2,2023-08-23,1214,D,0
-17.0853,30.4554,374.7,2023-08-23,1214,D,0
-17.0873,30.4435,350.9,2023-08-23,1214,D,0
-17.1215,30.2313,321.5,2023-08-23,1214,D,0
-16.8172,31.9321,326.5,2023-08-23,1214,D,0
-17.0174,30.6799,321.9,2023-08-23,1214,D,0
-17.0649,30.391,327.1,2023-08-23,1214,D,0
-17.0669,30.3792,344.3,2023-08-23,1214,D,0
-17.2209,29.2583,326.6,2023-08-23,1214,D,0
-17.0392,30.3555,337.0,2023-08-23,1214,D,0
-16.9508,30.8397,348.4,2023-08-23,1214,D,0
-16.9529,30.827,328.5,2023-08-23,1214,D,0
-16.7617,31.9139,326.6,2023-08-23,1214,D,0
-16.7642,31.8989,328.8,2023-08-23,1214,D,0
-16.7607,31.852,328.2,2023-08-23,1214,D,0
-16.7632,31.8371,324.1,2023-08-23,1214,D,0
-16.7521,31.835,324.7,2023-08-23,1214,D,0
-16.9504,30.6486,321.0,2023-08-23,1214,D,0
-16.9524,30.6365,328.2,2023-08-23,1214,D,0
-17.2058,29.046,334.7,2023-08-23,1214,D,0
-17.2136,28.9954,326.5,2023-08-23,1214,D,0
-17.2152,28.9236,327.3,2023-08-23,1214,D,0
-17.3094,28.3068,334.3,2023-08-23,1214,D,0
-16.7189,31.8286,328.0,2023-08-23,1214,D,0
-16.7215,31.8138,320.9,2023-08-23,1214,D,0
-16.7199,31.8232,330.8,2023-08-23,1214,D,0
-17.311,27.9313,328.2,2023-08-23,1214,D,0
-16.724,31.395,327.8,2023-08-23,1214,D,0
-16.7264,31.3811,330.4,2023-08-23,1214,D,0
-16.937,30.1048,321.8,2023-08-23,1214,D,0
-16.7156,31.3793,349.6,2023-08-23,1214,D,0
-16.718,31.3654,353.4,2023-08-23,1214,D,0
-16.9253,30.1145,332.2,2023-08-23,1214,D,0
-16.9272,30.1031,334.8,2023-08-23,1214,D,0
-16.7099,31.3857,335.9,2023-08-23,1214,D,0
-16.7122,31.3717,352.2,2023-08-23,1214,D,0
-16.7144,31.3579,334.3,2023-08-23,1214,D,0
-17.0713,29.0939,329.6,2023-08-23,1214,D,0
-17.1171,28.7924,326.8,2023-08-23,1214,D,0
-17.0619,29.0924,349.3,2023-08-23,1214,D,0
-17.0526,29.0908,332.4,2023-08-23,1214,D,0
-16.7203,31.1209,328.1,2023-08-23,1214,D,0
-16.7225,31.1075,337.8,2023-08-23,1214,D,0
-16.5555,31.9728,327.5,2023-08-23,1214,D,0
-16.6859,31.1975,323.2,2023-08-23,1214,D,0
-16.6882,31.1839,328.4,2023-08-23,1214,D,0
-16.5443,31.9709,334.9,2023-08-23,1214,D,0
-16.8892,29.8233,327.0,2023-08-23,1214,D,0
-17.0373,28.8812,328.1,2023-08-23,1214,D,0
-16.5165,31.9973,324.1,2023-08-23,1214,D,0
-16.5191,31.9821,325.3,2023-08-23,1214,D,0
-16.8928,29.6771,348.8,2023-08-23,1214,D,0
-16.8945,29.6662,362.4,2023-08-23,1214,D,0
-16.9117,29.5586,328.3,2023-08-23,1214,D,0
-16.9134,29.548,369.7,2023-08-23,1214,D,0
-16.8909,29.6712,362.0,2023-08-23,1214,D,0
-16.8926,29.6603,326.1,2023-08-23,1214,D,0
-16.9093,29.5527,354.2,2023-08-23,1214,D,0
-16.9109,29.542,342.1,2023-08-23,1214,D,0
-16.9782,28.9788,330.6,2023-08-23,1214,D,0
-16.5667,31.4976,323.0,2023-08-23,1214,D,0
-16.569,31.4839,322.4,2023-08-23,1214,D,0
-16.8005,30.0569,323.5,2023-08-23,1214,D,0
-16.7962,30.0209,322.9,2023-08-23,1214,D,0
-17.0872,28.1348,325.6,2023-08-23,1214,D,0
-16.6979,30.246,325.0,2023-08-23,1214,D,0
-16.6997,30.2341,326.1,2023-08-23,1214,D,0
-16.7406,29.9114,323.2,2023-08-23,1214,D,0
-20.1443,29.2685,304.7,2023-08-23,2031,N,0
-20.1463,29.2562,342.4,2023-08-23,2031,N,0
-20.1342,29.2665,347.6,2023-08-23,2031,N,0
-17.9057,31.8416,300.7,2023-08-23,2031,N,0
-17.9053,31.8469,301.4,2023-08-23,2031,N,0
-17.8386,32.7548,300.2,2023-08-23,2031,N,0
-18.516,31.1464,303.7,2023-08-23,2031,N,0
-18.7645,30.2996,306.1,2023-08-23,2031,N,0
-18.8317,30.3813,307.5,2023-08-23,2031,N,0
-18.8291,30.3966,303.4,2023-08-23,2031,N,0
-18.8488,31.1752,306.1,2023-08-23,2031,N,0
-18.8459,31.1925,300.6,2023-08-23,2031,N,0
-19.5542,31.0149,304.1,2023-08-23,2031,N,0
-18.8427,31.1807,310.5,2023-08-23,2031,N,0
-19.4869,31.263,306.9,2023-08-23,2031,N,0
-20.1745,31.0996,305.7,2023-08-23,2031,N,0
-20.1362,29.2543,324.6,2023-08-23,2031,N,0
-19.8071,32.7831,300.2,2023-08-23,2031,N,0
-19.8199,32.7874,306.3,2023-08-23,2031,N,0
-16.9904,29.1735,328.9,2023-08-23,2032,N,0
-16.3472,29.2248,308.6,2023-08-23,2032,N,0
-16.3793,29.2309,308.2,2023-08-23,2032,N,0
-16.3921,29.2194,313.4,2023-08-23,2032,N,0
-16.4595,29.1689,318.1,2023-08-23,2032,N,0
-16.4574,29.1822,308.0,2023-08-23,2032,N,0
-16.9926,29.1601,309.6,2023-08-23,2032,N,0
-16.9746,29.6112,305.7,2023-08-23,2032,N,0
-17.2806,29.4974,303.3,2023-08-23,2032,N,0
-17.2747,29.4884,302.3,2023-08-23,2032,N,0
-17.2855,29.4904,312.7,2023-08-23,2032,N,0
-18.3673,26.4821,303.5,2023-08-23,2032,N,0
-17.8234,30.2016,308.0,2023-08-23,2032,N,0
-18.0105,30.3929,318.0,2023-08-23,2032,N,0
-18.0244,30.3793,303.5,2023-08-23,2032,N,0
-18.0218,30.395,318.5,2023-08-23,2032,N,0
-16.3874,29.217,305.8,2023-08-23,2306,N,0
-16.3946,29.2536,304.3,2023-08-23,2306,N,0
-16.3784,29.2577,305.1,2023-08-23,2306,N,0
-19.8104,32.799,302.1,2023-08-23,2307,N,0
-16.5374,29.453,311.2,2023-08-24,723,D,0
-16.5421,29.4787,313.0,2023-08-24,723,D,0
-16.9404,31.3506,312.1,2023-08-24,723,D,0
-16.9435,31.3685,312.3,2023-08-24,723,D,0
-17.0603,30.1572,316.1,2023-08-24,723,D,0
-17.1966,30.8533,312.4,2023-08-24,723,D,0
-17.3015,31.0864,311.2,2023-08-24,723,D,0
-17.3428,30.7187,315.1,2023-08-24,723,D,0
-17.3431,30.7127,316.2,2023-08-24,723,D,0
-17.4364,30.874,310.6,2023-08-24,723,D,0
-16.3927,29.3256,313.7,2023-08-24,723,D,0
-16.1856,30.7336,314.3,2023-08-24,723,D,0
-16.4586,29.6061,311.4,2023-08-24,723,D,0
-16.7789,31.1017,317.1,2023-08-24,723,D,0
-16.2189,30.3241,312.6,2023-08-24,723,D,0
-18.8396,29.8732,312.5,2023-08-24,724,D,0
-17.4962,30.6148,311.6,2023-08-24,724,D,0
-17.8922,32.7884,317.1,2023-08-24,724,D,0
-17.8944,32.8011,319.9,2023-08-24,724,D,0
-17.9224,32.8378,311.5,2023-08-24,724,D,0
-17.6944,30.9827,315.5,2023-08-24,724,D,0
-17.6703,30.6292,314.9,2023-08-24,724,D,0
-17.6654,30.5273,320.5,2023-08-24,724,D,0
-17.6707,30.6232,313.9,2023-08-24,724,D,0
-17.6651,30.5214,324.5,2023-08-24,724,D,0
-17.8685,30.9937,313.5,2023-08-24,724,D,2
-18.0455,31.7274,316.4,2023-08-24,724,D,0
-18.0228,31.2011,315.9,2023-08-24,724,D,0
-17.9425,30.4531,316.2,2023-08-24,724,D,0
-17.9416,30.4463,314.1,2023-08-24,724,D,0
-18.4171,32.6133,311.6,2023-08-24,724,D,0
-18.4985,32.6401,312.5,2023-08-24,724,D,0
-18.3795,31.5199,315.1,2023-08-24,724,D,0
-18.2387,30.41,340.9,2023-08-24,724,D,0
-18.2423,30.4301,324.7,2023-08-24,724,D,0
-18.2514,30.4077,327.8,2023-08-24,724,D,0
-18.255,30.4277,318.0,2023-08-24,724,D,0
-18.7272,32.0668,324.3,2023-08-24,724,D,0
-18.7298,32.0818,316.0,2023-08-24,724,D,0
-18.8052,32.5263,315.5,2023-08-24,724,D,0
-18.8068,32.3373,315.6,2023-08-24,724,D,0
-18.5297,30.6449,312.5,2023-08-24,724,D,0
-18.5313,30.6375,311.8,2023-08-24,724,D,0
-18.9922,31.3912,330.4,2023-08-24,724,D,0
-19.0038,31.3888,327.7,2023-08-24,724,D,0
-18.9194,30.8329,317.1,2023-08-24,724,D,0
-18.9108,30.8277,322.4,2023-08-24,724,D,0
-18.8424,29.8786,312.5,2023-08-24,724,D,0
-19.1957,31.1768,314.6,2023-08-24,724,D,0
-19.1614,30.9156,313.4,2023-08-24,724,D,0
-19.36,31.3117,313.6,2023-08-24,724,D,0
-19.479,31.2762,313.7,2023-08-24,724,D,0
-19.4383,30.8429,312.4,2023-08-24,724,D,0
-19.2698,29.7623,311.3,2023-08-24,724,D,0
-19.8058,32.7906,352.6,2023-08-24,724,D,0
-19.2666,29.7559,312.2,2023-08-24,724,D,0
-19.8241,32.7926,317.2,2023-08-24,724,D,0
-19.5486,31.0129,316.0,2023-08-24,724,D,0
-19.5516,31.0303,317.3,2023-08-24,724,D,0
-19.4505,30.1071,313.6,2023-08-24,724,D,0
-19.4757,30.0958,312.2,2023-08-24,724,D,0
-19.4794,30.116,321.3,2023-08-24,724,D,0
-20.1602,32.7633,322.5,2023-08-24,724,D,0
-20.1623,32.776,318.1,2023-08-24,724,D,0
-20.1256,29.3154,313.6,2023-08-24,724,D,0
-20.134,29.3065,317.6,2023-08-24,724,D,0
-20.1516,29.2546,319.1,2023-08-24,724,D,0
-20.5176,28.3666,331.0,2023-08-24,724,D,0
-20.5207,28.3586,326.6,2023-08-24,724,D,0
-20.5258,28.3845,314.9,2023-08-24,724,D,0
-17.5217,30.3556,318.3,2023-08-24,1117,D,0
-17.5234,30.352,316.8,2023-08-24,1117,D,0
-17.3067,30.7595,321.3,2023-08-24,1117,D,0
-18.5891,31.6038,330.8,2023-08-24,1117,D,0
-18.4291,32.1574,314.7,2023-08-24,1117,D,0
-18.499,30.8692,317.2,2023-08-24,1117,D,0
-18.4384,31.3559,320.2,2023-08-24,1117,D,0
-18.4525,31.1977,324.1,2023-08-24,1117,D,0
-18.4623,31.2311,317.4,2023-08-24,1117,D,0
-18.4977,30.861,319.2,2023-08-24,1117,D,0
-18.4339,31.3477,320.0,2023-08-24,1117,D,0
-18.449,31.1897,322.0,2023-08-24,1117,D,0
-18.2419,32.4951,316.5,2023-08-24,1117,D,0
-18.4648,30.4556,318.0,2023-08-24,1117,D,0
-18.2311,32.4894,320.3,2023-08-24,1117,D,0
-17.9409,31.2717,315.9,2023-08-24,1117,D,0
-17.9365,31.2632,317.2,2023-08-24,1117,D,0
-17.6382,30.4673,317.0,2023-08-24,1117,D,0
-17.506,31.5365,322.0,2023-08-24,1117,D,0
-17.6384,30.4592,318.9,2023-08-24,1117,D,0
-17.5159,31.5302,317.1,2023-08-24,1117,D,0
-17.5191,30.397,318.3,2023-08-24,1117,D,0
-19.8101,32.792,315.7,2023-08-24,1117,D,0
-19.656,30.7449,318.4,2023-08-24,1117,D,0
-19.6574,30.7419,318.3,2023-08-24,1117,D,0
-19.4842,31.2772,317.0,2023-08-24,1117,D,0
-19.4878,31.2368,316.3,2023-08-24,1117,D,0
-19.4822,31.2729,317.7,2023-08-24,1117,D,0
-19.1599,30.8879,323.1,2023-08-24,1117,D,0
-19.1559,30.9268,317.7,2023-08-24,1117,D,0
-19.16,30.8838,321.6,2023-08-24,1117,D,0
-18.8757,32.3023,322.9,2023-08-24,1117,D,0
-18.986,31.3955,315.7,2023-08-24,1117,D,0
-18.8659,32.2943,320.1,2023-08-24,1117,D,0
-18.8343,32.4547,317.5,2023-08-24,1117,D,0
-18.8374,32.4224,319.3,2023-08-24,1117,D,0
-18.8911,31.1072,319.9,2023-08-24,1117,D,0
-18.8896,31.1027,318.2,2023-08-24,1117,D,0
-18.8196,31.4908,319.7,2023-08-24,1117,D,0
-18.6926,32.6668,313.6,2023-08-24,1117,D,0
-18.7396,32.1742,322.3,2023-08-24,1117,D,0
-18.7428,32.1399,322.6,2023-08-24,1117,D,0
-18.776,31.5988,318.4,2023-08-24,1117,D,0
-18.7791,31.5635,316.9,2023-08-24,1117,D,0
-18.8147,31.4829,319.9,2023-08-24,1117,D,0
-18.7305,32.1659,323.7,2023-08-24,1117,D,0
-18.7339,32.1318,317.1,2023-08-24,1117,D,0
-18.7703,31.5913,323.5,2023-08-24,1117,D,0
-18.7252,30.9498,351.8,2023-08-24,1117,D,0
-18.7419,30.9476,318.2,2023-08-24,1117,D,0
-18.7244,30.9458,348.5,2023-08-24,1117,D,0
-18.5784,31.6096,325.0,2023-08-24,1117,D,0
-16.9399,30.8185,324.7,2023-08-24,1118,D,0
-17.2411,31.067,316.9,2023-08-24,1118,D,0
-17.0833,30.6252,316.8,2023-08-24,1118,D,0
-16.9587,31.3623,318.6,2023-08-24,1118,D,0
-16.9624,31.3252,333.6,2023-08-24,1118,D,0
-16.9419,30.8225,324.5,2023-08-24,1118,D,0
-16.9573,31.3203,326.1,2023-08-24,1118,D,0
-16.8277,31.934,320.0,2023-08-24,1118,D,0
-17.3056,30.7556,320.6,2023-08-24,1118,D,0
-16.0706,30.6906,319.4,2023-08-24,1118,D,0
-16.0665,30.731,317.7,2023-08-24,1118,D,0
-16.0727,30.6947,319.5,2023-08-24,1118,D,0
-16.6377,31.8704,317.7,2023-08-24,1118,D,0
-16.8571,30.1924,324.5,2023-08-24,1118,D,0
-16.8527,30.2376,319.9,2023-08-24,1118,D,0
-16.7389,31.678,318.5,2023-08-24,1118,D,0
-16.8551,30.1965,325.5,2023-08-24,1118,D,0
-16.851,30.2413,318.2,2023-08-24,1118,D,0
-19.8474,28.4455,320.1,2023-08-24,1255,D,0
-19.7515,32.8939,304.3,2023-08-24,1934,N,0
-19.154,29.6674,311.4,2023-08-24,1934,N,0
-19.1371,29.6657,316.8,2023-08-24,1934,N,0
-18.8379,32.4185,310.6,2023-08-24,1934,N,0
-18.8847,32.2976,304.0,2023-08-24,1934,N,0
-19.1497,29.6604,326.9,2023-08-24,1934,N,0
-19.1329,29.6588,300.3,2023-08-24,1934,N,0
-18.8422,32.4361,306.1,2023-08-24,1934,N,0
-18.8446,32.4127,302.9,2023-08-24,1934,N,0
-18.3115,31.6111,300.3,2023-08-24,1934,N,0
-18.3092,31.6057,300.9,2023-08-24,1934,N,0
-19.7985,32.7861,300.5,2023-08-24,1934,N,0
-16.5018,29.1805,306.2,2023-08-24,1935,N,0
-16.821,30.211,304.4,2023-08-24,1935,N,0
-16.8367,30.2131,302.6,2023-08-24,1935,N,0
-17.1847,29.569,301.5,2023-08-24,1935,N,0
-17.2655,30.9106,303.0,2023-08-24,1935,N,0
-17.2641,30.9158,301.9,2023-08-24,1935,N,0
-16.3189,29.8781,302.5,2023-08-24,1935,N,0
-16.4938,29.2123,305.4,2023-08-24,1935,N,0
-16.8266,30.2065,313.5,2023-08-24,1935,N,0
-18.4359,26.057,302.1,2023-08-24,2112,N,0
-18.4355,26.052,304.7,2023-08-24,2112,N,0
-16.4487,29.3334,327.7,2023-08-24,2347,N,0
-16.4501,29.3427,313.3,2023-08-24,2347,N,0
-16.4536,29.3041,312.5,2023-08-24,2347,N,0
-16.455,29.3134,340.7,2023-08-24,2347,N,0
-16.4563,29.3227,323.3,2023-08-24,2347,N,0
-16.4577,29.332,335.1,2023-08-24,2347,N,0
-16.459,29.3414,309.1,2023-08-24,2347,N,0
-16.6051,30.3565,302.8,2023-08-24,2347,N,0
-16.4503,29.219,309.7,2023-08-24,2347,N,0
-16.4639,29.312,365.7,2023-08-24,2347,N,0
-16.4653,29.3213,362.7,2023-08-24,2347,N,0
-16.4667,29.3306,309.8,2023-08-24,2347,N,0
-16.4718,29.3042,328.7,2023-08-24,2347,N,0
-16.4731,29.3136,314.5,2023-08-24,2347,N,0
-16.4685,29.219,304.5,2023-08-24,2347,N,0
-16.4734,29.1898,324.7,2023-08-24,2347,N,0
-16.4761,29.2084,312.5,2023-08-24,2347,N,0
-16.4775,29.2177,311.5,2023-08-24,2347,N,0
-16.6469,30.0732,307.5,2023-08-24,2347,N,0
-16.6577,29.7608,300.5,2023-08-24,2347,N,0
-16.8148,30.2254,300.3,2023-08-24,2347,N,0
-16.8241,30.224,308.3,2023-08-24,2347,N,0
-16.7346,29.4044,310.7,2023-08-24,2347,N,0
-16.4626,29.3027,340.1,2023-08-24,2347,N,0
-16.0747,30.7085,305.1,2023-08-24,2347,N,0
-16.2988,29.8893,302.7,2023-08-24,2347,N,0
-16.6395,31.2642,319.8,2023-08-24,2347,N,0
-16.641,31.2751,304.6,2023-08-24,2347,N,0
-16.6121,30.7462,302.9,2023-08-24,2347,N,0
-16.6135,30.7564,300.6,2023-08-24,2347,N,0
-16.6215,30.7448,302.3,2023-08-24,2347,N,0
-16.4397,29.3347,333.0,2023-08-24,2347,N,0
-16.4411,29.3441,328.0,2023-08-24,2347,N,0
-16.4473,29.324,316.6,2023-08-24,2347,N,0
-16.9074,29.6454,300.7,2023-08-24,2348,N,0
-16.915,29.6346,311.7,2023-08-24,2348,N,0
-16.9164,29.6441,306.2,2023-08-24,2348,N,0
-16.9149,29.4412,300.7,2023-08-24,2348,N,0
-16.9575,29.6087,309.5,2023-08-24,2348,N,0
-16.9589,29.6182,300.5,2023-08-24,2348,N,0
-17.1246,29.6196,303.3,2023-08-24,2348,N,0
-17.126,29.6291,320.7,2023-08-24,2348,N,0
-17.2797,29.4188,309.2,2023-08-24,2348,N,0
-17.2811,29.4283,307.1,2023-08-24,2348,N,0
-17.2879,29.4757,318.3,2023-08-24,2348,N,0
-17.4575,30.016,306.0,2023-08-24,2348,N,0
-17.62,30.4559,309.2,2023-08-24,2348,N,0
-17.5813,30.1121,312.4,2023-08-24,2348,N,0
-17.5827,30.122,317.4,2023-08-24,2348,N,0
-17.8298,31.8496,303.1,2023-08-24,2348,N,0
-17.6212,29.9392,301.8,2023-08-24,2348,N,0
-17.6226,29.949,317.3,2023-08-24,2348,N,0
-17.6304,29.9378,312.7,2023-08-24,2348,N,0
-17.6317,29.9476,307.3,2023-08-24,2348,N,0
-17.7405,30.3427,302.3,2023-08-24,2348,N,0
-17.8756,30.1726,303.2,2023-08-24,2348,N,0
-18.2286,31.4,310.6,2023-08-24,2348,N,0
-18.2296,31.4049,310.7,2023-08-24,2348,N,0
-18.2777,31.5416,310.5,2023-08-24,2348,N,0
-18.2792,31.5534,322.2,2023-08-24,2348,N,0
-18.8868,32.3026,304.3,2023-08-24,2348,N,0
-19.0144,32.4693,301.0,2023-08-24,2348,N,0
-18.3645,26.4757,302.6,2023-08-24,2348,N,0
-18.3661,26.4859,301.8,2023-08-24,2348,N,0
-18.4258,26.0453,300.4,2023-08-24,2348,N,0
-18.4353,26.0435,300.2,2023-08-24,2348,N,0
-19.7501,32.9018,300.4,2023-08-24,2348,N,0
-19.7954,32.7983,302.7,2023-08-24,2348,N,0
-17.4262,29.9701,322.3,2023-08-25,804,D,0
-16.0746,30.7136,320.2,2023-08-25,804,D,0
-16.454,30.8124,314.9,2023-08-25,804,D,0
-16.4603,30.8621,315.3,2023-08-25,804,D,0
-16.337,29.5453,319.0,2023-08-25,804,D,0
-16.5367,31.0467,324.8,2023-08-25,804,D,0
-16.3422,29.5489,320.1,2023-08-25,804,D,0
-16.5335,31.054,322.1,2023-08-25,804,D,0
-16.364,29.2805,324.6,2023-08-25,804,D,0
-16.6443,31.2539,319.8,2023-08-25,804,D,0
-16.646,31.2673,321.6,2023-08-25,804,D,0
-16.5155,30.0993,319.8,2023-08-25,804,D,0
-16.517,30.1108,381.7,2023-08-25,804,D,0
-16.5185,30.1223,327.9,2023-08-25,804,D,0
-16.4143,29.1844,317.5,2023-08-25,804,D,0
-16.4336,29.3273,322.8,2023-08-25,804,D,0
-16.4416,29.3156,331.7,2023-08-25,804,D,0
-16.443,29.326,326.8,2023-08-25,804,D,0
-16.4496,29.3042,327.2,2023-08-25,804,D,0
-16.451,29.3144,330.1,2023-08-25,804,D,0
-16.4552,29.3456,348.6,2023-08-25,804,D,0
-16.4566,29.3561,342.5,2023-08-25,804,D,0
-16.6984,31.2137,323.0,2023-08-25,804,D,0
-16.4479,29.2212,321.0,2023-08-25,804,D,0
-16.4576,29.293,351.4,2023-08-25,804,D,0
-16.459,29.303,340.7,2023-08-25,804,D,0
-16.4632,29.3338,324.6,2023-08-25,804,D,0
-16.4646,29.3442,325.0,2023-08-25,804,D,0
-16.4712,29.3223,332.5,2023-08-25,804,D,0
-16.4726,29.3326,326.5,2023-08-25,804,D,0
-16.7111,31.1437,353.8,2023-08-25,804,D,0
-16.4778,29.3004,335.3,2023-08-25,804,D,0
-16.4792,29.3107,348.8,2023-08-25,804,D,0
-16.4806,29.3212,330.6,2023-08-25,804,D,0
-16.7216,31.1423,323.6,2023-08-25,804,D,0
-16.4858,29.2889,325.8,2023-08-25,804,D,0
-16.4872,29.2992,343.6,2023-08-25,804,D,0
-16.4811,29.2102,323.5,2023-08-25,804,D,0
-16.492,29.2922,329.0,2023-08-25,804,D,0
-16.4934,29.3026,316.5,2023-08-25,804,D,0
-16.5221,29.4465,322.9,2023-08-25,804,D,0
-16.6239,30.2296,331.8,2023-08-25,804,D,0
-16.6254,30.2413,318.8,2023-08-25,804,D,0
-16.5315,29.4452,331.9,2023-08-25,804,D,0
-16.4876,28.8402,327.9,2023-08-25,804,D,0
-16.489,28.8501,329.3,2023-08-25,804,D,0
-16.6206,29.7487,315.4,2023-08-25,804,D,0
-16.622,29.7596,332.7,2023-08-25,804,D,0
-16.8852,31.6018,312.7,2023-08-25,804,D,0
-16.6648,29.7588,323.9,2023-08-25,804,D,0
-16.6662,29.7697,318.8,2023-08-25,804,D,0
-16.6759,29.7684,325.9,2023-08-25,804,D,0
-16.9234,31.6414,312.7,2023-08-25,804,D,0
-16.6263,29.111,316.9,2023-08-25,804,D,0
-16.9138,31.2976,312.9,2023-08-25,804,D,0
-16.817,30.226,343.5,2023-08-25,804,D,0
-16.8185,30.2378,320.8,2023-08-25,804,D,0
-16.8329,30.2714,316.9,2023-08-25,804,D,0
-16.7719,29.7264,317.5,2023-08-25,804,D,0
-16.8414,30.2583,326.9,2023-08-25,804,D,0
-16.8429,30.27,342.6,2023-08-25,804,D,0
-16.8444,30.2819,320.6,2023-08-25,804,D,0
-16.8498,30.2453,342.6,2023-08-25,804,D,0
-16.8513,30.257,365.9,2023-08-25,804,D,0
-16.8597,30.2439,358.2,2023-08-25,804,D,0
-16.8613,30.2556,328.5,2023-08-25,804,D,0
-16.8891,29.9194,322.0,2023-08-25,804,D,0
-16.8113,29.26,347.4,2023-08-25,804,D,0
-16.8127,29.2704,331.6,2023-08-25,804,D,0
-16.8207,29.2586,337.9,2023-08-25,804,D,0
-16.8188,29.1745,317.7,2023-08-25,804,D,0
-16.8202,29.1849,315.3,2023-08-25,804,D,0
-16.8286,29.2468,323.6,2023-08-25,804,D,0
-16.8301,29.2572,336.9,2023-08-25,804,D,0
-16.8817,29.2435,330.3,2023-08-25,804,D,0
-16.8831,29.2539,317.2,2023-08-25,804,D,0
-17.2261,31.5098,323.9,2023-08-25,804,D,0
-17.2281,31.5037,319.4,2023-08-25,804,D,0
-16.9871,29.4906,325.0,2023-08-25,804,D,0
-16.9966,29.4893,316.8,2023-08-25,804,D,0
-17.0713,29.611,333.4,2023-08-25,804,D,0
-17.0516,29.3564,317.4,2023-08-25,804,D,0
-17.061,29.355,322.2,2023-08-25,804,D,0
-17.1714,30.1294,318.2,2023-08-25,804,D,0
-16.9351,28.1539,317.1,2023-08-25,804,D,0
-17.2992,30.8083,316.0,2023-08-25,804,D,0
-17.1477,29.3159,327.9,2023-08-25,804,D,0
-17.2767,30.156,332.1,2023-08-25,804,D,0
-17.2782,30.1678,324.6,2023-08-25,804,D,0
-17.3769,30.9524,316.2,2023-08-25,804,D,0
-17.2866,30.1548,338.5,2023-08-25,804,D,0
-17.3212,30.3444,316.4,2023-08-25,804,D,0
-17.3189,30.2474,317.3,2023-08-25,804,D,0
-17.3205,30.2593,315.8,2023-08-25,804,D,0
-17.2824,29.4208,320.0,2023-08-25,804,D,0
-17.2839,29.4316,318.1,2023-08-25,804,D,0
-17.5636,31.2809,314.8,2023-08-25,804,D,0
-17.5653,31.295,314.7,2023-08-25,804,D,0
-17.5904,31.4957,388.9,2023-08-25,804,D,0
-17.5923,31.5104,331.7,2023-08-25,804,D,0
-17.6014,31.4943,321.9,2023-08-25,804,D,0
-17.5682,31.2891,322.2,2023-08-25,804,D,0
-17.5919,31.4897,364.0,2023-08-25,804,D,0
-17.5937,31.5043,361.1,2023-08-25,804,D,0
-17.4178,29.983,317.1,2023-08-25,804,D,0
-17.4276,29.9816,314.4,2023-08-25,804,D,0
-17.3567,29.3612,329.6,2023-08-25,804,D,0
-17.3581,29.3719,319.7,2023-08-25,804,D,0
-17.4464,30.0498,331.9,2023-08-25,804,D,0
-17.5638,30.9833,317.3,2023-08-25,804,D,0
-17.3662,29.3599,342.5,2023-08-25,804,D,0
-17.3676,29.3705,323.5,2023-08-25,804,D,0
-17.4563,30.0484,340.6,2023-08-25,804,D,0
-17.5727,30.9684,315.2,2023-08-25,804,D,0
-17.5744,30.9819,335.2,2023-08-25,804,D,0
-17.2683,28.4307,322.7,2023-08-25,804,D,0
-17.2697,28.4404,322.8,2023-08-25,804,D,0
-17.6491,31.3214,315.1,2023-08-25,804,D,0
-17.2774,28.4293,323.1,2023-08-25,804,D,0
-17.5608,30.4603,319.2,2023-08-25,804,D,0
-17.56,30.4666,313.8,2023-08-25,804,D,0
-17.5323,30.1629,337.9,2023-08-25,804,D,0
-17.6626,30.6186,319.3,2023-08-25,804,D,0
-17.6345,29.9297,355.7,2023-08-25,804,D,0
-17.636,29.9412,344.9,2023-08-25,804,D,0
-17.8193,30.7424,320.0,2023-08-25,804,D,0
-17.8281,30.728,350.1,2023-08-25,804,D,0
-17.8297,30.7411,328.5,2023-08-25,804,D,0
-17.8385,30.7267,365.0,2023-08-25,804,D,0
-17.8401,30.7397,317.5,2023-08-25,804,D,0
-17.6485,29.193,320.4,2023-08-25,804,D,0
-17.6499,29.2036,316.0,2023-08-25,804,D,0
-17.8705,30.4195,318.3,2023-08-25,804,D,0
-17.8014,29.8011,317.5,2023-08-25,804,D,0
-17.8706,30.2577,320.3,2023-08-25,804,D,0
-17.8721,30.2698,324.3,2023-08-25,804,D,0
-17.8893,30.0063,318.6,2023-08-25,804,D,0
-18.027,30.7688,314.6,2023-08-25,804,D,0
-18.0287,30.782,317.1,2023-08-25,804,D,0
-18.1841,30.8173,317.3,2023-08-25,804,D,0
-18.1361,30.1048,315.6,2023-08-25,804,D,0
-18.2128,30.4773,316.2,2023-08-25,804,D,0
-18.2573,30.8427,314.1,2023-08-25,804,D,0
-18.2563,30.4073,317.1,2023-08-25,804,D,0
-18.2579,30.4199,316.0,2023-08-25,804,D,0
-18.3347,30.8598,316.2,2023-08-25,804,D,0
-18.3364,30.8733,323.6,2023-08-25,804,D,0
-18.4215,31.5589,317.2,2023-08-25,804,D,0
-18.4234,31.5741,313.9,2023-08-25,804,D,0
-18.347,30.8719,345.0,2023-08-25,804,D,0
-18.4402,31.6185,329.0,2023-08-25,804,D,0
-18.4231,31.5676,319.9,2023-08-25,804,D,0
-18.3514,30.8649,338.4,2023-08-25,804,D,0
-18.353,30.8784,328.4,2023-08-25,804,D,0
-18.4396,31.6121,321.3,2023-08-25,804,D,0
-18.4414,31.6275,317.0,2023-08-25,804,D,0
-18.3759,30.8891,314.9,2023-08-25,804,D,0
-18.4289,31.2362,315.4,2023-08-25,804,D,0
-18.5051,31.5886,317.5,2023-08-25,804,D,0
-18.5448,31.9188,315.8,2023-08-25,804,D,0
-18.5555,31.928,313.1,2023-08-25,804,D,0
-18.8351,30.9943,316.2,2023-08-25,805,D,0
-19.0415,32.6937,314.6,2023-08-25,805,D,0
-18.371,26.4768,322.5,2023-08-25,805,D,0
-18.844,29.5823,346.4,2023-08-25,805,D,0
-18.8455,29.5939,351.7,2023-08-25,805,D,0
-19.0187,31.0012,321.6,2023-08-25,805,D,0
-18.8941,29.8974,316.6,2023-08-25,805,D,0
-18.4202,26.0617,321.8,2023-08-25,805,D,0
-18.4216,26.071,319.6,2023-08-25,805,D,0
-18.4262,26.035,328.8,2023-08-25,805,D,0
-18.4276,26.0444,319.1,2023-08-25,805,D,0
-18.4337,26.0242,317.0,2023-08-25,805,D,0
-18.9151,28.5052,315.8,2023-08-25,805,D,0
-19.1424,29.687,312.1,2023-08-25,805,D,0
-19.3052,30.089,317.1,2023-08-25,805,D,0
-19.3068,30.1015,315.3,2023-08-25,805,D,0
-19.4971,31.2816,313.1,2023-08-25,805,D,0
-19.4667,30.0805,321.7,2023-08-25,805,D,0
-19.4682,30.0933,328.6,2023-08-25,805,D,0
-20.3928,29.1912,315.6,2023-08-25,805,D,0
-20.3942,29.2026,320.8,2023-08-25,805,D,0
-20.246,32.7859,317.2,2023-08-25,1158,D,0
-20.4159,28.7332,322.0,2023-08-25,1158,D,0
-20.4256,28.7349,324.6,2023-08-25,1158,D,0
-20.4055,29.1938,327.4,2023-08-25,1158,D,0
-20.404,29.2046,321.6,2023-08-25,1158,D,0
-20.415,29.1951,338.9,2023-08-25,1158,D,0
-20.4135,29.206,324.5,2023-08-25,1158,D,0
-19.921,32.805,339.4,2023-08-25,1158,D,0
-19.9194,32.8151,318.7,2023-08-25,1158,D,0
-20.2031,31.2715,321.8,2023-08-25,1158,D,0
-20.5494,29.3479,322.5,2023-08-25,1158,D,0
-18.2649,30.1425,323.6,2023-08-25,1159,D,0
-18.4332,30.5848,323.0,2023-08-25,1159,D,0
-18.2864,31.538,324.7,2023-08-25,1159,D,0
-18.2878,31.5286,334.4,2023-08-25,1159,D,0
-18.2759,31.5392,334.1,2023-08-25,1159,D,0
-18.2772,31.5298,341.1,2023-08-25,1159,D,0
-18.3481,30.8524,340.8,2023-08-25,1159,D,0
-18.3379,30.8604,333.2,2023-08-25,1159,D,0
-18.3392,30.851,335.3,2023-08-25,1159,D,0
-18.3303,30.8496,334.5,2023-08-25,1159,D,0
-18.3316,30.8402,328.2,2023-08-25,1159,D,0
-18.1799,31.7547,326.4,2023-08-25,1159,D,0
-18.1225,32.0767,334.4,2023-08-25,1159,D,0
-18.1239,32.0671,334.4,2023-08-25,1159,D,0
-18.2685,30.834,330.8,2023-08-25,1159,D,0
-18.0539,32.1088,328.4,2023-08-25,1159,D,0
-18.3552,30.026,323.7,2023-08-25,1159,D,0
-18.1653,31.2951,340.9,2023-08-25,1159,D,0
-18.1666,31.2857,349.0,2023-08-25,1159,D,0
-18.2662,30.5941,325.7,2023-08-25,1159,D,0
-18.2131,30.9016,331.1,2023-08-25,1159,D,0
-18.1779,30.9467,322.2,2023-08-25,1159,D,0
-18.2726,30.1535,331.9,2023-08-25,1159,D,0
-18.2739,30.1439,325.0,2023-08-25,1159,D,0
-18.0723,31.484,322.0,2023-08-25,1159,D,0
-18.2021,30.5871,328.8,2023-08-25,1159,D,0
-18.2609,30.1712,320.5,2023-08-25,1159,D,0
-18.2622,30.1616,358.5,2023-08-25,1159,D,0
-18.2635,30.1521,345.8,2023-08-25,1159,D,0
-18.0634,31.4825,354.9,2023-08-25,1159,D,0
-18.0648,31.4732,335.5,2023-08-25,1159,D,0
-18.1824,30.6607,323.7,2023-08-25,1159,D,0
-18.1306,30.9583,328.9,2023-08-25,1159,D,0
-18.0386,31.5265,323.3,2023-08-25,1159,D,0
-18.04,31.5171,381.1,2023-08-25,1159,D,0
-18.0414,31.5078,332.6,2023-08-25,1159,D,0
-18.2766,29.8593,328.9,2023-08-25,1159,D,0
-18.0297,31.5251,324.9,2023-08-25,1159,D,0
-18.0311,31.5157,343.9,2023-08-25,1159,D,0
-18.1128,30.9554,343.9,2023-08-25,1159,D,0
-18.1141,30.9461,327.6,2023-08-25,1159,D,0
-18.1396,30.7687,323.8,2023-08-25,1159,D,0
-18.1409,30.7593,322.2,2023-08-25,1159,D,0
-18.0551,31.2897,337.9,2023-08-25,1159,D,0
-18.0565,31.2804,330.6,2023-08-25,1159,D,0
-18.1554,30.4008,323.9,2023-08-25,1159,D,0
-17.9595,31.691,337.4,2023-08-25,1159,D,0
-17.9011,32.0219,333.7,2023-08-25,1159,D,0
-17.9025,32.0123,325.6,2023-08-25,1159,D,0
-17.9505,31.6895,328.3,2023-08-25,1159,D,0
-18.0648,30.7797,328.8,2023-08-25,1159,D,0
-18.3224,28.9184,325.9,2023-08-25,1159,D,0
-17.9494,31.4488,324.4,2023-08-25,1159,D,0
-17.985,31.2059,341.8,2023-08-25,1159,D,0
-17.9863,31.1966,332.6,2023-08-25,1159,D,0
-17.9537,31.2228,321.5,2023-08-25,1159,D,0
-17.912,31.4457,331.2,2023-08-25,1159,D,0
-18.0661,30.3128,328.8,2023-08-25,1159,D,0
-17.9362,31.0292,320.3,2023-08-25,1159,D,0
-17.9693,30.6721,331.1,2023-08-25,1159,D,0
-17.9591,30.68,326.1,2023-08-25,1159,D,0
-17.9604,30.6707,338.2,2023-08-25,1159,D,0
-17.7239,32.0981,334.5,2023-08-25,1159,D,0
-17.7148,32.0966,341.9,2023-08-25,1159,D,0
-17.7163,32.087,337.0,2023-08-25,1159,D,0
-17.8007,31.2688,331.5,2023-08-25,1159,D,0
-17.7141,31.7931,332.6,2023-08-25,1159,D,0
-17.7155,31.7837,323.1,2023-08-25,1159,D,0
-17.8401,30.7347,327.1,2023-08-25,1159,D,0
-18.0371,29.3358,322.4,2023-08-25,1159,D,0
-17.8299,30.7426,331.5,2023-08-25,1159,D,0
-18.4501,26.0954,324.2,2023-08-25,1159,D,0
-17.821,30.7412,337.0,2023-08-25,1159,D,0
-17.8891,30.2632,329.0,2023-08-25,1159,D,0
-17.8788,30.2713,327.4,2023-08-25,1159,D,0
-17.8801,30.2618,327.5,2023-08-25,1159,D,0
-18.4179,26.0756,322.4,2023-08-25,1159,D,0
-17.8702,30.2023,324.2,2023-08-25,1159,D,0
-17.6517,31.6506,323.6,2023-08-25,1159,D,0
-17.6531,31.6411,320.7,2023-08-25,1159,D,0
-17.8612,30.2008,337.3,2023-08-25,1159,D,0
-17.6427,31.6491,326.5,2023-08-25,1159,D,0
-17.6253,31.5827,326.4,2023-08-25,1159,D,0
-17.6164,31.5812,322.7,2023-08-25,1159,D,0
-17.706,30.841,325.7,2023-08-25,1159,D,0
-17.5345,31.9464,323.4,2023-08-25,1159,D,0
-17.7001,30.5637,321.4,2023-08-25,1159,D,0
-17.7015,30.5543,330.2,2023-08-25,1159,D,0
-17.8063,29.8061,321.5,2023-08-25,1159,D,0
-18.2731,26.1444,343.2,2023-08-25,1159,D,0
-18.2749,26.129,334.1,2023-08-25,1159,D,0
-17.627,30.936,324.1,2023-08-25,1159,D,0
-18.2737,26.1376,341.2,2023-08-25,1159,D,0
-17.6262,30.8788,408.1,2023-08-25,1159,D,0
-17.6275,30.8695,400.6,2023-08-25,1159,D,0
-17.6289,30.8602,328.3,2023-08-25,1159,D,0
-17.6159,30.8867,347.5,2023-08-25,1159,D,0
-17.6173,30.8774,332.9,2023-08-25,1159,D,0
-17.5882,31.0154,323.0,2023-08-25,1159,D,0
-17.5949,30.9689,356.3,2023-08-25,1159,D,0
-17.5963,30.9596,342.8,2023-08-25,1159,D,0
-17.4349,31.9921,324.2,2023-08-25,1159,D,0
-17.4363,31.9824,348.0,2023-08-25,1159,D,0
-17.4378,31.9729,332.7,2023-08-25,1159,D,0
-17.5698,31.0791,323.6,2023-08-25,1159,D,0
-17.5744,30.9847,320.6,2023-08-25,1159,D,0
-17.5757,30.9754,328.5,2023-08-25,1159,D,0
-17.6652,30.3508,342.4,2023-08-25,1159,D,0
-17.4646,31.6077,324.1,2023-08-25,1159,D,0
-17.466,31.5983,325.2,2023-08-25,1159,D,0
-17.5566,30.9818,339.1,2023-08-25,1159,D,0
-17.4835,31.4185,324.5,2023-08-25,1159,D,0
-17.4849,31.4092,324.4,2023-08-25,1159,D,0
-17.5182,31.0556,323.1,2023-08-25,1159,D,0
-17.4231,31.5182,338.2,2023-08-25,1159,D,0
-17.4245,31.5089,336.7,2023-08-25,1159,D,0
-17.6519,29.9269,326.0,2023-08-25,1159,D,0
-17.6428,29.9256,326.1,2023-08-25,1159,D,0
-17.5912,30.2276,326.2,2023-08-25,1159,D,0
-17.6181,29.9706,328.1,2023-08-25,1159,D,0
-17.5839,30.1495,328.5,2023-08-25,1159,D,0
-17.5852,30.14,344.0,2023-08-25,1159,D,0
-17.3361,31.6035,335.5,2023-08-25,1159,D,0
-17.3375,31.5941,348.8,2023-08-25,1159,D,0
-17.323,31.6302,326.9,2023-08-25,1159,D,0
-17.3244,31.6209,334.7,2023-08-25,1159,D,0
-17.4471,30.781,321.8,2023-08-25,1159,D,0
-17.4818,30.5391,325.9,2023-08-25,1159,D,0
-17.6701,29.1948,362.2,2023-08-25,1159,D,0
-17.4381,30.7796,322.7,2023-08-25,1159,D,0
-17.6609,29.1934,332.3,2023-08-25,1159,D,0
-17.2946,31.6354,331.5,2023-08-25,1159,D,0
-17.3226,31.3227,321.1,2023-08-25,1159,D,0
-17.2592,31.6876,330.6,2023-08-25,1159,D,0
-17.4021,30.5207,325.3,2023-08-25,1159,D,0
-17.2134,31.7519,320.4,2023-08-25,1159,D,0
-17.7778,27.6298,324.9,2023-08-25,1159,D,0
-17.7677,27.6286,322.6,2023-08-25,1159,D,0
-17.2201,31.5209,326.0,2023-08-25,1159,D,0
-17.2215,31.5116,330.5,2023-08-25,1159,D,0
-17.2229,31.5022,321.1,2023-08-25,1159,D,0
-17.4434,29.9703,331.9,2023-08-25,1159,D,0
-17.4448,29.9608,336.3,2023-08-25,1159,D,0
-17.4331,29.9784,330.3,2023-08-25,1159,D,0
-17.4344,29.9689,331.4,2023-08-25,1159,D,0
-17.3085,30.7912,319.2,2023-08-25,1159,D,0
-17.4427,29.8435,322.7,2023-08-25,1159,D,0
-17.2557,30.9567,320.8,2023-08-25,1159,D,0
-17.229,30.9525,323.0,2023-08-25,1159,D,0
-17.2303,30.9432,363.9,2023-08-25,1159,D,0
-17.3169,30.147,338.8,2023-08-25,1159,D,0
-17.3079,30.1457,329.6,2023-08-25,1159,D,0
-17.353,29.8234,322.2,2023-08-25,1159,D,0
-17.0411,31.9126,325.5,2023-08-25,1159,D,0
-17.1498,31.1204,328.6,2023-08-25,1159,D,0
-17.2794,30.1547,327.3,2023-08-25,1159,D,0
-17.4132,29.1995,334.2,2023-08-25,1159,D,0
-17.4146,29.1895,335.2,2023-08-25,1159,D,0
-17.2531,30.275,341.5,2023-08-25,1159,D,0
-17.404,29.198,325.8,2023-08-25,1159,D,0
-17.2415,30.2923,339.3,2023-08-25,1159,D,0
-17.2429,30.283,344.7,2023-08-25,1159,D,0
-17.2442,30.2736,332.2,2023-08-25,1159,D,0
-17.3716,29.365,328.4,2023-08-25,1159,D,0
-17.2326,30.2909,333.7,2023-08-25,1159,D,0
-17.2339,30.2816,330.1,2023-08-25,1159,D,0
-17.2578,30.1128,322.5,2023-08-25,1159,D,0
-17.2592,30.1033,351.3,2023-08-25,1159,D,0
-17.2605,30.0939,354.1,2023-08-25,1159,D,0
-17.3489,29.4618,327.1,2023-08-25,1159,D,0
-17.3624,29.3637,330.1,2023-08-25,1159,D,0
-17.3638,29.3538,326.6,2023-08-25,1159,D,0
-17.2475,30.1208,345.2,2023-08-25,1159,D,0
-17.2488,30.1114,337.5,2023-08-25,1159,D,0
-17.3292,29.4687,326.7,2023-08-25,1159,D,0
-17.1898,30.3988,320.1,2023-08-25,1159,D,0
-17.0545,31.2708,321.7,2023-08-25,1159,D,0
-17.0558,31.2615,333.6,2023-08-25,1159,D,0
-17.0572,31.2522,344.0,2023-08-25,1159,D,0
-17.0586,31.2429,321.4,2023-08-25,1159,D,0
-17.0469,31.26,375.2,2023-08-25,1159,D,0
-17.0483,31.2507,368.8,2023-08-25,1159,D,0
-17.038,31.2586,355.3,2023-08-25,1159,D,0
-17.0393,31.2493,339.1,2023-08-25,1159,D,0
-17.1111,30.7571,340.7,2023-08-25,1159,D,0
-17.1124,30.7479,333.6,2023-08-25,1159,D,0
-17.2893,29.4264,326.0,2023-08-25,1159,D,0
-17.2801,29.4251,333.7,2023-08-25,1159,D,0
-17.2815,29.4152,326.5,2023-08-25,1159,D,0
-16.8272,32.3532,321.9,2023-08-25,1159,D,0
-16.9362,31.6295,328.9,2023-08-25,1159,D,0
-16.9376,31.62,327.5,2023-08-25,1159,D,0
-17.13,30.2971,322.2,2023-08-25,1159,D,0
-17.1313,30.2877,323.1,2023-08-25,1159,D,0
-16.7625,32.7132,323.0,2023-08-25,1159,D,0
-16.764,32.7031,324.4,2023-08-25,1159,D,0
-17.2761,29.1824,329.6,2023-08-25,1159,D,0
-16.9224,31.5982,323.7,2023-08-25,1159,D,0
-16.9238,31.5888,321.8,2023-08-25,1159,D,0
-16.7502,32.6691,324.5,2023-08-25,1159,D,0
-16.7596,32.6086,322.1,2023-08-25,1159,D,0
-17.2766,29.0395,341.7,2023-08-25,1159,D,0
-17.278,29.0295,329.5,2023-08-25,1159,D,0
-17.1167,30.1324,331.7,2023-08-25,1159,D,0
-17.1921,29.5905,324.1,2023-08-25,1159,D,0
-16.8955,31.5938,326.8,2023-08-25,1159,D,0
-17.2265,29.2206,323.6,2023-08-25,1159,D,0
-17.2473,29.0704,321.1,2023-08-25,1159,D,0
-16.8761,31.6042,322.4,2023-08-25,1159,D,0
-16.8145,31.9555,323.6,2023-08-25,1159,D,0
-17.1894,29.2856,326.7,2023-08-25,1159,D,0
-17.2222,29.0462,323.7,2023-08-25,1159,D,0
-16.8407,31.6566,321.3,2023-08-25,1159,D,0
-16.8533,31.5714,323.0,2023-08-25,1159,D,0
-16.8547,31.562,322.3,2023-08-25,1159,D,0
-17.2844,28.4429,340.3,2023-08-25,1159,D,0
-17.2859,28.4321,328.3,2023-08-25,1159,D,0
-17.2749,28.4414,326.1,2023-08-25,1159,D,0
-17.2763,28.4306,326.5,2023-08-25,1159,D,0
-17.1473,29.3195,325.5,2023-08-25,1159,D,0
-17.0465,29.9812,324.5,2023-08-25,1159,D,0
-16.8474,31.3017,323.2,2023-08-25,1159,D,0
-16.9167,30.7548,322.1,2023-08-25,1159,D,0
-16.8559,31.0486,321.2,2023-08-25,1159,D,0
-16.8989,30.752,333.1,2023-08-25,1159,D,0
-16.9003,30.7427,328.5,2023-08-25,1159,D,0
-16.9829,30.1664,328.1,2023-08-25,1159,D,0
-16.89,30.7506,324.9,2023-08-25,1159,D,0
-16.6747,32.1439,339.0,2023-08-25,1159,D,0
-16.6762,32.1341,326.9,2023-08-25,1159,D,0
-16.812,31.0985,333.8,2023-08-25,1159,D,0
-16.8134,31.0892,344.1,2023-08-25,1159,D,0
-16.8031,31.0971,325.3,2023-08-25,1159,D,0
-16.8045,31.0878,342.2,2023-08-25,1159,D,0
-17.0469,29.378,324.8,2023-08-25,1159,D,0
-16.8245,30.8254,332.9,2023-08-25,1159,D,0
-16.8818,30.4268,323.1,2023-08-25,1159,D,0
-16.8615,30.5035,328.5,2023-08-25,1159,D,0
-16.8628,30.4942,334.7,2023-08-25,1159,D,0
-16.9695,29.7443,365.2,2023-08-25,1159,D,0
-16.9708,29.7349,374.2,2023-08-25,1159,D,0
-16.9721,29.7254,342.8,2023-08-25,1159,D,0
-16.8526,30.5021,330.8,2023-08-25,1159,D,0
-16.8539,30.4928,324.1,2023-08-25,1159,D,0
-16.9604,29.743,324.5,2023-08-25,1159,D,0
-16.9617,29.7335,355.4,2023-08-25,1159,D,0
-16.998,29.4744,331.9,2023-08-25,1159,D,0
-16.9994,29.4647,350.7,2023-08-25,1159,D,0
-16.9889,29.473,350.4,2023-08-25,1159,D,0
-16.9902,29.4634,354.4,2023-08-25,1159,D,0
-16.8693,30.2577,331.6,2023-08-25,1159,D,0
-16.961,29.6066,339.5,2023-08-25,1159,D,0
-16.9624,29.597,329.8,2023-08-25,1159,D,0
-16.7723,30.8684,322.5,2023-08-25,1159,D,0
-16.7737,30.8591,348.6,2023-08-25,1159,D,0
-16.9094,29.9093,331.7,2023-08-25,1159,D,0
-16.7228,31.1453,353.7,2023-08-25,1159,D,0
-16.7242,31.136,343.2,2023-08-25,1159,D,0
-16.7648,30.8577,347.7,2023-08-25,1159,D,0
-16.9004,29.9079,342.7,2023-08-25,1159,D,0
-16.7139,31.1438,332.9,2023-08-25,1159,D,0
-16.8424,30.2535,333.6,2023-08-25,1159,D,0
-16.8438,30.2442,332.1,2023-08-25,1159,D,0
-17.0338,28.8718,323.3,2023-08-25,1159,D,0
-16.5589,32.1188,322.8,2023-08-25,1159,D,0
-16.5603,32.1091,322.4,2023-08-25,1159,D,0
-16.651,31.507,354.3,2023-08-25,1159,D,0
-16.6524,31.4976,360.9,2023-08-25,1159,D,0
-16.7049,31.1424,325.9,2023-08-25,1159,D,0
-16.7063,31.1331,324.2,2023-08-25,1159,D,0
-16.5073,32.3934,326.9,2023-08-25,1159,D,0
-16.5497,32.1173,326.8,2023-08-25,1159,D,0
-16.7007,31.0467,320.1,2023-08-25,1159,D,0
-16.7021,31.0374,337.2,2023-08-25,1159,D,0
-16.7034,31.0281,321.9,2023-08-25,1159,D,0
-16.8209,30.212,347.0,2023-08-25,1159,D,0
-16.8222,30.2027,334.8,2023-08-25,1159,D,0
-16.5779,31.8089,325.0,2023-08-25,1159,D,0
-16.5949,31.6944,320.8,2023-08-25,1159,D,0
-16.7585,30.5755,323.8,2023-08-25,1159,D,0
-16.8075,30.0407,326.4,2023-08-25,1159,D,0
-16.8942,29.4222,326.4,2023-08-25,1159,D,0
-16.8955,29.4125,322.2,2023-08-25,1159,D,0
-16.5327,31.8015,333.9,2023-08-25,1159,D,0
-16.6511,30.814,319.9,2023-08-25,1159,D,0
-16.4948,31.5656,345.1,2023-08-25,1159,D,0
-16.4962,31.5562,333.2,2023-08-25,1159,D,0
-16.6684,30.3755,327.7,2023-08-25,1159,D,0
-16.4858,31.5642,358.5,2023-08-25,1159,D,0
-16.4872,31.5547,321.8,2023-08-25,1159,D,0
-16.6674,30.3184,323.2,2023-08-25,1159,D,0
-16.4384,31.6345,326.7,2023-08-25,1159,D,0
-16.6422,30.2385,325.3,2023-08-25,1159,D,0
-16.6435,30.2292,344.9,2023-08-25,1159,D,0
-16.6161,30.3579,324.9,2023-08-25,1159,D,0
-16.6174,30.3486,325.7,2023-08-25,1159,D,0
-16.6333,30.2371,324.2,2023-08-25,1159,D,0
-16.6346,30.2278,335.1,2023-08-25,1159,D,0
-16.6359,30.2185,347.3,2023-08-25,1159,D,0
-16.5028,31.0057,321.2,2023-08-25,1159,D,0
-16.5042,30.9964,328.3,2023-08-25,1159,D,0
-16.4812,30.8411,353.9,2023-08-25,1159,D,0
-16.4825,30.8319,333.3,2023-08-25,1159,D,0
-16.6804,29.4367,322.1,2023-08-25,1159,D,0
-16.6262,29.7603,326.9,2023-08-25,1159,D,0
-16.6793,29.3771,332.9,2023-08-25,1159,D,0
-16.6172,29.7589,323.0,2023-08-25,1159,D,0
-16.4398,30.81,326.7,2023-08-25,1159,D,0
-16.4933,30.44,321.0,2023-08-25,1159,D,0
-16.5092,30.3288,328.7,2023-08-25,1159,D,0
-16.5106,30.3195,320.7,2023-08-25,1159,D,0
-16.5424,30.0964,354.1,2023-08-25,1159,D,0
-16.5437,30.0871,343.5,2023-08-25,1159,D,0
-16.4844,30.4386,322.5,2023-08-25,1159,D,0
-16.5308,30.1136,336.1,2023-08-25,1159,D,0
-16.5321,30.1043,340.2,2023-08-25,1159,D,0
-16.5219,30.1122,328.7,2023-08-25,1159,D,0
-16.5738,29.6788,325.1,2023-08-25,1159,D,0
-16.4937,30.1174,323.1,2023-08-25,1159,D,0
-16.6333,29.1145,324.1,2023-08-25,1159,D,0
-19.8024,32.7985,324.8,2023-08-25,1159,D,0
-19.8039,32.7886,335.4,2023-08-25,1159,D,0
-19.7554,32.8004,322.0,2023-08-25,1159,D,0
-19.7569,32.7906,329.8,2023-08-25,1159,D,0
-19.8541,30.1579,324.3,2023-08-25,1159,D,0
-19.8554,30.148,326.4,2023-08-25,1159,D,0
-19.3148,32.7841,331.0,2023-08-25,1159,D,0
-19.5979,30.8008,324.0,2023-08-25,1159,D,0
-19.5993,30.7913,343.9,2023-08-25,1159,D,0
-19.6006,30.7818,322.6,2023-08-25,1159,D,0
-19.6622,30.3406,348.5,2023-08-25,1159,D,0
-19.6635,30.3309,328.6,2023-08-25,1159,D,0
-19.6531,30.3392,347.9,2023-08-25,1159,D,0
-19.5107,31.2834,323.0,2023-08-25,1159,D,0
-19.512,31.274,325.8,2023-08-25,1159,D,0
-19.5045,31.2631,349.2,2023-08-25,1159,D,0
-19.5058,31.2537,339.1,2023-08-25,1159,D,0
-19.6884,29.9594,337.8,2023-08-25,1159,D,0
-19.6898,29.9494,324.1,2023-08-25,1159,D,0
-19.6365,29.8598,318.8,2023-08-25,1159,D,0
-19.5585,29.8923,321.1,2023-08-25,1159,D,0
-19.3258,31.289,328.2,2023-08-25,1159,D,0
-19.4765,30.0952,333.4,2023-08-25,1159,D,0
-19.4778,30.0855,322.9,2023-08-25,1159,D,0
-19.4674,30.0938,325.3,2023-08-25,1159,D,0
-19.4687,30.0841,323.9,2023-08-25,1159,D,0
-19.1638,32.1436,324.3,2023-08-25,1159,D,0
-19.4072,30.1942,322.8,2023-08-25,1159,D,0
-19.4062,29.8669,322.1,2023-08-25,1159,D,0
-19.2089,31.0136,324.2,2023-08-25,1159,D,0
-19.2825,30.4927,321.1,2023-08-25,1159,D,0
-19.2459,30.6233,331.3,2023-08-25,1159,D,0
-19.3109,30.0973,328.4,2023-08-25,1159,D,0
-19.3123,30.0876,324.2,2023-08-25,1159,D,0
-19.0042,32.1632,325.4,2023-08-25,1159,D,0
-18.9952,32.1617,342.2,2023-08-25,1159,D,0
-18.9236,32.5764,319.0,2023-08-25,1159,D,0
-18.9251,32.5666,322.8,2023-08-25,1159,D,0
-19.2783,30.132,333.1,2023-08-25,1159,D,0
-19.2796,30.1223,337.7,2023-08-25,1159,D,0
-19.2692,30.1306,341.8,2023-08-25,1159,D,0
-19.2705,30.1209,326.8,2023-08-25,1159,D,0
-18.8493,32.5772,320.9,2023-08-25,1159,D,0
-18.8918,32.2951,328.0,2023-08-25,1159,D,0
-18.9542,31.8749,325.3,2023-08-25,1159,D,0
-18.9354,31.9399,323.9,2023-08-25,1159,D,0
-18.9368,31.9304,351.1,2023-08-25,1159,D,0
-19.0088,31.3147,320.1,2023-08-25,1159,D,0
-19.0101,31.3053,362.2,2023-08-25,1159,D,0
-18.8114,32.5808,325.5,2023-08-25,1159,D,0
-18.8174,32.5417,328.5,2023-08-25,1159,D,0
-19.0266,31.0008,323.8,2023-08-25,1159,D,0
-19.0293,30.982,326.0,2023-08-25,1159,D,0
-19.0191,30.99,325.5,2023-08-25,1159,D,0
-19.0204,30.9806,340.1,2023-08-25,1159,D,0
-19.0217,30.9712,346.2,2023-08-25,1159,D,0
-18.7974,32.4282,323.8,2023-08-25,1159,D,0
-18.8326,32.1962,328.7,2023-08-25,1159,D,0
-18.834,32.1867,331.4,2023-08-25,1159,D,0
-19.0516,30.6965,324.8,2023-08-25,1159,D,0
-18.7892,32.431,333.7,2023-08-25,1159,D,0
-18.7906,32.4212,360.4,2023-08-25,1159,D,0
-18.7921,32.4115,327.9,2023-08-25,1159,D,0
-18.7816,32.4197,341.8,2023-08-25,1159,D,0
-18.9122,31.4757,320.3,2023-08-25,1159,D,0
-18.8909,31.5588,332.4,2023-08-25,1159,D,0
-18.8922,31.5494,361.9,2023-08-25,1159,D,0
-18.8778,31.4604,324.4,2023-08-25,1159,D,0
-18.8579,31.4091,318.8,2023-08-25,1159,D,0
-18.8102,31.539,342.4,2023-08-25,1159,D,0
-18.8116,31.5296,336.3,2023-08-25,1159,D,0
-18.8013,31.5375,322.1,2023-08-25,1159,D,0
-18.7329,31.8158,322.6,2023-08-25,1159,D,0
-18.7343,31.8063,321.4,2023-08-25,1159,D,0
-18.623,32.3102,329.7,2023-08-25,1159,D,0
-18.6502,31.942,322.9,2023-08-25,1159,D,0
-18.5553,32.3285,323.7,2023-08-25,1159,D,0
-18.6284,31.8409,318.8,2023-08-25,1159,D,0
-18.8287,30.3226,325.2,2023-08-25,1159,D,0
-18.8031,30.3706,326.0,2023-08-25,1159,D,0
-18.5456,32.0837,326.7,2023-08-25,1159,D,0
-18.8458,29.5913,324.2,2023-08-25,1159,D,0
-18.8471,29.5814,339.2,2023-08-25,1159,D,0
-18.8071,29.8081,326.0,2023-08-25,1159,D,0
-18.8084,29.7983,334.8,2023-08-25,1159,D,0
-18.4778,31.862,321.9,2023-08-25,1159,D,0
-18.5977,30.9783,322.5,2023-08-25,1159,D,0
-18.7397,29.9717,323.1,2023-08-25,1159,D,0
-18.6568,30.303,322.5,2023-08-25,1159,D,0
-18.4485,31.6185,324.2,2023-08-25,1159,D,0
-18.6261,30.3209,329.0,2023-08-25,1159,D,0
-18.6275,30.3113,328.7,2023-08-25,1159,D,0
-18.9102,28.0031,330.8,2023-08-25,1159,D,0
-18.9117,27.9913,322.6,2023-08-25,1159,D,0
-18.4565,31.1881,325.1,2023-08-25,1159,D,0
-18.5718,30.3804,322.6,2023-08-25,1159,D,0
-18.4217,31.3643,331.7,2023-08-25,1159,D,0
-18.4231,31.3549,325.2,2023-08-25,1159,D,0
-18.4305,31.2413,326.6,2023-08-25,1159,D,0
-18.3538,31.5779,323.6,2023-08-25,1159,D,0
-18.1865,32.4511,319.4,2023-08-25,1159,D,0
-18.5339,29.9969,321.8,2023-08-25,1159,D,0
-18.3071,31.5222,342.3,2023-08-25,1159,D,0
-18.3084,31.5128,320.6,2023-08-25,1159,D,0
-18.4409,30.5956,325.5,2023-08-25,1159,D,0
-18.4422,30.5862,338.5,2023-08-25,1159,D,0
-18.2968,31.5301,339.2,2023-08-25,1159,D,0
-18.2981,31.5207,329.8,2023-08-25,1159,D,0
-18.4319,30.5942,331.8,2023-08-25,1159,D,0
-16.4867,29.3061,334.3,2023-08-25,1200,D,0
-16.5212,29.4596,360.4,2023-08-25,1200,D,0
-16.5081,29.487,341.6,2023-08-25,1200,D,0
-16.5094,29.4774,327.3,2023-08-25,1200,D,0
-16.3756,30.6136,324.0,2023-08-25,1200,D,0
-16.377,30.6044,327.3,2023-08-25,1200,D,0
-16.5329,29.4417,329.0,2023-08-25,1200,D,0
-16.5343,29.4321,334.5,2023-08-25,1200,D,0
-16.0119,30.6451,337.0,2023-08-25,1200,D,0
-16.0105,30.6543,323.8,2023-08-25,1200,D,0
-16.0724,30.4251,322.5,2023-08-25,1200,D,0
-16.1937,29.6345,322.4,2023-08-25,1200,D,0
-16.0787,30.445,325.9,2023-08-25,1200,D,0
-16.077,30.7092,332.2,2023-08-25,1200,D,0
-16.0757,30.7184,328.3,2023-08-25,1200,D,0
-16.0715,30.998,332.1,2023-08-25,1200,D,0
-16.2813,29.5959,326.6,2023-08-25,1200,D,0
-16.28,29.6052,326.4,2023-08-25,1200,D,0
-16.2098,30.1683,327.7,2023-08-25,1200,D,0
-16.2085,30.1775,341.7,2023-08-25,1200,D,0
-16.3565,29.2547,324.3,2023-08-25,1200,D,0
-16.3435,29.5471,326.0,2023-08-25,1200,D,0
-16.3195,29.7175,323.4,2023-08-25,1200,D,0
-16.3046,29.8879,336.4,2023-08-25,1200,D,0
-16.2223,30.4637,325.4,2023-08-25,1200,D,0
-16.2107,30.7426,331.1,2023-08-25,1200,D,0
-16.4981,28.8275,329.0,2023-08-25,1200,D,0
-16.4422,29.3037,334.1,2023-08-25,1200,D,0
-16.4513,29.3052,332.3,2023-08-25,1200,D,0
-16.2638,30.6281,324.4,2023-08-25,1200,D,0
-16.4641,29.3466,339.7,2023-08-25,1200,D,0
-16.4759,29.3286,328.1,2023-08-25,1200,D,0
-16.4911,29.5429,327.4,2023-08-25,1200,D,0
-16.4853,29.3158,338.2,2023-08-25,1200,D,0
-16.4971,29.2978,332.4,2023-08-25,1200,D,0
-16.482,29.5416,324.5,2023-08-25,1200,D,0
-16.5185,29.4788,329.3,2023-08-25,1200,D,0
-16.5198,29.4692,330.9,2023-08-25,1200,D,0
-19.9301,32.6249,303.7,2023-08-25,2014,N,0
-20.4226,28.7319,301.2,2023-08-25,2014,N,0
-20.4213,28.7416,303.5,2023-08-25,2014,N,0
-19.1628,30.824,314.2,2023-08-25,2015,N,0
-18.678,32.0977,300.5,2023-08-25,2015,N,0
-18.6993,31.4536,325.0,2023-08-25,2015,N,0
-18.7009,31.4434,319.9,2023-08-25,2015,N,0
-18.6922,31.4564,303.7,2023-08-25,2015,N,0
-18.6937,31.4462,329.6,2023-08-25,2015,N,0
-18.7839,30.0719,304.9,2023-08-25,2015,N,0
-18.4116,31.4846,304.6,2023-08-25,2015,N,0
-18.2854,31.5199,300.1,2023-08-25,2015,N,0
-18.1165,30.7363,303.5,2023-08-25,2015,N,0
-18.0704,30.4853,300.7,2023-08-25,2015,N,0
-17.9779,30.425,303.1,2023-08-25,2015,N,0
-18.4369,26.0204,304.8,2023-08-25,2015,N,0
-18.3708,26.4807,305.4,2023-08-25,2015,N,0
-18.4171,26.0245,306.4,2023-08-25,2015,N,0
-18.4186,26.0122,305.2,2023-08-25,2015,N,0
-17.6122,31.5775,309.9,2023-08-25,2015,N,0
-17.6028,30.2811,300.5,2023-08-25,2015,N,0
-17.5938,30.2797,302.3,2023-08-25,2015,N,0
-17.4502,30.2539,302.4,2023-08-25,2015,N,0
-17.4722,30.1024,307.5,2023-08-25,2015,N,0
-17.3099,30.1414,304.1,2023-08-25,2015,N,0
-16.9992,31.2392,317.1,2023-08-25,2015,N,0
-17.0007,31.229,306.8,2023-08-25,2015,N,0
-16.9698,29.1702,315.4,2023-08-25,2015,N,0
-16.4787,31.5634,304.4,2023-08-25,2015,N,0
-16.4804,31.5526,303.6,2023-08-25,2015,N,0
-16.6182,30.3383,305.9,2023-08-25,2015,N,0
-16.7341,29.4713,303.8,2023-08-25,2015,N,0
-16.7357,29.3958,308.7,2023-08-25,2015,N,0
-19.3184,30.8956,308.2,2023-08-25,2015,N,0
-19.4813,30.0891,301.5,2023-08-25,2015,N,0
-19.4902,30.0905,302.3,2023-08-25,2015,N,0
-19.9747,29.2575,312.4,2023-08-25,2015,N,0
-19.9836,29.2589,338.0,2023-08-25,2015,N,0
-19.9938,29.2508,301.0,2023-08-25,2015,N,0
-19.9925,29.2603,341.8,2023-08-25,2015,N,0
-19.7526,32.8989,304.7,2023-08-25,2015,N,0
-19.7507,32.911,320.4,2023-08-25,2015,N,0
-16.4757,29.3466,307.8,2023-08-25,2016,N,0
-16.4783,29.3281,310.1,2023-08-25,2016,N,0
-16.5001,29.3031,305.8,2023-08-25,2016,N,0
-16.5014,29.2939,304.9,2023-08-25,2016,N,0
-16.4899,29.311,317.5,2023-08-25,2016,N,0
-17.9074,30.3374,312.1,2023-08-26,707,D,0
-18.1147,30.611,311.7,2023-08-26,707,D,0
-17.9077,30.3296,312.9,2023-08-26,707,D,0
-16.6051,31.3782,311.5,2023-08-26,707,D,0
-16.6123,31.4151,316.1,2023-08-26,707,D,0
-16.6171,31.4063,318.3,2023-08-26,707,D,0
-18.1121,30.6192,311.5,2023-08-26,707,D,0
-20.635,32.0355,317.4,2023-08-26,1240,D,0
-19.9793,29.2687,354.8,2023-08-26,1240,D,0
-19.5193,31.2903,325.9,2023-08-26,1240,D,0
-19.5274,31.2522,321.0,2023-08-26,1240,D,0
-19.5164,31.2849,326.9,2023-08-26,1240,D,0
-19.5242,31.2467,317.9,2023-08-26,1240,D,0
-19.803,29.7794,324.6,2023-08-26,1240,D,0
-19.7882,29.7759,349.6,2023-08-26,1240,D,0
-19.794,29.7468,326.3,2023-08-26,1240,D,0
-19.8954,29.08,319.5,2023-08-26,1240,D,0
-19.606,30.1395,321.1,2023-08-26,1240,D,0
-19.6115,30.1362,319.5,2023-08-26,1240,D,0
-19.4195,30.1486,321.6,2023-08-26,1240,D,0
-19.4254,30.1456,321.3,2023-08-26,1240,D,0
-18.986,30.9223,329.3,2023-08-26,1240,D,0
-18.9962,30.9171,320.3,2023-08-26,1240,D,0
-18.9798,30.9135,326.6,2023-08-26,1240,D,0
-18.9934,30.8865,321.2,2023-08-26,1240,D,0
-20.3739,28.6689,327.5,2023-08-26,1240,D,0
-20.3153,28.6799,326.4,2023-08-26,1240,D,0
-20.3036,28.6951,321.9,2023-08-26,1240,D,0
-20.3082,28.6707,319.6,2023-08-26,1240,D,0
-19.9885,29.2979,320.5,2023-08-26,1240,D,0
-19.9935,29.2719,333.1,2023-08-26,1240,D,0
-19.9742,29.295,332.9,2023-08-26,1240,D,0
-20.564,29.4963,318.0,2023-08-26,1240,D,0
-20.5716,29.4779,317.3,2023-08-26,1240,D,0
-20.5663,29.5045,316.4,2023-08-26,1240,D,0
-20.6345,32.0306,315.8,2023-08-26,1240,D,0
-17.4579,29.8432,320.8,2023-08-26,1241,D,0
-18.422,31.7704,318.7,2023-08-26,1241,D,0
-18.4219,31.762,320.7,2023-08-26,1241,D,0
-18.4226,31.2394,334.3,2023-08-26,1241,D,0
-18.4213,31.2343,329.7,2023-08-26,1241,D,0
-18.5685,30.42,326.5,2023-08-26,1241,D,0
-18.3714,30.4001,321.7,2023-08-26,1241,D,0
-18.3555,30.3965,325.8,2023-08-26,1241,D,0
-18.3829,30.2609,324.0,2023-08-26,1241,D,0
-18.3633,30.3905,328.3,2023-08-26,1241,D,0
-18.3673,30.2846,319.8,2023-08-26,1241,D,0
-18.3739,30.2509,322.2,2023-08-26,1241,D,0
-18.3307,30.1362,320.9,2023-08-26,1241,D,0
-18.1647,30.8736,331.2,2023-08-26,1241,D,0
-18.115,30.8621,320.1,2023-08-26,1241,D,0
-18.1782,30.8721,321.9,2023-08-26,1241,D,0
-18.1617,30.8682,327.9,2023-08-26,1241,D,0
-18.1121,30.8566,319.0,2023-08-26,1241,D,0
-17.9278,31.1293,317.9,2023-08-26,1241,D,0
-18.0291,30.6351,317.9,2023-08-26,1241,D,0
-18.0582,30.4918,333.4,2023-08-26,1241,D,0
-17.9267,31.1247,318.9,2023-08-26,1241,D,0
-18.0531,30.4862,331.7,2023-08-26,1241,D,0
-17.9649,30.2049,339.0,2023-08-26,1241,D,0
-17.9715,30.1713,348.6,2023-08-26,1241,D,0
-17.8934,30.4787,320.9,2023-08-26,1241,D,0
-17.8965,30.2967,319.2,2023-08-26,1241,D,0
-17.9035,30.2623,321.1,2023-08-26,1241,D,0
-17.8804,30.2934,341.5,2023-08-26,1241,D,0
-17.8874,30.259,344.4,2023-08-26,1241,D,0
-17.8904,30.2908,348.0,2023-08-26,1241,D,0
-17.8972,30.2563,339.2,2023-08-26,1241,D,0
-17.8905,29.8746,323.2,2023-08-26,1241,D,0
-17.8801,29.8645,323.4,2023-08-26,1241,D,0
-17.6174,30.3994,327.4,2023-08-26,1241,D,0
-17.5939,30.4317,366.5,2023-08-26,1241,D,0
-17.5801,30.4584,325.6,2023-08-26,1241,D,0
-17.5872,30.4226,345.5,2023-08-26,1241,D,0
-17.8951,28.4301,322.3,2023-08-26,1241,D,0
-17.8925,28.4246,321.1,2023-08-26,1241,D,0
-17.4467,30.5022,328.8,2023-08-26,1241,D,0
-17.4572,30.2796,319.6,2023-08-26,1241,D,0
-17.4721,29.8177,319.9,2023-08-26,1241,D,0
-17.4564,29.8147,319.2,2023-08-26,1241,D,0
-17.464,29.8113,322.5,2023-08-26,1241,D,0
-17.036,31.3549,320.0,2023-08-26,1241,D,0
-17.0358,31.3468,318.3,2023-08-26,1241,D,0
-16.7915,31.373,327.5,2023-08-26,1241,D,0
-16.7941,31.3689,326.2,2023-08-26,1241,D,0
-16.6441,31.3809,325.4,2023-08-26,1241,D,0
-16.9484,29.8098,321.4,2023-08-26,1241,D,0
-16.6448,31.3727,326.5,2023-08-26,1241,D,0
-16.9393,29.7996,323.4,2023-08-26,1241,D,0
-16.8478,29.6355,325.6,2023-08-26,1241,D,0
-16.8377,29.6256,326.5,2023-08-26,1241,D,0
-16.5814,30.0932,317.6,2023-08-26,1241,D,0
-16.6098,29.5994,321.0,2023-08-26,1241,D,0
-16.5603,29.385,327.6,2023-08-26,1241,D,0
-16.5449,29.3813,333.7,2023-08-26,1241,D,0
-20.3716,28.5039,301.0,2023-08-26,2055,N,0
-19.9748,29.2543,328.7,2023-08-26,2055,N,0
-19.9814,29.2217,313.9,2023-08-26,2055,N,0
-19.9591,29.2505,320.2,2023-08-26,2055,N,0
-19.9657,29.218,308.8,2023-08-26,2055,N,0
-19.9663,29.2456,348.0,2023-08-26,2055,N,0
-20.3645,28.538,353.4,2023-08-26,2055,N,0
-20.3703,28.5088,321.6,2023-08-26,2055,N,0
-20.366,28.533,353.8,2023-08-26,2055,N,0
-19.9727,29.2129,306.1,2023-08-26,2055,N,0
-17.8695,29.4838,310.3,2023-08-26,2333,N,0
-16.7031,29.6335,301.1,2023-08-26,2333,N,0
-17.0318,31.1423,301.5,2023-08-26,2333,N,0
-17.5375,30.6661,307.4,2023-08-26,2333,N,0
-17.5244,30.4028,308.0,2023-08-26,2333,N,0
-17.937,32.6955,302.8,2023-08-26,2333,N,0
-18.0655,31.2748,316.5,2023-08-26,2333,N,0
-16.4453,31.4696,308.1,2023-08-26,2333,N,0
-16.4468,31.4791,308.5,2023-08-26,2333,N,0
-16.1716,29.6289,306.7,2023-08-26,2333,N,0
-16.1735,29.6402,310.3,2023-08-26,2333,N,0
-16.465,29.3617,309.0,2023-08-26,2333,N,0
-16.4668,29.3729,302.6,2023-08-26,2333,N,0
-17.6881,30.7958,329.1,2023-08-26,2333,N,0
-17.8581,29.4746,312.0,2023-08-26,2333,N,0
-19.9635,32.9076,300.8,2023-08-26,2334,N,0
-19.9257,32.6437,301.9,2023-08-26,2334,N,0
-19.9243,32.634,303.3,2023-08-26,2334,N,0
-19.5222,30.1398,302.9,2023-08-26,2334,N,0
-19.4233,30.1536,306.1,2023-08-26,2334,N,0
-19.4218,30.1435,300.3,2023-08-26,2334,N,0
-19.3908,30.4796,302.3,2023-08-26,2334,N,0
-20.011,29.6089,320.6,2023-08-26,2334,N,0
-19.9693,29.2529,301.2,2023-08-26,2334,N,0
-20.224,30.8571,303.1,2023-08-26,2334,N,0
-20.361,28.5319,314.9,2023-08-26,2334,N,0
-20.3629,28.5434,303.9,2023-08-26,2334,N,0
-20.5596,29.5163,303.7,2023-08-26,2334,N,0
-19.1725,29.6746,300.9,2023-08-26,2334,N,0
-20.0348,30.5856,306.5,2023-08-26,2334,N,0
-19.9453,32.5855,311.0,2023-08-26,2334,N,0
-16.4671,29.3675,324.1,2023-08-27,747,D,0
-16.7959,30.2558,325.4,2023-08-27,747,D,0
-16.7973,30.2653,322.3,2023-08-27,747,D,0
-16.0214,30.6908,320.4,2023-08-27,747,D,0
-16.1773,30.6825,318.1,2023-08-27,747,D,0
-16.4564,32.0969,317.2,2023-08-27,747,D,0
-16.5347,32.1331,330.5,2023-08-27,747,D,0
-16.4508,31.476,321.4,2023-08-27,747,D,0
-16.4597,31.4746,322.8,2023-08-27,747,D,0
-16.433,30.9804,315.8,2023-08-27,747,D,0
-16.3208,29.739,335.7,2023-08-27,747,D,0
-16.3059,29.5193,334.8,2023-08-27,747,D,0
-16.761,32.5628,323.1,2023-08-27,747,D,0
-16.3304,29.5561,318.2,2023-08-27,747,D,0
-16.7701,32.5618,319.6,2023-08-27,747,D,0
-16.409,29.9557,315.4,2023-08-27,747,D,0
-16.6116,30.9406,313.7,2023-08-27,747,D,0
-16.4998,30.1274,324.8,2023-08-27,747,D,0
-16.5102,30.1355,319.8,2023-08-27,747,D,0
-16.4823,29.7105,314.7,2023-08-27,747,D,0
-16.66,30.8894,312.7,2023-08-27,747,D,0
-16.6613,30.8986,344.5,2023-08-27,747,D,0
-16.6627,30.9078,326.2,2023-08-27,747,D,0
-16.4656,29.3576,319.9,2023-08-27,747,D,0
-16.4687,29.3775,318.3,2023-08-27,747,D,0
-16.5801,30.1089,339.8,2023-08-27,747,D,0
-16.8531,31.9747,319.0,2023-08-27,747,D,0
-16.8545,31.984,315.8,2023-08-27,747,D,0
-16.7782,31.3888,319.3,2023-08-27,747,D,0
-16.7016,30.4875,319.4,2023-08-27,747,D,0
-16.703,30.4968,335.7,2023-08-27,747,D,0
-16.7587,30.6879,319.6,2023-08-27,747,D,0
-16.8758,31.0414,312.6,2023-08-27,747,D,0
-16.8658,30.7883,343.1,2023-08-27,747,D,0
-16.8672,30.7976,319.6,2023-08-27,747,D,0
-16.6593,29.3546,318.7,2023-08-27,747,D,0
-16.6608,29.3647,323.1,2023-08-27,747,D,0
-16.8747,30.7869,333.9,2023-08-27,747,D,0
-17.8974,29.4294,323.0,2023-08-27,748,D,0
-18.1203,30.4182,321.3,2023-08-27,748,D,0
-18.1251,30.3888,322.2,2023-08-27,748,D,0
-18.053,29.4778,327.5,2023-08-27,748,D,0
-18.391,30.1871,309.1,2023-08-27,748,D,0
-18.3924,30.1965,311.0,2023-08-27,748,D,0
-18.6618,27.9896,314.0,2023-08-27,748,D,0
-17.6239,30.8661,319.3,2023-08-27,748,D,0
-17.6589,31.1065,332.2,2023-08-27,748,D,0
-17.6084,30.4445,317.0,2023-08-27,748,D,0
-17.6098,30.4539,317.6,2023-08-27,748,D,0
-17.5,29.6655,316.4,2023-08-27,748,D,0
-17.6187,30.4525,322.3,2023-08-27,748,D,0
-17.9503,32.7192,316.9,2023-08-27,748,D,0
-18.0621,29.4763,331.5,2023-08-27,748,D,0
-16.8138,30.253,327.5,2023-08-27,748,D,0
-16.8208,30.2357,324.1,2023-08-27,748,D,0
-16.8222,30.2451,362.6,2023-08-27,748,D,0
-16.8237,30.2546,342.0,2023-08-27,748,D,0
-16.8251,30.264,358.4,2023-08-27,748,D,0
-16.8265,30.2734,334.8,2023-08-27,748,D,0
-16.8341,30.2626,328.6,2023-08-27,748,D,0
-17.0008,31.3926,316.4,2023-08-27,748,D,0
-16.8101,29.7386,344.9,2023-08-27,748,D,0
-18.2019,30.4083,325.7,2023-08-27,748,D,0
-16.8116,29.7483,328.1,2023-08-27,748,D,0
-17.1471,31.772,328.4,2023-08-27,748,D,0
-16.8374,29.6186,328.3,2023-08-27,748,D,0
-17.0046,30.7258,321.4,2023-08-27,748,D,0
-16.9525,30.1313,329.9,2023-08-27,748,D,0
-16.9613,29.642,321.4,2023-08-27,748,D,0
-16.9628,29.6517,337.2,2023-08-27,748,D,0
-18.3886,30.4235,350.9,2023-08-27,748,D,0
-18.3797,30.425,321.6,2023-08-27,748,D,0
-18.1934,29.3718,312.2,2023-08-27,748,D,0
-18.2033,30.4177,314.8,2023-08-27,748,D,0
-17.0998,30.562,314.3,2023-08-27,748,D,0
-17.09,30.3727,325.2,2023-08-27,748,D,0
-17.0914,30.382,313.8,2023-08-27,748,D,0
-17.2071,31.1693,344.1,2023-08-27,748,D,0
-17.08,29.8151,332.0,2023-08-27,748,D,0
-17.4975,32.1043,323.3,2023-08-27,748,D,0
-17.3336,30.8352,327.0,2023-08-27,748,D,0
-17.2675,30.2648,315.7,2023-08-27,748,D,0
-17.7039,31.5454,314.2,2023-08-27,748,D,0
-17.3257,30.2206,337.2,2023-08-27,748,D,0
-17.3271,30.23,323.7,2023-08-27,748,D,0
-17.3347,30.2192,327.0,2023-08-27,748,D,0
-17.6159,31.3842,314.2,2023-08-27,748,D,0
-17.5006,30.5312,328.2,2023-08-27,748,D,0
-18.3899,30.4329,315.1,2023-08-27,748,D,0
-17.5019,30.5405,323.1,2023-08-27,748,D,0
-17.6105,31.0856,368.2,2023-08-27,748,D,0
-17.6118,31.0949,360.0,2023-08-27,748,D,0
-18.0636,29.4861,324.3,2023-08-27,748,D,0
-17.668,30.4161,321.6,2023-08-27,748,D,0
-17.6771,29.08,314.1,2023-08-27,748,D,0
-17.8839,29.8834,318.7,2023-08-27,748,D,0
-17.8854,29.8929,310.5,2023-08-27,748,D,0
-17.8703,29.4901,313.6,2023-08-27,748,D,0
-17.3531,31.3218,327.0,2023-08-27,1145,D,0
-18.2704,29.9171,322.0,2023-08-27,1145,D,0
-18.0666,31.4735,316.1,2023-08-27,1145,D,0
-18.2592,29.9156,314.1,2023-08-27,1145,D,0
-18.2204,29.9565,314.5,2023-08-27,1145,D,0
-18.117,30.8569,316.5,2023-08-27,1145,D,0
-18.1964,29.7779,318.7,2023-08-27,1145,D,0
-17.8986,32.0681,328.1,2023-08-27,1145,D,0
-18.061,30.7965,315.6,2023-08-27,1145,D,0
-18.0626,30.7834,314.3,2023-08-27,1145,D,0
-18.0521,30.782,314.3,2023-08-27,1145,D,0
-17.9976,30.5651,330.6,2023-08-27,1145,D,0
-17.9993,30.5516,334.8,2023-08-27,1145,D,0
-17.7873,31.8945,328.5,2023-08-27,1145,D,0
-17.7887,31.8839,326.0,2023-08-27,1145,D,0
-18.0407,29.8381,318.2,2023-08-27,1145,D,0
-18.0617,29.475,316.7,2023-08-27,1145,D,0
-17.7646,31.2107,318.3,2023-08-27,1145,D,0
-17.7661,31.1988,331.0,2023-08-27,1145,D,0
-17.9211,29.7844,322.2,2023-08-27,1145,D,0
-17.9229,29.7692,325.7,2023-08-27,1145,D,0
-17.8236,30.4047,318.3,2023-08-27,1145,D,0
-17.8252,30.3909,316.0,2023-08-27,1145,D,0
-17.8129,30.4032,317.6,2023-08-27,1145,D,0
-17.8145,30.3894,340.3,2023-08-27,1145,D,0
-17.8162,30.3757,317.0,2023-08-27,1145,D,0
-17.6431,31.683,328.7,2023-08-27,1145,D,0
-17.7401,30.9373,320.5,2023-08-27,1145,D,0
-17.8098,30.3973,323.1,2023-08-27,1145,D,0
-17.8115,30.3836,328.5,2023-08-27,1145,D,0
-17.5828,31.5989,330.7,2023-08-27,1145,D,0
-17.5843,31.5872,322.4,2023-08-27,1145,D,0
-17.5096,32.0867,327.3,2023-08-27,1145,D,0
-17.4987,32.0961,327.0,2023-08-27,1145,D,0
-17.5015,32.0744,349.3,2023-08-27,1145,D,0
-17.5029,32.0635,344.0,2023-08-27,1145,D,0
-17.4937,32.0996,324.0,2023-08-27,1145,D,0
-17.4952,32.0888,335.3,2023-08-27,1145,D,0
-17.4966,32.078,335.3,2023-08-27,1145,D,0
-17.4981,32.0672,330.4,2023-08-27,1145,D,0
-17.6637,30.8163,323.0,2023-08-27,1145,D,0
-17.6192,31.0784,327.0,2023-08-27,1145,D,0
-17.7747,29.7678,314.5,2023-08-27,1145,D,0
-17.5988,31.0754,316.3,2023-08-27,1145,D,0
-17.6261,30.8628,320.1,2023-08-27,1145,D,0
-17.5737,30.9454,318.6,2023-08-27,1145,D,0
-17.5753,30.9325,318.9,2023-08-27,1145,D,0
-17.6451,30.3687,320.1,2023-08-27,1145,D,0
-17.4583,30.974,338.9,2023-08-27,1145,D,0
-17.4598,30.9618,318.6,2023-08-27,1145,D,0
-17.5284,30.4026,315.7,2023-08-27,1145,D,0
-17.4591,30.9802,324.2,2023-08-27,1145,D,0
-17.4607,30.9679,328.3,2023-08-27,1145,D,0
-17.5068,30.5299,324.7,2023-08-27,1145,D,0
-17.4959,30.4466,322.4,2023-08-27,1145,D,0
-17.4853,30.4451,333.6,2023-08-27,1145,D,0
-17.4869,30.4317,340.5,2023-08-27,1145,D,0
-17.3631,31.3231,320.8,2023-08-27,1145,D,0
-17.3646,31.3114,326.4,2023-08-27,1145,D,0
-17.3546,31.3099,350.6,2023-08-27,1145,D,0
-17.3561,31.2981,338.5,2023-08-27,1145,D,0
-17.3222,31.4835,316.0,2023-08-27,1145,D,0
-17.3275,31.2828,338.5,2023-08-27,1145,D,0
-17.3472,31.1263,333.7,2023-08-27,1145,D,0
-17.3487,31.1141,358.6,2023-08-27,1145,D,0
-17.3273,31.2892,322.9,2023-08-27,1145,D,0
-17.3288,31.2775,325.0,2023-08-27,1145,D,0
-17.3479,31.1332,317.2,2023-08-27,1145,D,0
-17.3495,31.121,344.3,2023-08-27,1145,D,0
-17.3511,31.1089,331.8,2023-08-27,1145,D,0
-17.2283,31.8098,320.1,2023-08-27,1145,D,0
-17.2297,31.7989,320.5,2023-08-27,1145,D,0
-17.267,31.5167,320.7,2023-08-27,1145,D,0
-17.2676,31.4348,333.5,2023-08-27,1145,D,0
-17.2691,31.4232,357.5,2023-08-27,1145,D,0
-17.2707,31.4115,328.3,2023-08-27,1145,D,0
-17.4722,29.818,317.9,2023-08-27,1145,D,0
-17.335,30.8306,315.7,2023-08-27,1145,D,0
-17.2458,31.2889,333.3,2023-08-27,1145,D,0
-17.3541,30.4212,325.4,2023-08-27,1145,D,0
-17.4752,29.4099,319.0,2023-08-27,1145,D,0
-17.4774,29.4033,317.0,2023-08-27,1145,D,0
-17.1623,31.7603,326.6,2023-08-27,1145,D,0
-17.21,31.1685,318.9,2023-08-27,1145,D,0
-17.1999,31.1673,332.1,2023-08-27,1145,D,0
-17.2014,31.1552,339.5,2023-08-27,1145,D,0
-17.0184,32.1514,319.3,2023-08-27,1145,D,0
-17.1373,31.2618,324.3,2023-08-27,1145,D,0
-17.1388,31.2502,335.1,2023-08-27,1145,D,0
-17.1273,31.2606,340.2,2023-08-27,1145,D,0
-17.1288,31.2488,337.7,2023-08-27,1145,D,0
-17.043,31.5197,320.4,2023-08-27,1145,D,0
-17.0445,31.5084,341.6,2023-08-27,1145,D,0
-17.046,31.4969,330.8,2023-08-27,1145,D,0
-17.1016,31.0623,330.4,2023-08-27,1145,D,0
-17.0376,31.4843,318.7,2023-08-27,1145,D,0
-17.039,31.473,326.7,2023-08-27,1145,D,0
-17.0733,31.2048,319.3,2023-08-27,1145,D,0
-17.0221,31.5106,318.1,2023-08-27,1145,D,0
-17.1416,30.5221,368.5,2023-08-27,1145,D,0
-17.0977,30.78,318.6,2023-08-27,1145,D,0
-17.0076,31.3922,318.5,2023-08-27,1145,D,0
-17.0874,30.7785,317.2,2023-08-27,1145,D,0
-17.0984,30.6094,322.4,2023-08-27,1145,D,0
-16.9529,31.5809,318.8,2023-08-27,1145,D,0
-17.1464,30.0511,320.9,2023-08-27,1145,D,0
-16.9431,31.5795,365.4,2023-08-27,1145,D,0
-16.9445,31.5683,328.6,2023-08-27,1145,D,0
-17.0967,30.3665,321.5,2023-08-27,1145,D,0
-17.1067,30.2853,331.0,2023-08-27,1145,D,0
-17.1084,30.2719,319.6,2023-08-27,1145,D,0
-17.1218,30.162,325.3,2023-08-27,1145,D,0
-17.1236,30.148,328.6,2023-08-27,1145,D,0
-17.0008,30.9681,345.6,2023-08-27,1145,D,0
-17.0023,30.956,382.8,2023-08-27,1145,D,0
-17.0038,30.9437,345.6,2023-08-27,1145,D,0
-17.1644,29.6217,321.2,2023-08-27,1145,D,0
-17.002,30.9751,327.9,2023-08-27,1145,D,0
-17.0036,30.9629,353.5,2023-08-27,1145,D,0
-17.0052,30.9507,361.0,2023-08-27,1145,D,0
-16.7781,32.5665,325.5,2023-08-27,1145,D,0
-16.8586,31.9754,318.9,2023-08-27,1145,D,0
-16.9934,30.9613,335.9,2023-08-27,1145,D,0
-16.995,30.9493,347.5,2023-08-27,1145,D,0
-17.1656,29.6166,322.7,2023-08-27,1145,D,0
-16.7688,32.5652,316.6,2023-08-27,1145,D,0
-16.9107,31.512,321.4,2023-08-27,1145,D,0
-17.044,30.4895,327.1,2023-08-27,1145,D,0
-17.0036,30.7217,319.2,2023-08-27,1145,D,0
-17.0369,30.4616,325.7,2023-08-27,1145,D,0
-16.8896,31.5206,320.7,2023-08-27,1145,D,0
-16.8911,31.5093,325.0,2023-08-27,1145,D,0
-16.9473,31.078,322.2,2023-08-27,1145,D,0
-16.9489,31.066,376.0,2023-08-27,1145,D,0
-16.9504,31.054,321.4,2023-08-27,1145,D,0
-16.9597,30.9816,323.2,2023-08-27,1145,D,0
-16.9613,30.9694,333.1,2023-08-27,1145,D,0
-16.9387,31.0647,346.7,2023-08-27,1145,D,0
-16.9496,30.9804,322.5,2023-08-27,1145,D,0
-16.9511,30.9682,336.4,2023-08-27,1145,D,0
-16.9527,30.956,330.3,2023-08-27,1145,D,0
-16.8883,31.298,315.9,2023-08-27,1145,D,0
-16.9283,30.9025,328.4,2023-08-27,1145,D,0
-16.8147,31.7139,337.5,2023-08-27,1145,D,0
-16.8161,31.7029,344.0,2023-08-27,1145,D,0
-16.8108,31.7181,328.9,2023-08-27,1145,D,0
-16.8123,31.7071,326.4,2023-08-27,1145,D,0
-16.8138,31.6961,325.5,2023-08-27,1145,D,0
-16.8152,31.6851,339.2,2023-08-27,1145,D,0
-16.8167,31.674,359.8,2023-08-27,1145,D,0
-16.8011,31.7168,327.3,2023-08-27,1145,D,0
-16.8026,31.7059,333.4,2023-08-27,1145,D,0
-16.8055,31.684,321.7,2023-08-27,1145,D,0
-16.807,31.6729,335.2,2023-08-27,1145,D,0
-16.8638,31.011,335.7,2023-08-27,1145,D,0
-16.8654,30.9988,326.3,2023-08-27,1145,D,0
-16.8906,30.8025,339.1,2023-08-27,1145,D,0
-16.8922,30.7901,326.3,2023-08-27,1145,D,0
-16.8939,30.7773,317.7,2023-08-27,1145,D,0
-16.8955,30.7645,323.1,2023-08-27,1145,D,0
-16.8537,31.0095,319.3,2023-08-27,1145,D,0
-16.8717,30.7867,323.2,2023-08-27,1145,D,0
-16.7433,31.6298,333.2,2023-08-27,1145,D,0
-16.7447,31.6186,339.7,2023-08-27,1145,D,0
-16.7462,31.6074,320.2,2023-08-27,1145,D,0
-16.8671,30.6565,345.0,2023-08-27,1145,D,0
-16.8687,30.6436,333.2,2023-08-27,1145,D,0
-16.7335,31.6284,331.3,2023-08-27,1145,D,0
-16.735,31.6172,337.1,2023-08-27,1145,D,0
-16.7364,31.606,326.2,2023-08-27,1145,D,0
-16.7324,31.6226,329.4,2023-08-27,1145,D,0
-16.7339,31.6114,325.8,2023-08-27,1145,D,0
-16.822,30.7095,318.7,2023-08-27,1145,D,0
-17.013,29.1847,321.8,2023-08-27,1145,D,0
-17.015,29.1682,325.3,2023-08-27,1145,D,0
-17.0035,29.1665,338.9,2023-08-27,1145,D,0
-17.0054,29.1501,321.9,2023-08-27,1145,D,0
-16.8254,30.2579,324.8,2023-08-27,1145,D,0
-16.8148,30.2564,349.1,2023-08-27,1145,D,0
-16.8164,30.2428,340.4,2023-08-27,1145,D,0
-16.8087,30.2627,333.4,2023-08-27,1145,D,0
-16.8104,30.2491,339.7,2023-08-27,1145,D,0
-16.8122,30.2356,345.2,2023-08-27,1145,D,0
-16.8139,30.2221,333.4,2023-08-27,1145,D,0
-16.8156,30.2086,376.4,2023-08-27,1145,D,0
-16.8174,30.1948,347.3,2023-08-27,1145,D,0
-16.7998,30.2476,327.1,2023-08-27,1145,D,0
-16.8015,30.2341,333.7,2023-08-27,1145,D,0
-16.8032,30.2207,330.7,2023-08-27,1145,D,0
-16.8049,30.2072,374.5,2023-08-27,1145,D,0
-16.8067,30.1935,327.5,2023-08-27,1145,D,0
-16.5428,32.1263,318.2,2023-08-27,1145,D,0
-16.7121,30.5166,319.2,2023-08-27,1145,D,0
-16.7137,30.5038,363.8,2023-08-27,1145,D,0
-16.7153,30.491,363.4,2023-08-27,1145,D,0
-16.7169,30.4781,319.6,2023-08-27,1145,D,0
-16.7048,30.4898,328.1,2023-08-27,1145,D,0
-16.7064,30.4765,346.9,2023-08-27,1145,D,0
-16.8391,29.3825,326.2,2023-08-27,1145,D,0
-16.8409,29.3669,326.4,2023-08-27,1145,D,0
-16.6407,30.9189,316.7,2023-08-27,1145,D,0
-16.6423,30.9065,326.5,2023-08-27,1145,D,0
-16.7604,29.9462,333.3,2023-08-27,1145,D,0
-16.7621,29.9323,330.1,2023-08-27,1145,D,0
-16.6434,30.9135,327.9,2023-08-27,1145,D,0
-16.6998,30.4835,326.1,2023-08-27,1145,D,0
-16.7016,30.4703,327.1,2023-08-27,1145,D,0
-16.8415,29.3778,328.0,2023-08-27,1145,D,0
-16.5576,31.4832,324.0,2023-08-27,1145,D,0
-16.7571,29.9548,324.1,2023-08-27,1145,D,0
-16.7589,29.9408,356.4,2023-08-27,1145,D,0
-16.7606,29.9269,324.6,2023-08-27,1145,D,0
-16.5764,31.2656,317.4,2023-08-27,1145,D,0
-16.578,31.254,340.9,2023-08-27,1145,D,0
-16.5795,31.2426,366.9,2023-08-27,1145,D,0
-16.581,31.2311,333.0,2023-08-27,1145,D,0
-16.748,29.9395,358.6,2023-08-27,1145,D,0
-16.4555,32.0971,321.1,2023-08-27,1145,D,0
-16.5665,31.2643,325.2,2023-08-27,1145,D,0
-16.568,31.2527,350.6,2023-08-27,1145,D,0
-16.5696,31.2412,359.8,2023-08-27,1145,D,0
-16.5711,31.2297,343.3,2023-08-27,1145,D,0
-16.5581,31.2514,345.7,2023-08-27,1145,D,0
-16.5596,31.2398,354.2,2023-08-27,1145,D,0
-16.5611,31.2282,336.0,2023-08-27,1145,D,0
-16.6139,30.8216,324.6,2023-08-27,1145,D,0
-16.6155,30.8092,353.8,2023-08-27,1145,D,0
-16.8251,29.1318,328.6,2023-08-27,1145,D,0
-16.5481,31.2501,320.1,2023-08-27,1145,D,0
-16.5497,31.2384,345.0,2023-08-27,1145,D,0
-16.5512,31.2268,340.4,2023-08-27,1145,D,0
-16.6608,30.3711,325.7,2023-08-27,1145,D,0
-16.6624,30.358,322.7,2023-08-27,1145,D,0
-16.7583,29.5858,335.9,2023-08-27,1145,D,0
-16.7601,29.5707,379.6,2023-08-27,1145,D,0
-16.762,29.5554,350.0,2023-08-27,1145,D,0
-16.8135,29.13,331.9,2023-08-27,1145,D,0
-16.7471,29.5843,329.2,2023-08-27,1145,D,0
-16.7489,29.5691,351.6,2023-08-27,1145,D,0
-16.7508,29.5539,319.8,2023-08-27,1145,D,0
-16.4988,31.4753,317.6,2023-08-27,1145,D,0
-16.5002,31.4641,349.9,2023-08-27,1145,D,0
-16.6832,30.0158,324.0,2023-08-27,1145,D,0
-16.6724,30.0141,325.3,2023-08-27,1145,D,0
-16.5311,30.9878,317.4,2023-08-27,1145,D,0
-16.4655,31.4067,319.6,2023-08-27,1145,D,0
-16.467,31.3954,337.7,2023-08-27,1145,D,0
-16.5211,30.9854,317.4,2023-08-27,1145,D,0
-16.5404,30.6769,332.0,2023-08-27,1145,D,0
-16.542,30.6643,343.2,2023-08-27,1145,D,0
-16.5975,30.0544,339.7,2023-08-27,1145,D,0
-16.5992,30.0406,321.0,2023-08-27,1145,D,0
-16.5016,30.735,319.6,2023-08-27,1145,D,0
-16.4309,30.9788,318.5,2023-08-27,1145,D,0
-16.5183,30.1355,324.0,2023-08-27,1145,D,0
-16.5076,30.1339,322.2,2023-08-27,1145,D,0
-16.4985,30.1188,326.2,2023-08-27,1145,D,0
-16.5356,29.6346,316.8,2023-08-27,1145,D,0
-16.5332,29.6421,317.9,2023-08-27,1145,D,0
-16.4535,30.0062,337.6,2023-08-27,1145,D,0
-16.5129,29.5332,319.6,2023-08-27,1145,D,0
-16.4374,30.0474,324.5,2023-08-27,1145,D,0
-16.4392,30.0329,323.6,2023-08-27,1145,D,0
-16.54,29.2201,330.9,2023-08-27,1145,D,0
-16.3676,30.4297,319.5,2023-08-27,1145,D,0
-16.4367,29.8762,321.6,2023-08-27,1145,D,0
-16.4384,29.8622,328.3,2023-08-27,1145,D,0
-16.4154,29.9594,319.8,2023-08-27,1145,D,0
-16.4189,29.931,352.5,2023-08-27,1145,D,0
-16.4205,29.9175,334.5,2023-08-27,1145,D,0
-16.4046,29.9574,320.5,2023-08-27,1145,D,0
-16.4639,29.3705,331.6,2023-08-27,1145,D,0
-16.4657,29.3557,351.2,2023-08-27,1145,D,0
-16.4658,29.366,343.7,2023-08-27,1145,D,0
-16.4677,29.3511,339.6,2023-08-27,1145,D,0
-16.4359,29.137,321.1,2023-08-27,1145,D,0
-16.2895,30.2418,324.0,2023-08-27,1145,D,0
-16.2912,30.2281,325.2,2023-08-27,1145,D,0
-16.2475,30.4071,321.9,2023-08-27,1145,D,0
-16.3305,29.7275,319.8,2023-08-27,1145,D,0
-16.341,29.6403,320.7,2023-08-27,1145,D,0
-16.2399,30.4125,324.6,2023-08-27,1145,D,0
-16.3271,29.7352,322.8,2023-08-27,1145,D,0
-16.3382,29.6481,322.4,2023-08-27,1145,D,0
-16.1696,30.7113,330.2,2023-08-27,1145,D,0
-16.1712,30.6989,338.7,2023-08-27,1145,D,0
-16.2236,30.0316,332.9,2023-08-27,1145,D,0
-16.2252,30.018,320.7,2023-08-27,1145,D,0
-16.1482,30.4656,327.1,2023-08-27,1145,D,0
-16.0717,30.9991,326.5,2023-08-27,1145,D,0
-16.1427,30.4594,321.9,2023-08-27,1145,D,0
-16.0862,30.732,322.6,2023-08-27,1145,D,0
-16.1043,30.4281,322.9,2023-08-27,1145,D,0
-16.0515,30.5113,326.9,2023-08-27,1145,D,0
-16.0431,30.5163,330.8,2023-08-27,1145,D,0
-17.6983,30.582,307.8,2023-08-27,1959,N,0
-17.7876,30.3488,313.5,2023-08-27,1959,N,0
-16.1662,29.6391,314.4,2023-08-27,1959,N,0
-16.1764,29.6406,307.5,2023-08-27,1959,N,0
-16.2798,29.711,309.8,2023-08-27,1959,N,0
-16.2752,30.2385,311.2,2023-08-27,1959,N,0
-16.2737,30.2505,315.9,2023-08-27,1959,N,0
-16.2894,30.2055,313.8,2023-08-27,1959,N,0
-16.2836,30.2516,312.7,2023-08-27,1959,N,0
-16.2822,30.2628,306.1,2023-08-27,1959,N,0
-16.2808,30.2739,305.8,2023-08-27,1959,N,0
-16.2794,30.2846,307.1,2023-08-27,1959,N,0
-16.278,30.2957,305.9,2023-08-27,1959,N,0
-16.4534,29.1338,307.1,2023-08-27,1959,N,0
-16.4518,29.1468,307.5,2023-08-27,1959,N,0
-16.4961,29.5278,318.7,2023-08-27,1959,N,0
-16.508,29.5168,302.6,2023-08-27,1959,N,0
-16.5064,29.5293,321.2,2023-08-27,1959,N,0
-16.5048,29.5418,310.1,2023-08-27,1959,N,0
-16.4517,29.9641,309.1,2023-08-27,1959,N,0
-16.5612,29.6573,316.9,2023-08-27,1959,N,0
-16.5118,30.1334,305.4,2023-08-27,1959,N,0
-16.5103,30.1451,301.3,2023-08-27,1959,N,0
-16.5395,29.9944,302.7,2023-08-27,1959,N,0
-16.538,30.0066,302.7,2023-08-27,1959,N,0
-16.4888,30.6473,301.8,2023-08-27,1959,N,0
-16.7081,29.2941,307.5,2023-08-27,1959,N,0
-16.7584,29.544,303.6,2023-08-27,1959,N,0
-16.6919,30.4696,301.2,2023-08-27,1959,N,0
-16.6937,30.4757,301.7,2023-08-27,1959,N,0
-16.9058,29.347,304.6,2023-08-27,1959,N,0
-16.708,30.898,305.5,2023-08-27,1959,N,0
-16.9229,30.186,307.2,2023-08-27,1959,N,0
-16.9689,30.0608,304.7,2023-08-27,1959,N,0
-17.1138,31.2307,310.6,2023-08-27,1959,N,0
-17.1218,31.2424,312.1,2023-08-27,1959,N,0
-17.1191,31.2629,306.1,2023-08-27,1959,N,0
-17.3843,29.9965,300.4,2023-08-27,1959,N,0
-17.4257,29.7514,301.1,2023-08-27,1959,N,0
-17.4454,30.1574,301.7,2023-08-27,1959,N,0
-17.4554,30.1588,304.9,2023-08-27,1959,N,0
-17.4539,30.1705,313.1,2023-08-27,1959,N,0
-17.419,30.7736,325.9,2023-08-27,1959,N,0
-17.4574,31.554,301.0,2023-08-27,1959,N,0
-16.7024,30.8637,310.0,2023-08-28,828,D,0
-16.7058,30.8999,310.9,2023-08-28,828,D,0
-17.4025,31.6453,309.1,2023-08-28,828,D,0
-17.3761,30.7903,312.8,2023-08-28,828,D,0
-17.3817,30.7848,311.7,2023-08-28,828,D,0
-17.3851,30.8232,312.7,2023-08-28,828,D,0
-18.4427,26.4155,324.5,2023-08-28,1226,D,0
-20.0912,31.0995,311.3,2023-08-28,1226,D,0
-19.8022,31.0177,312.4,2023-08-28,1226,D,0
-19.8019,31.0122,311.8,2023-08-28,1226,D,0
-20.1213,28.8483,316.4,2023-08-28,1226,D,0
-19.8651,30.056,309.9,2023-08-28,1226,D,0
-19.9064,29.1532,322.4,2023-08-28,1226,D,0
-19.8981,29.1366,324.7,2023-08-28,1226,D,0
-19.4051,31.0923,309.1,2023-08-28,1226,D,0
-19.4061,31.0874,309.2,2023-08-28,1226,D,0
-19.4692,30.0698,311.2,2023-08-28,1226,D,0
-19.2507,30.4351,312.5,2023-08-28,1226,D,0
-19.1523,30.9528,311.0,2023-08-28,1226,D,0
-19.2427,30.445,315.4,2023-08-28,1226,D,0
-19.1398,30.9502,328.1,2023-08-28,1226,D,0
-18.8103,31.5201,312.3,2023-08-28,1226,D,0
-18.8144,31.4979,322.0,2023-08-28,1226,D,0
-18.8496,29.5855,328.7,2023-08-28,1226,D,0
-18.8487,29.5951,323.8,2023-08-28,1226,D,0
-18.8514,29.5791,314.7,2023-08-28,1226,D,0
-18.6552,29.5783,315.1,2023-08-28,1226,D,0
-18.4523,30.5227,317.9,2023-08-28,1226,D,0
-18.4557,30.5039,328.5,2023-08-28,1226,D,0
-18.238,31.6159,316.8,2023-08-28,1226,D,0
-18.2424,31.5927,311.8,2023-08-28,1226,D,0
-18.4434,30.5015,321.3,2023-08-28,1226,D,0
-18.2315,31.6094,322.4,2023-08-28,1226,D,0
-18.3081,29.9192,315.5,2023-08-28,1226,D,0
-18.1422,30.7833,314.9,2023-08-28,1226,D,0
-18.1458,30.7635,313.9,2023-08-28,1226,D,0
-18.1753,29.7991,320.7,2023-08-28,1226,D,0
-18.1668,29.8095,319.8,2023-08-28,1226,D,0
-18.1863,29.557,321.1,2023-08-28,1226,D,0
-18.4444,26.4049,324.3,2023-08-28,1226,D,0
-17.6629,30.9494,320.9,2023-08-28,1226,D,0
-18.3749,26.4789,320.5,2023-08-28,1226,D,0
-17.4,31.4589,317.6,2023-08-28,1226,D,0
-17.3889,30.7919,313.9,2023-08-28,1226,D,0
-17.8334,27.4288,322.1,2023-08-28,1226,D,0
-16.7293,31.7084,327.2,2023-08-28,1227,D,0
-16.734,31.6835,316.6,2023-08-28,1227,D,0
-16.7401,31.7052,331.1,2023-08-28,1227,D,0
-16.7134,30.8745,317.1,2023-08-28,1227,D,0
-16.5259,29.6523,324.9,2023-08-28,1227,D,0
-16.7433,31.7111,317.3,2023-08-28,1227,D,0
-16.5291,29.6342,326.6,2023-08-28,1227,D,0
-16.5223,29.646,333.7,2023-08-28,1227,D,0
-17.1215,29.7668,319.2,2023-08-28,1227,D,0
-18.367,26.479,304.0,2023-08-28,2039,N,0
-16.7599,29.668,335.9,2023-08-29,731,D,0
-17.0144,31.1985,314.4,2023-08-29,731,D,0
-16.7541,29.6632,324.6,2023-08-29,731,D,0
-16.7659,29.6609,333.0,2023-08-29,731,D,0
-17.1635,31.6135,321.0,2023-08-29,731,D,0
-17.1655,31.6259,325.9,2023-08-29,731,D,0
-17.3706,31.8162,311.1,2023-08-29,731,D,0
-17.3354,30.2079,317.4,2023-08-29,731,D,0
-17.4657,30.9702,322.6,2023-08-29,731,D,0
-17.4248,30.5308,316.2,2023-08-29,731,D,0
-17.6576,31.3739,317.1,2023-08-29,731,D,0
-17.4998,30.3598,310.8,2023-08-29,731,D,0
-17.4812,30.1122,317.6,2023-08-29,731,D,0
-17.4794,30.1057,315.9,2023-08-29,731,D,0
-17.2732,28.2911,311.9,2023-08-29,731,D,0
-17.2706,28.2856,309.9,2023-08-29,731,D,0
-17.9591,30.544,313.0,2023-08-29,731,D,0
-17.9699,30.542,326.9,2023-08-29,731,D,0
-18.2628,31.2494,309.4,2023-08-29,731,D,0
-18.4657,31.9834,308.5,2023-08-29,731,D,0
-17.8517,31.4945,313.4,2023-08-29,731,D,0
-16.4588,29.8104,308.8,2023-08-29,731,D,0
-16.4997,29.7255,308.8,2023-08-29,731,D,0
-16.6751,30.3305,312.4,2023-08-29,731,D,0
-16.851,31.097,310.4,2023-08-29,731,D,0
-16.8533,31.1106,318.2,2023-08-29,731,D,0
-16.6174,29.3723,315.0,2023-08-29,731,D,0
-16.6205,29.3901,311.9,2023-08-29,731,D,0
-16.6239,29.3826,317.5,2023-08-29,731,D,0
-16.757,29.6509,328.2,2023-08-29,731,D,0
-18.2152,30.4184,334.2,2023-08-29,731,D,0
-18.2176,30.4327,323.8,2023-08-29,731,D,0
-18.764,30.5128,315.9,2023-08-29,732,D,0
-18.4604,28.9636,331.1,2023-08-29,732,D,0
-18.8377,29.7403,307.5,2023-08-29,732,D,0
-18.4636,28.9818,312.5,2023-08-29,732,D,0
-18.0512,30.3314,316.3,2023-08-29,1130,D,0
-19.7281,32.9171,312.5,2023-08-29,1130,D,0
-19.721,32.9261,316.0,2023-08-29,1130,D,0
-19.7095,29.7254,314.2,2023-08-29,1130,D,0
-19.718,29.4687,313.9,2023-08-29,1130,D,0
-19.7211,29.4355,311.4,2023-08-29,1130,D,0
-19.6942,29.7473,316.0,2023-08-29,1130,D,0
-19.6973,29.7167,315.7,2023-08-29,1130,D,0
-19.723,29.4616,318.7,2023-08-29,1130,D,0
-19.4477,30.6943,312.4,2023-08-29,1130,D,0
-19.4335,30.6928,313.2,2023-08-29,1130,D,0
-18.937,32.3032,323.7,2023-08-29,1130,D,0
-19.0907,30.3584,315.3,2023-08-29,1130,D,0
-19.0761,30.3566,314.0,2023-08-29,1130,D,0
-19.0788,30.3294,317.1,2023-08-29,1130,D,0
-19.0887,30.3507,317.6,2023-08-29,1130,D,0
-19.0742,30.349,317.8,2023-08-29,1130,D,0
-19.0726,29.6134,312.7,2023-08-29,1130,D,0
-18.6564,32.253,310.3,2023-08-29,1130,D,0
-18.6301,31.3128,368.2,2023-08-29,1130,D,0
-18.6325,31.2902,315.7,2023-08-29,1130,D,0
-18.6167,31.3113,327.1,2023-08-29,1130,D,0
-18.6187,31.3274,339.7,2023-08-29,1130,D,0
-18.6212,31.305,366.6,2023-08-29,1130,D,0
-18.4433,32.0765,322.0,2023-08-29,1130,D,0
-18.4407,32.0906,314.2,2023-08-29,1130,D,0
-18.443,32.0712,317.1,2023-08-29,1130,D,0
-18.5528,30.9859,311.4,2023-08-29,1130,D,0
-18.3609,30.4173,316.1,2023-08-29,1130,D,0
-18.3632,30.4899,317.1,2023-08-29,1130,D,0
-18.3576,30.41,315.5,2023-08-29,1130,D,0
-18.3101,30.1546,316.1,2023-08-29,1130,D,0
-18.0484,30.358,315.9,2023-08-29,1130,D,0
-17.9349,31.2761,318.4,2023-08-29,1130,D,0
-17.8588,31.4842,317.3,2023-08-29,1130,D,0
-17.9635,30.4803,335.2,2023-08-29,1130,D,0
-17.8611,31.4777,317.0,2023-08-29,1130,D,0
-17.9565,30.4986,323.5,2023-08-29,1130,D,0
-17.9593,30.4728,327.9,2023-08-29,1130,D,0
-17.976,30.041,317.3,2023-08-29,1130,D,0
-17.9872,29.6344,316.6,2023-08-29,1130,D,0
-17.9897,29.6302,316.3,2023-08-29,1130,D,0
-17.6183,31.8922,315.6,2023-08-29,1130,D,0
-17.7262,30.6881,321.4,2023-08-29,1130,D,0
-17.7247,30.4344,319.4,2023-08-29,1130,D,0
-17.6023,31.4546,318.7,2023-08-29,1130,D,0
-17.7355,30.4308,316.1,2023-08-29,1130,D,0
-17.5411,31.5488,321.1,2023-08-29,1130,D,0
-17.5422,30.5811,317.9,2023-08-29,1130,D,0
-17.545,30.5551,320.4,2023-08-29,1130,D,0
-17.5693,30.3259,318.9,2023-08-29,1130,D,0
-17.4081,31.5685,321.6,2023-08-29,1130,D,0
-17.4605,30.9567,318.7,2023-08-29,1130,D,0
-17.5377,30.5756,317.6,2023-08-29,1130,D,0
-17.4076,31.584,317.3,2023-08-29,1130,D,0
-17.41,31.564,316.4,2023-08-29,1130,D,0
-17.467,30.9526,319.1,2023-08-29,1130,D,0
-17.5039,30.3655,325.4,2023-08-29,1130,D,0
-17.4897,30.3638,323.2,2023-08-29,1130,D,0
-17.3093,31.4154,328.9,2023-08-29,1130,D,0
-17.2963,31.4134,332.0,2023-08-29,1130,D,0
-17.2987,31.3926,321.2,2023-08-29,1130,D,0
-17.238,31.6969,317.2,2023-08-29,1130,D,0
-17.2818,31.0597,314.7,2023-08-29,1130,D,0
-17.1953,31.7323,318.5,2023-08-29,1130,D,0
-17.2872,31.0553,317.4,2023-08-29,1130,D,0
-17.1957,31.7273,315.0,2023-08-29,1130,D,0
-17.268,30.162,315.5,2023-08-29,1130,D,0
-17.19,30.0701,318.6,2023-08-29,1130,D,0
-17.0937,30.6701,329.8,2023-08-29,1130,D,0
-17.0964,30.6456,343.8,2023-08-29,1130,D,0
-17.0092,31.1899,319.7,2023-08-29,1130,D,0
-16.909,31.858,320.5,2023-08-29,1130,D,0
-16.9051,31.8698,319.0,2023-08-29,1130,D,0
-17.0313,30.4058,337.4,2023-08-29,1130,D,0
-17.0341,30.3801,326.8,2023-08-29,1130,D,0
-16.5911,31.2175,335.6,2023-08-29,1130,D,0
-16.7498,29.6523,316.5,2023-08-29,1130,D,0
-16.6467,30.2095,318.8,2023-08-29,1130,D,0
-16.4543,29.4548,346.5,2023-08-29,1131,D,0
-16.4657,29.6244,320.4,2023-08-29,1131,D,0
-16.4009,30.2397,316.8,2023-08-29,1131,D,0
-16.4661,29.6315,317.2,2023-08-29,1131,D,0
-16.4552,29.4479,352.4,2023-08-29,1131,D,0
-16.3039,29.4532,319.8,2023-08-29,1131,D,0
-16.3014,29.4748,317.5,2023-08-29,1131,D,0
-16.3047,29.4461,315.0,2023-08-29,1131,D,0
-17.9442,30.5456,305.3,2023-08-29,1942,N,0
-18.4226,26.4265,301.9,2023-08-30,1,N,2
-16.9287,29.3849,333.9,2023-08-30,812,D,0
-17.1411,30.5876,325.7,2023-08-30,812,D,0
-17.1431,30.6048,312.8,2023-08-30,812,D,0
-17.0912,30.0627,336.9,2023-08-30,812,D,0
-17.3694,32.0269,313.5,2023-08-30,812,D,0
-17.1542,30.017,313.7,2023-08-30,812,D,0
-17.3505,31.4037,320.1,2023-08-30,812,D,0
-17.3528,31.4239,316.4,2023-08-30,812,D,0
-17.5071,30.96,315.4,2023-08-30,812,D,0
-17.3131,29.0565,314.3,2023-08-30,812,D,0
-17.628,30.8573,313.5,2023-08-30,812,D,0
-17.7578,31.7926,311.1,2023-08-30,812,D,0
-17.6549,30.4002,311.6,2023-08-30,812,D,0
-17.8049,31.3979,313.5,2023-08-30,812,D,0
-17.8523,29.3645,318.7,2023-08-30,812,D,0
-17.8632,29.3631,311.6,2023-08-30,812,D,0
-18.0101,30.4793,310.8,2023-08-30,812,D,0
-18.0038,30.4734,311.0,2023-08-30,812,D,0
-17.9081,27.7948,313.2,2023-08-30,812,D,0
-17.9096,27.8062,316.4,2023-08-30,812,D,0
-18.1247,26.3813,322.9,2023-08-30,812,D,0
-18.3674,26.4805,320.4,2023-08-30,812,D,0
-16.4919,29.6432,319.6,2023-08-30,812,D,0
-16.1088,30.8137,322.5,2023-08-30,812,D,0
-16.1784,30.8346,316.3,2023-08-30,812,D,0
-16.4672,29.5321,312.5,2023-08-30,812,D,0
-16.4689,29.546,317.0,2023-08-30,812,D,0
-16.4937,29.6577,317.3,2023-08-30,812,D,0
-16.7492,30.2585,346.0,2023-08-30,812,D,0
-16.7511,30.2743,324.0,2023-08-30,812,D,0
-16.9765,31.4308,321.8,2023-08-30,812,D,0
-16.9982,31.509,316.7,2023-08-30,812,D,0
-19.722,29.5201,311.4,2023-08-30,813,D,0
-19.1546,31.6014,333.0,2023-08-30,1211,D,0
-18.873,31.0712,317.1,2023-08-30,1211,D,0
-19.0605,30.54,334.7,2023-08-30,1211,D,0
-19.2583,29.8145,323.1,2023-08-30,1211,D,0
-19.3413,30.0529,325.1,2023-08-30,1211,D,0
-19.0036,32.1986,320.9,2023-08-30,1211,D,0
-19.1317,31.4896,321.1,2023-08-30,1211,D,0
-19.1561,31.5947,325.9,2023-08-30,1211,D,0
-19.1541,31.607,325.6,2023-08-30,1211,D,0
-20.1569,28.5542,323.6,2023-08-30,1211,D,2
-19.4627,31.0989,315.7,2023-08-30,1211,D,0
-19.4792,30.9965,328.7,2023-08-30,1211,D,0
-19.3241,30.628,353.4,2023-08-30,1211,D,0
-19.3259,30.6172,353.2,2023-08-30,1211,D,0
-17.407,30.93,330.3,2023-08-30,1212,D,0
-18.5313,31.6446,318.5,2023-08-30,1212,D,0
-18.4056,32.1986,318.9,2023-08-30,1212,D,0
-18.4774,31.7773,328.6,2023-08-30,1212,D,0
-18.6957,30.4509,329.5,2023-08-30,1212,D,0
-18.4802,31.7853,326.4,2023-08-30,1212,D,0
-18.4822,31.7726,321.6,2023-08-30,1212,D,0
-18.6931,30.4446,326.1,2023-08-30,1212,D,0
-18.6852,30.4322,324.8,2023-08-30,1212,D,0
-18.3899,32.204,342.3,2023-08-30,1212,D,0
-18.5667,30.471,320.9,2023-08-30,1212,D,0
-18.1994,32.5844,315.1,2023-08-30,1212,D,0
-18.5182,30.6529,320.5,2023-08-30,1212,D,0
-18.1613,32.6084,324.5,2023-08-30,1212,D,0
-18.1638,32.5937,316.3,2023-08-30,1212,D,0
-18.3945,31.2297,335.8,2023-08-30,1212,D,0
-18.1614,32.6027,327.8,2023-08-30,1212,D,0
-18.258,31.0599,333.3,2023-08-30,1212,D,0
-18.2599,31.0483,321.0,2023-08-30,1212,D,0
-18.1813,31.4643,323.3,2023-08-30,1212,D,0
-18.1834,31.452,319.0,2023-08-30,1212,D,0
-18.2481,31.0581,322.8,2023-08-30,1212,D,0
-18.533,29.0752,328.5,2023-08-30,1212,D,0
-18.1146,30.8675,318.4,2023-08-30,1212,D,0
-18.1085,30.8429,344.7,2023-08-30,1212,D,0
-18.019,31.0829,324.6,2023-08-30,1212,D,2
-17.9584,31.3303,324.4,2023-08-30,1212,D,0
-17.9604,31.318,336.7,2023-08-30,1212,D,0
-18.1416,29.6451,325.8,2023-08-30,1212,D,0
-17.7694,31.784,320.5,2023-08-30,1212,D,0
-17.8123,31.3993,362.6,2023-08-30,1212,D,0
-17.8143,31.3869,336.4,2023-08-30,1212,D,0
-17.8055,31.3926,341.5,2023-08-30,1212,D,0
-18.0141,29.8782,322.4,2023-08-30,1212,D,0
-17.7588,31.4224,320.4,2023-08-30,1212,D,0
-17.7668,31.3728,320.7,2023-08-30,1212,D,0
-17.841,30.7888,320.7,2023-08-30,1212,D,0
-17.7842,31.0764,320.5,2023-08-30,1212,D,0
-17.697,31.5408,320.4,2023-08-30,1212,D,0
-17.5904,31.9452,333.5,2023-08-30,1212,D,0
-17.5971,31.5812,321.8,2023-08-30,1212,D,0
-17.8163,29.7793,324.4,2023-08-30,1212,D,0
-17.6272,30.8443,325.6,2023-08-30,1212,D,0
-17.5185,31.3215,319.9,2023-08-30,1212,D,0
-17.6643,30.4057,321.3,2023-08-30,1212,D,0
-17.6053,30.7158,337.7,2023-08-30,1212,D,0
-17.6071,30.7045,322.7,2023-08-30,1212,D,0
-17.5937,30.7255,331.6,2023-08-30,1212,D,0
-17.5955,30.7141,325.3,2023-08-30,1212,D,0
-17.5858,30.7125,329.5,2023-08-30,1212,D,0
-17.4999,31.1794,317.0,2023-08-30,1212,D,0
-17.7519,29.5954,319.9,2023-08-30,1212,D,0
-17.7534,29.5853,319.4,2023-08-30,1212,D,0
-17.6726,29.9805,320.2,2023-08-30,1212,D,0
-17.5223,30.8546,320.8,2023-08-30,1212,D,0
-17.5212,30.8609,326.1,2023-08-30,1212,D,0
-17.4514,31.0419,319.6,2023-08-30,1212,D,0
-18.141,26.4215,330.4,2023-08-30,1212,D,0
-18.1424,26.4116,331.5,2023-08-30,1212,D,0
-18.1437,26.4018,326.5,2023-08-30,1212,D,0
-18.1451,26.392,323.9,2023-08-30,1212,D,0
-18.1305,26.43,325.0,2023-08-30,1212,D,0
-18.1319,26.4202,328.3,2023-08-30,1212,D,0
-18.1346,26.4005,342.8,2023-08-30,1212,D,0
-17.7093,29.2767,320.9,2023-08-30,1212,D,0
-18.1294,26.3696,329.1,2023-08-30,1212,D,0
-18.1202,26.3682,319.6,2023-08-30,1212,D,0
-17.3954,31.0696,325.5,2023-08-30,1212,D,0
-17.4189,30.9269,352.2,2023-08-30,1212,D,0
-17.4208,30.9153,348.8,2023-08-30,1212,D,0
-17.3943,31.0748,323.8,2023-08-30,1212,D,0
-17.417,30.9317,331.3,2023-08-30,1212,D,0
-17.4188,30.92,357.8,2023-08-30,1212,D,0
-17.2958,31.6225,323.9,2023-08-30,1212,D,0
-17.4089,30.9184,344.6,2023-08-30,1212,D,0
-17.37,31.0334,321.6,2023-08-30,1212,D,0
-17.2773,31.5392,329.6,2023-08-30,1212,D,0
-17.2706,31.1465,321.6,2023-08-30,1212,D,0
-17.2041,31.172,323.5,2023-08-30,1212,D,0
-17.2827,30.6296,330.7,2023-08-30,1212,D,0
-17.5019,29.0627,325.2,2023-08-30,1212,D,0
-17.4928,29.0611,321.1,2023-08-30,1212,D,0
-17.0367,31.8782,320.8,2023-08-30,1212,D,0
-17.3708,29.4488,326.7,2023-08-30,1212,D,0
-17.3616,29.4472,341.5,2023-08-30,1212,D,0
-17.1673,30.574,343.9,2023-08-30,1212,D,0
-17.1442,30.5931,326.6,2023-08-30,1212,D,0
-17.1848,30.3378,323.8,2023-08-30,1212,D,0
-17.1362,30.5801,348.7,2023-08-30,1212,D,0
-17.294,29.4561,330.6,2023-08-30,1212,D,0
-16.8063,31.8239,326.3,2023-08-30,1212,D,0
-16.9572,30.9218,322.7,2023-08-30,1212,D,0
-17.1559,29.685,321.9,2023-08-30,1212,D,0
-17.1575,29.6747,349.6,2023-08-30,1212,D,0
-17.0921,30.0651,325.3,2023-08-30,1212,D,0
-16.8964,31.2442,318.6,2023-08-30,1212,D,0
-17.0993,29.8929,320.8,2023-08-30,1212,D,0
-17.1154,29.7884,320.8,2023-08-30,1212,D,0
-16.8176,31.5989,322.7,2023-08-30,1212,D,0
-17.106,29.7869,320.8,2023-08-30,1212,D,0
-17.0029,30.259,319.5,2023-08-30,1212,D,0
-16.8601,30.9539,324.7,2023-08-30,1212,D,0
-16.764,31.4887,356.3,2023-08-30,1212,D,0
-16.7661,31.4757,322.2,2023-08-30,1212,D,0
-17.0339,29.7149,319.9,2023-08-30,1212,D,0
-17.0354,29.7046,367.1,2023-08-30,1212,D,0
-16.8329,30.8028,325.4,2023-08-30,1212,D,0
-17.089,29.169,335.4,2023-08-30,1212,D,0
-17.0905,29.1591,320.4,2023-08-30,1212,D,0
-17.1961,28.3337,324.7,2023-08-30,1212,D,0
-17.1405,28.4634,324.4,2023-08-30,1212,D,0
-17.1301,28.4713,328.7,2023-08-30,1212,D,0
-17.1315,28.4619,328.5,2023-08-30,1212,D,0
-17.0859,28.7068,320.7,2023-08-30,1212,D,0
-17.0287,28.9633,332.0,2023-08-30,1212,D,0
-17.0302,28.9536,321.4,2023-08-30,1212,D,0
-16.6578,31.1888,331.1,2023-08-30,1212,D,0
-16.6598,31.1764,325.4,2023-08-30,1212,D,0
-16.6497,31.1744,336.1,2023-08-30,1212,D,0
-16.7667,30.4572,328.8,2023-08-30,1212,D,0
-16.7515,30.4893,321.5,2023-08-30,1212,D,0
-16.8,30.1611,334.9,2023-08-30,1212,D,0
-16.7454,30.3204,319.8,2023-08-30,1212,D,0
-16.7524,30.2759,329.6,2023-08-30,1212,D,0
-16.7541,30.2651,328.8,2023-08-30,1212,D,0
-16.8499,29.6498,326.1,2023-08-30,1212,D,0
-16.5785,31.0414,326.8,2023-08-30,1212,D,0
-16.8206,29.5299,330.6,2023-08-30,1212,D,0
-16.7954,29.6302,325.8,2023-08-30,1212,D,0
-16.5695,31.0471,319.4,2023-08-30,1212,D,0
-16.5715,31.0348,320.5,2023-08-30,1212,D,0
-16.7912,29.6237,327.3,2023-08-30,1212,D,0
-16.7974,29.4579,328.6,2023-08-30,1212,D,0
-16.5308,31.0284,320.0,2023-08-30,1212,D,0
-16.4654,30.6665,317.5,2023-08-30,1212,D,0
-16.4555,30.6648,319.2,2023-08-30,1212,D,0
-16.477,30.3364,323.0,2023-08-30,1212,D,0
-16.3951,30.6612,324.9,2023-08-30,1212,D,0
-16.5031,29.7331,323.9,2023-08-30,1212,D,0
-16.4968,29.7361,320.1,2023-08-30,1212,D,0
-16.4983,29.7259,320.6,2023-08-30,1212,D,0
-16.4708,29.5299,323.3,2023-08-30,1212,D,0
-16.4725,29.4573,325.5,2023-08-30,1212,D,0
-16.4276,29.4648,322.0,2023-08-30,1212,D,0
-16.1828,30.8334,324.5,2023-08-30,1212,D,0
-16.1848,30.8213,323.4,2023-08-30,1212,D,0
-16.3155,29.7527,322.6,2023-08-30,1212,D,0
-16.1155,30.8023,325.4,2023-08-30,1212,D,0
-16.1419,30.6368,327.4,2023-08-30,1212,D,0
-18.6625,31.8384,319.2,2023-08-30,1212,D,0
-18.645,31.7112,321.9,2023-08-30,1212,D,0
-18.6471,31.6986,315.6,2023-08-30,1212,D,0
-18.6411,31.3562,331.8,2023-08-30,1212,D,0
-18.6399,31.3615,328.7,2023-08-30,1212,D,0
-18.558,31.5466,320.4,2023-08-30,1212,D,0
-18.5839,31.3883,331.7,2023-08-30,1212,D,0
-18.5859,31.3763,327.9,2023-08-30,1212,D,0
-18.29,30.2651,320.5,2023-08-30,2023,N,0
-18.2882,30.2763,305.5,2023-08-30,2023,N,0
-18.2149,31.0631,308.1,2023-08-30,2023,N,0
-17.1347,28.4718,302.9,2023-08-30,2023,N,0
-17.3697,29.4367,302.5,2023-08-30,2023,N,0
-17.7673,30.0691,301.8,2023-08-30,2023,N,0
-17.7354,30.7264,300.2,2023-08-30,2023,N,0
-18.8614,31.0572,307.1,2023-08-30,2023,N,0
-17.3591,31.9456,317.0,2023-08-31,715,D,0
-17.366,31.9376,318.3,2023-08-31,715,D,0
-17.3703,31.9608,313.3,2023-08-31,715,D,0
-17.0994,30.1078,312.2,2023-08-31,715,D,0
-18.0915,31.5202,310.0,2023-08-31,715,D,0
-19.191,31.2441,316.4,2023-08-31,1115,D,0
-18.105,32.8122,311.9,2023-08-31,1115,D,0
-19.1945,31.2074,318.3,2023-08-31,1115,D,0
-18.0998,32.8187,313.4,2023-08-31,1115,D,0
-18.624,31.5457,320.5,2023-08-31,1115,D,0
-18.63,31.5115,319.9,2023-08-31,1115,D,0
-19.1951,31.1998,315.5,2023-08-31,1115,D,0
-16.9594,30.9339,328.1,2023-08-31,1116,D,0
-16.8263,31.3649,319.2,2023-08-31,1116,D,0
-16.8223,31.4045,323.6,2023-08-31,1116,D,0
-16.8292,31.3732,321.1,2023-08-31,1116,D,0
-16.9643,30.8872,316.7,2023-08-31,1116,D,0
-16.96,30.9306,328.8,2023-08-31,1116,D,0
-16.8852,31.8409,320.0,2023-08-31,1116,D,0
-17.5231,31.9965,322.0,2023-08-31,1116,D,0
-17.5267,31.9597,326.4,2023-08-31,1116,D,0
-17.2509,30.8909,317.9,2023-08-31,1116,D,0
-17.2515,30.8832,315.7,2023-08-31,1116,D,0
-16.9633,30.8904,318.4,2023-08-31,1116,D,0
-19.3331,29.972,300.1,2023-08-31,2346,N,0
-19.3318,29.9622,309.9,2023-08-31,2346,N,0
-19.3423,29.9706,303.7,2023-08-31,2346,N,0
-16.4577,29.4279,303.9,2023-08-31,2346,N,0
-17.4409,31.5819,308.3,2023-08-31,2346,N,0
-18.2703,30.9233,318.8,2023-08-31,2346,N,0
-19.9624,29.0928,319.9,2023-08-31,2347,N,0
-19.9638,29.1024,311.0,2023-08-31,2347,N,0
-16.9885,29.1675,325.3,2023-09-01,755,D,0
-16.8259,28.9346,322.6,2023-09-01,755,D,0
-17.2005,31.4797,317.2,2023-09-01,755,D,0
-16.8715,29.0596,319.3,2023-09-01,755,D,0
-17.1519,30.9093,323.8,2023-09-01,755,D,0
-17.1533,30.9193,317.8,2023-09-01,755,D,0
-17.2334,31.5083,318.6,2023-09-01,755,D,0
-17.1611,30.908,319.1,2023-09-01,755,D,0
-17.211,31.2018,315.7,2023-09-01,755,D,0
-16.9872,29.1583,332.2,2023-09-01,755,D,0
-17.1927,30.3426,320.0,2023-09-01,755,D,0
-17.4374,31.587,323.2,2023-09-01,755,D,0
-17.0598,28.8386,318.6,2023-09-01,755,D,0
-17.413,31.008,315.0,2023-09-01,755,D,0
-17.5231,31.6132,321.0,2023-09-01,755,D,0
-17.4399,30.86,325.0,2023-09-01,755,D,0
-17.1383,28.4911,317.4,2023-09-01,755,D,0
-17.4752,30.8586,322.3,2023-09-01,755,D,0
-17.4765,30.8686,329.7,2023-09-01,755,D,0
-17.1528,28.2205,316.5,2023-09-01,755,D,0
-17.6713,31.7921,321.8,2023-09-01,755,D,0
-17.6082,31.0926,366.5,2023-09-01,755,D,0
-17.6095,31.1028,335.9,2023-09-01,755,D,0
-17.6175,31.0912,348.9,2023-09-01,755,D,0
-17.6189,31.1015,327.0,2023-09-01,755,D,0
-17.6236,30.9962,327.8,2023-09-01,755,D,0
-17.7624,32.0341,318.9,2023-09-01,755,D,0
-17.2961,28.4346,331.1,2023-09-01,755,D,0
-17.2975,28.444,322.8,2023-09-01,755,D,0
-17.6543,30.9644,333.4,2023-09-01,755,D,0
-17.6929,30.9692,335.6,2023-09-01,755,D,0
-17.6943,30.9794,359.1,2023-09-01,755,D,0
-17.7545,31.2132,323.7,2023-09-01,755,D,0
-17.4913,29.0715,320.2,2023-09-01,755,D,0
-17.8025,31.2431,315.9,2023-09-01,755,D,0
-17.8039,31.2536,322.1,2023-09-01,755,D,0
-17.7811,30.7345,322.7,2023-09-01,755,D,0
-17.8944,31.5689,317.4,2023-09-01,755,D,0
-17.9456,31.6334,318.6,2023-09-01,755,D,0
-17.8888,30.9185,319.6,2023-09-01,755,D,2
-17.8902,30.9287,321.6,2023-09-01,755,D,2
-16.0472,30.3123,321.5,2023-09-01,755,D,0
-16.0711,30.4822,323.2,2023-09-01,755,D,0
-16.3316,29.4617,321.8,2023-09-01,755,D,0
-16.4436,29.9258,321.9,2023-09-01,755,D,0
-16.4356,29.5433,325.8,2023-09-01,755,D,0
-16.4369,29.5525,321.2,2023-09-01,755,D,0
-16.4374,29.4302,323.2,2023-09-01,755,D,0
-16.4463,29.4289,350.0,2023-09-01,755,D,0
-16.4476,29.4381,323.7,2023-09-01,755,D,0
-16.6248,30.163,321.5,2023-09-01,755,D,0
-16.7244,30.8844,322.9,2023-09-01,755,D,0
-16.8219,30.9251,315.7,2023-09-01,755,D,0
-16.9201,31.2305,319.8,2023-09-01,755,D,0
-16.8182,30.2957,322.1,2023-09-01,755,D,0
-16.8195,30.3053,326.1,2023-09-01,755,D,0
-17.0217,31.737,317.5,2023-09-01,755,D,0
-16.7766,29.614,319.4,2023-09-01,755,D,0
-16.8493,30.0598,319.6,2023-09-01,755,D,0
-16.8876,30.266,327.7,2023-09-01,755,D,0
-16.8889,30.2755,321.9,2023-09-01,755,D,0
-16.7793,29.4439,331.1,2023-09-01,755,D,0
-16.7944,29.1627,324.8,2023-09-01,755,D,0
-16.9962,30.4491,321.0,2023-09-01,755,D,0
-16.8165,29.0651,331.1,2023-09-01,755,D,0
-16.9513,30.0003,318.5,2023-09-01,755,D,0
-16.8157,28.9268,320.3,2023-09-01,755,D,0
-16.8246,28.9254,333.3,2023-09-01,755,D,0
-18.1981,30.0276,322.2,2023-09-01,756,D,0
-17.925,29.8535,318.3,2023-09-01,756,D,0
-18.0302,29.748,317.9,2023-09-01,756,D,0
-18.3006,31.3912,320.6,2023-09-01,756,D,0
-18.2148,30.2818,326.3,2023-09-01,756,D,0
-20.1139,29.2488,318.4,2023-09-01,756,D,0
-19.9633,29.0932,316.5,2023-09-01,756,D,0
-19.909,29.1663,337.4,2023-09-01,756,D,0
-19.9076,29.1568,334.6,2023-09-01,756,D,0
-20.2709,32.8286,319.8,2023-09-01,756,D,0
-20.2692,32.8143,348.9,2023-09-01,756,D,0
-20.2662,32.8211,341.0,2023-09-01,756,D,0
-20.2644,32.8069,321.8,2023-09-01,756,D,0
-19.9982,31.5123,319.5,2023-09-01,756,D,0
-19.5139,28.9153,317.6,2023-09-01,756,D,0
-19.4801,29.7185,335.4,2023-09-01,756,D,0
-18.1994,30.0372,342.1,2023-09-01,756,D,0
-18.2128,29.7369,324.5,2023-09-01,756,D,0
-18.3211,30.3195,320.1,2023-09-01,756,D,0
-18.485,30.7792,319.6,2023-09-01,756,D,0
-18.671,32.1239,314.8,2023-09-01,756,D,0
-18.6282,31.5631,318.0,2023-09-01,756,D,0
-18.5936,30.0917,326.0,2023-09-01,756,D,0
-18.863,31.3308,315.5,2023-09-01,756,D,0
-18.3694,26.4806,324.1,2023-09-01,756,D,0
-19.042,30.1433,318.8,2023-09-01,756,D,0
-19.4788,29.7088,339.4,2023-09-01,756,D,0
-19.3396,30.5826,317.4,2023-09-01,756,D,0
-19.1567,29.1204,318.7,2023-09-01,756,D,0
-19.3405,29.9701,319.9,2023-09-01,756,D,0
-19.348,29.9625,341.4,2023-09-01,756,D,0
-19.3494,29.9723,338.9,2023-09-01,756,D,0
-19.8115,32.9,314.3,2023-09-01,756,D,0
-19.617,31.0026,335.2,2023-09-01,756,D,0
-17.8781,29.7159,317.8,2023-09-01,756,D,0
-17.9237,29.844,330.3,2023-09-01,756,D,0
-20.7612,31.8613,328.3,2023-09-01,1156,D,0
-20.7625,31.8518,332.8,2023-09-01,1156,D,0
-21.029,31.4031,345.5,2023-09-01,1156,D,0
-20.8679,32.3977,332.0,2023-09-01,1156,D,0
-18.8806,30.5854,323.0,2023-09-01,1157,D,0
-20.96,29.0491,327.9,2023-09-01,1157,D,0
-20.3601,32.6621,332.2,2023-09-01,1157,D,0
-20.3615,32.6526,328.3,2023-09-01,1157,D,0
-20.3511,32.6606,336.2,2023-09-01,1157,D,0
-20.3016,32.6229,325.3,2023-09-01,1157,D,0
-20.303,32.6133,343.6,2023-09-01,1157,D,0
-20.2996,32.567,335.0,2023-09-01,1157,D,0
-20.301,32.5575,326.3,2023-09-01,1157,D,0
-20.2893,32.575,340.8,2023-09-01,1157,D,0
-20.2213,32.8478,331.6,2023-09-01,1157,D,0
-20.1792,32.6387,347.1,2023-09-01,1157,D,0
-20.1612,31.5559,322.9,2023-09-01,1157,D,0
-19.9886,32.6819,323.1,2023-09-01,1157,D,0
-19.99,32.6724,324.6,2023-09-01,1157,D,0
-20.1868,31.1786,323.2,2023-09-01,1157,D,0
-20.2328,30.8481,349.5,2023-09-01,1157,D,0
-20.1663,30.861,345.5,2023-09-01,1157,D,0
-20.1677,30.8512,323.1,2023-09-01,1157,D,0
-20.0912,30.541,329.9,2023-09-01,1157,D,0
-20.1452,30.0712,338.9,2023-09-01,1157,D,0
-20.1466,30.0609,330.8,2023-09-01,1157,D,0
-19.9564,30.4567,327.8,2023-09-01,1157,D,0
-20.022,29.7625,326.2,2023-09-01,1157,D,0
-20.0234,29.7518,325.1,2023-09-01,1157,D,0
-20.0024,29.6174,347.9,2023-09-01,1157,D,0
-20.0038,29.6066,373.0,2023-09-01,1157,D,0
-20.0052,29.5958,332.0,2023-09-01,1157,D,0
-19.9943,29.6052,351.6,2023-09-01,1157,D,0
-19.7331,31.0659,326.1,2023-09-01,1157,D,0
-19.7344,31.0563,328.2,2023-09-01,1157,D,0
-19.9837,29.2023,330.9,2023-09-01,1157,D,0
-19.7241,31.0645,349.1,2023-09-01,1157,D,0
-19.971,29.2236,330.4,2023-09-01,1157,D,0
-19.9725,29.2122,340.7,2023-09-01,1157,D,0
-19.9739,29.2009,342.1,2023-09-01,1157,D,0
-19.715,31.0631,352.2,2023-09-01,1157,D,0
-19.7164,31.0535,333.0,2023-09-01,1157,D,0
-19.9627,29.2108,351.5,2023-09-01,1157,D,0
-19.9642,29.1995,344.5,2023-09-01,1157,D,0
-19.953,29.2094,391.5,2023-09-01,1157,D,0
-19.9545,29.1981,407.5,2023-09-01,1157,D,0
-19.9591,29.083,325.7,2023-09-01,1157,D,0
-19.9285,29.1543,325.5,2023-09-01,1157,D,0
-19.9173,29.1643,344.5,2023-09-01,1157,D,0
-19.9188,29.1529,326.5,2023-09-01,1157,D,0
-19.8176,29.3715,325.5,2023-09-01,1157,D,0
-19.5724,31.0971,337.2,2023-09-01,1157,D,0
-19.5737,31.0876,342.1,2023-09-01,1157,D,0
-19.5002,31.5418,325.9,2023-09-01,1157,D,0
-19.5634,31.0957,336.3,2023-09-01,1157,D,0
-19.5647,31.0862,355.3,2023-09-01,1157,D,0
-19.723,29.9351,326.3,2023-09-01,1157,D,0
-19.6175,30.4369,324.4,2023-09-01,1157,D,0
-19.653,30.1028,324.4,2023-09-01,1157,D,0
-19.6438,30.1014,353.0,2023-09-01,1157,D,0
-19.6431,29.9918,325.6,2023-09-01,1157,D,0
-19.2307,32.7601,326.4,2023-09-01,1157,D,0
-19.5884,30.0457,321.6,2023-09-01,1157,D,0
-19.5782,29.9078,321.1,2023-09-01,1157,D,0
-19.5796,29.8974,322.1,2023-09-01,1157,D,0
-19.3878,31.0361,325.2,2023-09-01,1157,D,0
-19.3892,31.0265,374.2,2023-09-01,1157,D,0
-19.3905,31.017,363.7,2023-09-01,1157,D,0
-19.5772,29.3573,325.4,2023-09-01,1157,D,0
-19.5787,29.3463,331.5,2023-09-01,1157,D,0
-19.5676,29.3559,335.2,2023-09-01,1157,D,0
-19.5691,29.3449,337.6,2023-09-01,1157,D,0
-19.176,32.1317,340.0,2023-09-01,1157,D,0
-19.1842,32.0752,327.9,2023-09-01,1157,D,0
-19.5092,29.731,331.2,2023-09-01,1157,D,0
-19.3208,31.0588,327.4,2023-09-01,1157,D,0
-19.3222,31.0492,325.7,2023-09-01,1157,D,0
-19.5037,29.7354,329.2,2023-09-01,1157,D,0
-19.5052,29.7248,324.1,2023-09-01,1157,D,0
-19.3118,31.0573,360.1,2023-09-01,1157,D,0
-19.3132,31.0478,380.0,2023-09-01,1157,D,0
-19.2113,31.6987,332.2,2023-09-01,1157,D,0
-19.1245,32.2333,331.0,2023-09-01,1157,D,0
-19.201,31.7066,338.9,2023-09-01,1157,D,0
-19.2024,31.6972,338.9,2023-09-01,1157,D,0
-19.0776,32.3027,330.9,2023-09-01,1157,D,0
-19.3856,30.1178,330.5,2023-09-01,1157,D,0
-19.3523,29.9603,337.5,2023-09-01,1157,D,0
-19.3537,29.95,333.2,2023-09-01,1157,D,0
-19.3807,29.6779,325.4,2023-09-01,1157,D,0
-19.2268,30.6736,324.9,2023-09-01,1157,D,0
-18.9833,32.2515,325.8,2023-09-01,1157,D,0
-19.2914,29.7344,329.8,2023-09-01,1157,D,0
-19.2928,29.7239,335.2,2023-09-01,1157,D,0
-19.0748,31.173,323.5,2023-09-01,1157,D,0
-19.0225,31.3482,325.8,2023-09-01,1157,D,0
-19.1713,30.1485,322.6,2023-09-01,1157,D,0
-18.8287,32.4851,332.0,2023-09-01,1157,D,0
-18.8324,32.3982,335.0,2023-09-01,1157,D,0
-18.8338,32.3887,338.0,2023-09-01,1157,D,0
-18.9866,31.3359,338.6,2023-09-01,1157,D,0
-18.9776,31.3345,333.5,2023-09-01,1157,D,0
-18.8679,31.5899,333.6,2023-09-01,1157,D,0
-19.1169,29.7383,328.8,2023-09-01,1157,D,0
-19.1183,29.7278,341.3,2023-09-01,1157,D,0
-19.01,30.4527,325.3,2023-09-01,1157,D,0
-19.0113,30.4428,334.8,2023-09-01,1157,D,0
-19.0127,30.433,325.0,2023-09-01,1157,D,0
-19.0522,30.1453,328.4,2023-09-01,1157,D,0
-19.4315,27.2078,345.7,2023-09-01,1157,D,0
-19.043,30.1438,326.5,2023-09-01,1157,D,0
-18.6602,32.7539,328.2,2023-09-01,1157,D,0
-18.9107,30.9015,326.8,2023-09-01,1157,D,0
-18.9794,30.2666,336.3,2023-09-01,1157,D,0
-18.9709,30.2687,331.3,2023-09-01,1157,D,0
-18.9617,30.2673,322.2,2023-09-01,1157,D,0
-18.9254,30.4628,322.5,2023-09-01,1157,D,0
-18.9267,30.453,325.0,2023-09-01,1157,D,0
-18.9811,29.8481,326.6,2023-09-01,1157,D,0
-18.8491,30.6793,326.3,2023-09-01,1157,D,0
-18.8504,30.6697,322.9,2023-09-01,1157,D,0
-18.9505,29.8643,323.0,2023-09-01,1157,D,0
-18.8483,30.5505,325.0,2023-09-01,1157,D,0
-18.9576,29.7391,361.8,2023-09-01,1157,D,0
-18.9589,29.7286,378.8,2023-09-01,1157,D,0
-18.8386,30.5632,326.1,2023-09-01,1157,D,0
-18.8399,30.5535,349.2,2023-09-01,1157,D,0
-18.9531,29.7329,375.0,2023-09-01,1157,D,0
-18.9545,29.7225,330.1,2023-09-01,1157,D,0
-18.8423,29.8671,338.7,2023-09-01,1157,D,0
-18.8437,29.8569,344.5,2023-09-01,1157,D,0
-18.8344,29.8555,323.1,2023-09-01,1157,D,0
-18.6871,30.7205,332.4,2023-09-01,1157,D,0
-18.3929,32.5038,324.6,2023-09-01,1157,D,0
-18.7087,30.2263,331.8,2023-09-01,1157,D,0
-18.6819,30.3676,326.9,2023-09-01,1157,D,0
-18.7011,30.2297,338.7,2023-09-01,1157,D,0
-18.7024,30.2198,334.3,2023-09-01,1157,D,0
-18.5927,30.8076,326.0,2023-09-01,1157,D,0
-18.5941,30.798,328.7,2023-09-01,1157,D,0
-18.5111,30.7297,324.2,2023-09-01,1157,D,0
-18.5785,30.2447,324.9,2023-09-01,1157,D,0
-18.599,30.096,328.2,2023-09-01,1157,D,0
-18.6003,30.086,351.0,2023-09-01,1157,D,0
-18.5911,30.0846,331.1,2023-09-01,1157,D,0
-18.4397,31.1063,332.0,2023-09-01,1157,D,0
-18.4431,30.9524,327.2,2023-09-01,1157,D,0
-18.5125,30.4543,325.0,2023-09-01,1157,D,0
-18.5138,30.4446,337.6,2023-09-01,1157,D,0
-18.5568,30.1302,327.0,2023-09-01,1157,D,0
-18.3692,31.3447,321.4,2023-09-01,1157,D,0
-18.3706,31.3353,344.9,2023-09-01,1157,D,0
-18.5023,30.3931,322.6,2023-09-01,1157,D,0
-18.2477,32.056,344.5,2023-09-01,1157,D,0
-18.2491,32.0466,333.2,2023-09-01,1157,D,0
-18.4783,30.4433,343.7,2023-09-01,1157,D,0
-18.4705,30.4322,340.7,2023-09-01,1157,D,0
-18.4719,30.4225,354.4,2023-09-01,1157,D,0
-18.4732,30.4128,371.5,2023-09-01,1157,D,0
-18.451,30.4391,330.3,2023-09-01,1157,D,0
-18.2989,31.4521,322.0,2023-09-01,1157,D,0
-18.29,31.4507,321.8,2023-09-01,1157,D,0
-18.4329,30.4363,343.3,2023-09-01,1157,D,0
-18.7642,27.3384,330.9,2023-09-01,1157,D,0
-18.4405,29.7716,365.2,2023-09-01,1157,D,0
-18.4419,29.7614,328.4,2023-09-01,1157,D,0
-18.4516,29.6896,339.5,2023-09-01,1157,D,0
-18.4529,29.6793,337.1,2023-09-01,1157,D,0
-18.5051,29.2148,328.5,2023-09-01,1157,D,0
-18.5146,28.9145,348.9,2023-09-01,1157,D,0
-18.3199,30.3272,330.2,2023-09-01,1157,D,0
-18.3212,30.3175,326.7,2023-09-01,1157,D,0
-18.5118,28.9199,331.4,2023-09-01,1157,D,0
-18.5133,28.9087,327.2,2023-09-01,1157,D,0
-18.1227,31.6502,339.6,2023-09-01,1157,D,0
-18.124,31.6409,328.8,2023-09-01,1157,D,0
-18.2878,30.4906,338.4,2023-09-01,1157,D,0
-18.2891,30.481,326.0,2023-09-01,1157,D,0
-18.3121,30.3161,325.2,2023-09-01,1157,D,0
-18.4713,29.1493,325.0,2023-09-01,1157,D,0
-18.2888,30.2826,327.7,2023-09-01,1157,D,0
-18.28,30.2112,335.5,2023-09-01,1157,D,0
-18.2814,30.2014,328.5,2023-09-01,1157,D,0
-18.4521,28.9225,324.3,2023-09-01,1157,D,0
-18.2039,30.3625,348.1,2023-09-01,1157,D,0
-18.216,30.2749,325.2,2023-09-01,1157,D,0
-17.9538,32.0469,328.1,2023-09-01,1157,D,0
-17.9552,32.0375,327.8,2023-09-01,1157,D,0
-17.9695,31.7526,331.5,2023-09-01,1157,D,0
-18.5456,27.4513,328.5,2023-09-01,1157,D,0
-17.9606,31.7511,328.8,2023-09-01,1157,D,0
-18.0998,30.7773,327.2,2023-09-01,1157,D,0
-18.0935,30.757,330.7,2023-09-01,1157,D,0
-17.9423,31.5612,324.3,2023-09-01,1157,D,0
-18.3169,28.8565,325.3,2023-09-01,1157,D,0
-17.8886,31.8675,323.9,2023-09-01,1157,D,0
-17.89,31.8582,330.6,2023-09-01,1157,D,0
-18.1993,29.5921,341.0,2023-09-01,1157,D,0
-18.2007,29.5818,334.8,2023-09-01,1157,D,0
-18.0069,30.8538,357.2,2023-09-01,1157,D,0
-18.0775,30.3473,328.1,2023-09-01,1157,D,0
-18.0788,30.3376,329.7,2023-09-01,1157,D,0
-18.1682,29.6817,327.6,2023-09-01,1157,D,0
-17.9979,30.8524,337.4,2023-09-01,1157,D,0
-17.7716,32.0336,345.6,2023-09-01,1157,D,0
-17.7729,32.0243,343.5,2023-09-01,1157,D,0
-18.0354,29.8413,346.8,2023-09-01,1157,D,0
-18.0368,29.8312,329.9,2023-09-01,1157,D,0
-18.0626,29.6385,328.5,2023-09-01,1157,D,0
-17.8037,31.4373,326.5,2023-09-01,1157,D,0
-17.7838,31.4473,357.1,2023-09-01,1157,D,0
-17.7851,31.438,348.1,2023-09-01,1157,D,0
-17.7762,31.4366,328.5,2023-09-01,1157,D,0
-17.6706,31.7245,323.4,2023-09-01,1157,D,0
-17.9139,29.8002,324.1,2023-09-01,1157,D,0
-17.7765,30.7219,324.7,2023-09-01,1157,D,0
-17.9047,29.7989,331.7,2023-09-01,1157,D,0
-17.8954,29.7975,329.4,2023-09-01,1157,D,0
-17.8968,29.7875,324.1,2023-09-01,1157,D,0
-17.7935,30.4033,324.7,2023-09-01,1157,D,0
-17.7948,30.3937,324.1,2023-09-01,1157,D,0
-17.8178,30.1598,348.8,2023-09-01,1157,D,0
-17.8191,30.15,324.4,2023-09-01,1157,D,0
-17.8259,29.637,330.4,2023-09-01,1157,D,0
-17.6113,31.1124,329.8,2023-09-01,1157,D,0
-17.6127,31.103,327.4,2023-09-01,1157,D,0
-17.6153,31.0844,329.8,2023-09-01,1157,D,0
-17.4343,32.2013,323.8,2023-09-01,1157,D,0
-17.498,31.7703,341.9,2023-09-01,1157,D,0
-17.4993,31.761,327.8,2023-09-01,1157,D,0
-17.489,31.7689,335.6,2023-09-01,1157,D,0
-17.4904,31.7596,332.3,2023-09-01,1157,D,0
-17.7997,29.5498,332.0,2023-09-01,1157,D,0
-17.7876,29.5689,323.4,2023-09-01,1157,D,0
-17.789,29.5586,330.8,2023-09-01,1157,D,0
-17.7903,29.5484,341.2,2023-09-01,1157,D,0
-17.5801,30.9385,323.8,2023-09-01,1157,D,0
-17.5814,30.9291,352.2,2023-09-01,1157,D,0
-17.5828,30.9197,323.5,2023-09-01,1157,D,0
-17.5565,31.0399,331.1,2023-09-01,1157,D,0
-17.5605,31.0118,327.7,2023-09-01,1157,D,0
-17.5475,31.0385,328.3,2023-09-01,1157,D,0
-17.5489,31.0292,324.7,2023-09-01,1157,D,0
-17.7546,29.4102,325.4,2023-09-01,1157,D,0
-17.4417,31.5831,327.4,2023-09-01,1157,D,0
-17.4431,31.5738,357.1,2023-09-01,1157,D,0
-17.4444,31.5645,327.2,2023-09-01,1157,D,0
-17.755,29.336,327.5,2023-09-01,1157,D,0
-17.541,30.827,344.0,2023-09-01,1157,D,0
-17.4883,31.134,331.5,2023-09-01,1157,D,0
-17.4896,31.1247,324.6,2023-09-01,1157,D,0
-17.7127,29.5092,331.5,2023-09-01,1157,D,0
-17.434,31.1292,332.5,2023-09-01,1157,D,0
-17.4713,30.8678,355.4,2023-09-01,1157,D,0
-17.4623,30.8664,328.3,2023-09-01,1157,D,0
-17.5684,29.9034,328.7,2023-09-01,1157,D,0
-17.3924,30.9637,326.0,2023-09-01,1157,D,0
-17.5157,30.0894,355.8,2023-09-01,1157,D,0
-17.517,30.0797,328.7,2023-09-01,1157,D,0
-17.1003,32.8263,328.3,2023-09-01,1157,D,0
-17.3497,30.8136,326.4,2023-09-01,1157,D,0
-17.4492,30.0991,337.3,2023-09-01,1157,D,0
-17.3408,30.8123,324.1,2023-09-01,1157,D,0
-17.3421,30.8029,329.1,2023-09-01,1157,D,0
-17.4507,30.0197,328.6,2023-09-01,1157,D,0
-17.4521,30.0099,325.9,2023-09-01,1157,D,0
-17.4442,30.0131,325.1,2023-09-01,1157,D,0
-17.3601,30.4818,358.2,2023-09-01,1157,D,0
-17.3615,30.4723,332.7,2023-09-01,1157,D,0
-17.3511,30.4804,327.3,2023-09-01,1157,D,0
-17.3524,30.4709,328.6,2023-09-01,1157,D,0
-17.1334,31.8684,326.1,2023-09-01,1157,D,0
-17.1347,31.8591,329.0,2023-09-01,1157,D,0
-17.1217,31.8856,328.5,2023-09-01,1157,D,0
-17.0969,31.9295,327.1,2023-09-01,1157,D,0
-17.3474,30.1078,325.1,2023-09-01,1157,D,0
-17.4872,29.0638,325.6,2023-09-01,1157,D,0
-17.3776,29.6217,326.7,2023-09-01,1157,D,0
-17.379,29.6116,327.3,2023-09-01,1157,D,0
-17.2231,30.6666,326.2,2023-09-01,1157,D,0
-17.2245,30.6571,340.1,2023-09-01,1157,D,0
-17.1584,31.0574,330.9,2023-09-01,1157,D,0
-17.1598,31.0481,323.5,2023-09-01,1157,D,0
-17.1618,30.9057,330.8,2023-09-01,1157,D,0
-17.0245,31.7296,323.3,2023-09-01,1157,D,0
-17.218,30.3756,356.4,2023-09-01,1157,D,0
-17.2193,30.3661,356.9,2023-09-01,1157,D,0
-17.1099,30.9491,323.0,2023-09-01,1157,D,0
-17.454,28.2136,328.9,2023-09-01,1157,D,0
-17.1447,30.3781,325.5,2023-09-01,1157,D,0
-17.146,30.3685,328.2,2023-09-01,1157,D,0
-17.2072,29.9251,322.5,2023-09-01,1157,D,0
-16.7489,29.5886,328.8,2023-09-01,1158,D,0
-16.7821,29.347,331.2,2023-09-01,1158,D,0
-16.7288,29.6664,331.4,2023-09-01,1158,D,0
-16.7301,29.6565,338.7,2023-09-01,1158,D,0
-16.7978,29.1609,338.4,2023-09-01,1158,D,0
-16.9082,28.3356,326.1,2023-09-01,1158,D,0
-16.51,31.0267,322.1,2023-09-01,1158,D,0
-16.73,29.3807,343.0,2023-09-01,1158,D,0
-16.7158,29.2259,352.2,2023-09-01,1158,D,0
-16.7172,29.2156,326.6,2023-09-01,1158,D,0
-16.4839,30.5602,323.3,2023-09-01,1158,D,0
-16.5394,30.1643,327.5,2023-09-01,1158,D,0
-16.5408,30.1547,325.2,2023-09-01,1158,D,0
-16.4527,30.6508,323.9,2023-09-01,1158,D,0
-16.6244,29.3378,327.9,2023-09-01,1158,D,0
-16.6258,29.3277,333.5,2023-09-01,1158,D,0
-16.6194,29.3316,331.5,2023-09-01,1158,D,0
-16.4669,29.9615,323.4,2023-09-01,1158,D,0
-16.4683,29.9519,322.6,2023-09-01,1158,D,0
-16.4592,29.9507,323.9,2023-09-01,1158,D,0
-16.3802,30.4522,323.0,2023-09-01,1158,D,0
-16.3815,30.4428,324.5,2023-09-01,1158,D,0
-16.3949,30.0811,326.2,2023-09-01,1158,D,0
-16.4286,29.7717,342.1,2023-09-01,1158,D,0
-16.4299,29.7621,325.7,2023-09-01,1158,D,0
-16.461,29.5366,331.6,2023-09-01,1158,D,0
-16.4654,29.4355,329.7,2023-09-01,1158,D,0
-16.4667,29.4256,334.0,2023-09-01,1158,D,0
-16.4561,29.4341,341.5,2023-09-01,1158,D,0
-16.3587,30.0752,330.8,2023-09-01,1158,D,0
-16.36,30.0657,338.3,2023-09-01,1158,D,0
-16.4496,29.4123,349.9,2023-09-01,1158,D,0
-16.359,29.9389,325.7,2023-09-01,1158,D,0
-16.3733,29.5783,330.7,2023-09-01,1158,D,0
-16.3747,29.5684,324.9,2023-09-01,1158,D,0
-16.3189,29.7698,325.8,2023-09-01,1158,D,0
-16.3202,29.7601,327.5,2023-09-01,1158,D,0
-16.0554,30.792,334.2,2023-09-01,1158,D,0
-16.0657,30.7841,335.2,2023-09-01,1158,D,0
-16.0643,30.7934,335.9,2023-09-01,1158,D,0
-16.1525,30.2348,324.6,2023-09-01,1158,D,0
-16.1843,30.3359,327.1,2023-09-01,1158,D,0
-16.1425,30.8309,348.2,2023-09-01,1158,D,0
-16.1411,30.8401,332.8,2023-09-01,1158,D,0
-16.2174,30.3666,326.6,2023-09-01,1158,D,0
-16.2277,30.3586,333.0,2023-09-01,1158,D,0
-16.0377,30.3363,333.0,2023-09-01,1158,D,0
-16.0364,30.3457,342.1,2023-09-01,1158,D,0
-16.2264,30.368,327.6,2023-09-01,1158,D,0
-16.0467,30.3377,330.9,2023-09-01,1158,D,0
-16.0567,30.7827,349.9,2023-09-01,1158,D,0
-17.1346,30.3181,326.6,2023-09-01,1158,D,0
-16.7569,32.8451,327.2,2023-09-01,1158,D,0
-17.057,30.734,333.5,2023-09-01,1158,D,0
-16.9224,31.6057,330.3,2023-09-01,1158,D,0
-17.1004,30.2965,342.9,2023-09-01,1158,D,0
-17.1018,30.287,338.9,2023-09-01,1158,D,0
-17.1569,29.8908,323.4,2023-09-01,1158,D,0
-17.1412,29.8684,347.3,2023-09-01,1158,D,0
-17.0693,30.3209,328.0,2023-09-01,1158,D,0
-17.1254,29.916,355.4,2023-09-01,1158,D,0
-17.1267,29.9062,327.3,2023-09-01,1158,D,0
-17.0722,30.234,335.8,2023-09-01,1158,D,0
-17.0735,30.2244,342.1,2023-09-01,1158,D,0
-17.2871,28.5587,327.1,2023-09-01,1158,D,0
-17.3017,28.4454,327.2,2023-09-01,1158,D,0
-17.3031,28.434,328.5,2023-09-01,1158,D,0
-17.0753,30.077,327.5,2023-09-01,1158,D,0
-17.0803,29.7835,331.4,2023-09-01,1158,D,0
-17.2924,28.2026,323.8,2023-09-01,1158,D,0
-16.6991,32.3725,325.5,2023-09-01,1158,D,0
-17.2649,28.2582,325.6,2023-09-01,1158,D,0
-16.8679,31.0982,338.0,2023-09-01,1158,D,0
-16.8692,31.0889,323.5,2023-09-01,1158,D,0
-17.0541,29.7695,326.6,2023-09-01,1158,D,0
-17.0554,29.7596,323.4,2023-09-01,1158,D,0
-17.1164,29.0931,324.7,2023-09-01,1158,D,0
-17.1178,29.0826,345.3,2023-09-01,1158,D,0
-16.9774,30.0598,333.9,2023-09-01,1158,D,0
-16.7218,31.7802,332.8,2023-09-01,1158,D,0
-16.7231,31.7708,332.8,2023-09-01,1158,D,0
-16.9494,30.193,327.2,2023-09-01,1158,D,0
-16.9364,30.2204,326.5,2023-09-01,1158,D,0
-16.6492,32.0851,327.1,2023-09-01,1158,D,0
-17.1572,28.3772,323.8,2023-09-01,1158,D,0
-16.8935,30.2626,326.6,2023-09-01,1158,D,0
-16.6208,32.0901,323.9,2023-09-01,1158,D,0
-16.7021,31.287,328.7,2023-09-01,1158,D,0
-17.0439,28.8421,326.9,2023-09-01,1158,D,0
-17.0483,28.8098,325.2,2023-09-01,1158,D,0
-17.0343,28.8408,326.5,2023-09-01,1158,D,0
-17.0358,28.83,335.5,2023-09-01,1158,D,0
-16.8266,30.2855,332.9,2023-09-01,1158,D,0
-17.0262,28.8287,332.2,2023-09-01,1158,D,0
-16.5677,32.0179,323.0,2023-09-01,1158,D,0
-16.7326,30.8845,348.1,2023-09-01,1158,D,0
-16.8136,30.3125,336.2,2023-09-01,1158,D,0
-16.8149,30.303,347.4,2023-09-01,1158,D,0
-16.8162,30.2935,346.4,2023-09-01,1158,D,0
-16.8176,30.2841,345.4,2023-09-01,1158,D,0
-16.5587,32.0164,328.8,2023-09-01,1158,D,0
-16.6355,31.4943,327.7,2023-09-01,1158,D,0
-16.8059,30.3016,411.5,2023-09-01,1158,D,0
-16.8072,30.2921,362.5,2023-09-01,1158,D,0
-16.8848,29.7321,329.2,2023-09-01,1158,D,0
-16.8861,29.7222,327.7,2023-09-01,1158,D,0
-16.5441,32.0527,323.1,2023-09-01,1158,D,0
-16.6266,31.4929,325.8,2023-09-01,1158,D,0
-16.7548,30.5346,328.3,2023-09-01,1158,D,0
-16.7562,30.5252,335.4,2023-09-01,1158,D,0
-16.947,29.1313,332.7,2023-09-01,1158,D,0
-16.9484,29.1208,327.8,2023-09-01,1158,D,0
-16.9498,29.1103,329.7,2023-09-01,1158,D,0
-17.0486,28.3567,361.3,2023-09-01,1158,D,0
-16.9334,29.1612,332.7,2023-09-01,1158,D,0
-16.9348,29.1508,326.8,2023-09-01,1158,D,0
-17.0388,28.3552,341.5,2023-09-01,1158,D,0
-16.7698,30.2961,336.3,2023-09-01,1158,D,0
-16.7818,30.0769,322.7,2023-09-01,1158,D,0
-16.779,29.8294,321.5,2023-09-01,1158,D,0
-16.8738,29.0604,328.9,2023-09-01,1158,D,0
-16.8643,29.059,327.8,2023-09-01,1158,D,0
-16.7664,29.6473,341.8,2023-09-01,1158,D,0
-16.7591,29.6507,330.8,2023-09-01,1158,D,0
-16.7605,29.6408,328.7,2023-09-01,1158,D,0
-16.7567,29.5999,342.4,2023-09-01,1158,D,0
-16.7788,29.4397,325.2,2023-09-01,1158,D,0
-16.7816,29.4195,343.0,2023-09-01,1158,D,0
-16.7475,29.5985,326.1,2023-09-01,1158,D,0
-17.9139,31.5135,301.6,2023-09-01,2006,N,0
-20.2913,29.4521,317.0,2023-09-01,2006,N,0
-20.2927,29.4411,339.5,2023-09-01,2006,N,0
-20.2817,29.4507,302.1,2023-09-01,2006,N,0
-20.2568,29.4632,311.5,2023-09-01,2006,N,0
-20.2582,29.4522,302.4,2023-09-01,2006,N,0
-17.5227,30.8231,302.2,2023-09-01,2006,N,0
-17.4513,31.4677,304.5,2023-09-01,2006,N,0
-17.45,31.477,306.1,2023-09-01,2006,N,0
-17.4303,31.6163,308.3,2023-09-01,2006,N,0
-17.6489,30.2318,304.9,2023-09-01,2006,N,0
-17.4149,32.174,303.3,2023-09-01,2006,N,0
-17.4252,32.166,304.9,2023-09-01,2006,N,0
-17.4239,32.1754,325.8,2023-09-01,2006,N,0
-17.4418,32.1783,314.2,2023-09-01,2006,N,0
-18.3731,26.4713,301.4,2023-09-01,2006,N,0
-17.8237,31.4366,300.1,2023-09-01,2006,N,0
-17.8224,31.4459,329.8,2023-09-01,2006,N,0
-17.8211,31.4552,310.1,2023-09-01,2006,N,0
-18.046,30.4196,308.5,2023-09-01,2006,N,0
-18.0447,30.4293,301.6,2023-09-01,2006,N,0
-18.1248,30.7205,302.3,2023-09-01,2006,N,0
-18.7846,27.3287,314.6,2023-09-01,2006,N,0
-18.8075,27.3517,329.9,2023-09-01,2006,N,0
-18.8182,27.3531,322.2,2023-09-01,2006,N,0
-18.8788,30.5809,300.8,2023-09-01,2006,N,0
-18.9864,30.2536,316.6,2023-09-01,2006,N,0
-18.9851,30.2636,302.7,2023-09-01,2006,N,0
-18.9955,30.255,310.2,2023-09-01,2006,N,0
-18.8306,32.3789,302.2,2023-09-01,2006,N,0
-19.3524,30.1189,303.1,2023-09-01,2006,N,0
-19.3609,31.0244,301.0,2023-09-01,2006,N,0
-19.3596,31.034,313.2,2023-09-01,2006,N,0
-19.3686,31.0354,310.2,2023-09-01,2006,N,0
-19.9871,29.1912,301.3,2023-09-01,2006,N,0
-19.9856,29.2024,309.8,2023-09-01,2006,N,0
-20.0113,30.9707,301.1,2023-09-01,2006,N,0
-20.01,30.9804,305.0,2023-09-01,2006,N,0
-17.2665,30.7464,304.9,2023-09-01,2007,N,0
-17.1018,30.9374,302.0,2023-09-01,2007,N,0
-17.0836,30.2671,302.3,2023-09-01,2007,N,0
-16.5629,32.0155,301.2,2023-09-01,2007,N,0
-16.6289,31.4263,301.9,2023-09-01,2007,N,0
-16.7862,30.2914,324.8,2023-09-01,2007,N,0
-17.0404,28.3439,309.0,2023-09-01,2007,N,0
-16.9016,29.2059,312.0,2023-09-01,2007,N,0
-16.8953,29.2097,308.5,2023-09-01,2007,N,0
-16.4402,30.8693,300.9,2023-09-01,2007,N,0
-16.4135,30.7989,306.3,2023-09-01,2007,N,0
-16.2989,30.2934,305.2,2023-09-01,2007,N,0
-16.3175,29.6067,302.0,2023-09-01,2007,N,0
-20.2891,32.5398,314.7,2023-09-02,659,D,0
-20.2965,32.5766,314.9,2023-09-02,659,D,0
-20.3017,32.5678,316.3,2023-09-02,659,D,0
-20.8137,32.1982,323.3,2023-09-02,659,D,0
-20.8216,32.2367,344.4,2023-09-02,659,D,0
-20.8264,32.23,348.1,2023-09-02,659,D,0
-16.4599,29.4213,316.7,2023-09-02,836,D,0
-16.4769,29.4179,319.7,2023-09-02,836,D,0
-16.4626,29.4163,318.2,2023-09-02,836,D,0
-16.4796,29.4125,319.3,2023-09-02,836,D,0
-16.608,29.6413,317.3,2023-09-02,836,D,0
-16.8429,29.4803,324.6,2023-09-02,836,D,0
-16.8448,29.475,322.4,2023-09-02,836,D,0
-18.5533,27.4657,321.5,2023-09-02,836,D,0
-18.7739,27.2689,331.1,2023-09-02,837,D,0
-18.7769,27.2991,331.1,2023-09-02,837,D,0
-18.789,27.2674,322.5,2023-09-02,837,D,0
-18.7748,27.2938,333.2,2023-09-02,837,D,0
-18.7871,27.2621,321.8,2023-09-02,837,D,0
-18.7899,27.2922,325.2,2023-09-02,837,D,0
-19.7834,29.2229,326.0,2023-09-02,837,D,0
-19.7872,29.2667,319.8,2023-09-02,837,D,0
-19.7836,29.2158,322.8,2023-09-02,837,D,0
-19.7871,29.2594,322.7,2023-09-02,837,D,0
-19.9254,29.2011,318.0,2023-09-02,837,D,0
-19.9254,29.1938,316.9,2023-09-02,837,D,0
-19.8429,28.584,321.2,2023-09-02,1238,D,0
-19.4268,30.1766,350.9,2023-09-02,1238,D,0
-19.4213,30.2051,395.9,2023-09-02,1238,D,0
-19.2342,31.1619,320.5,2023-09-02,1238,D,0
-19.436,30.2091,320.9,2023-09-02,1238,D,0
-19.4262,30.1836,373.5,2023-09-02,1238,D,0
-19.4205,30.2126,383.4,2023-09-02,1238,D,0
-19.2265,31.168,320.2,2023-09-02,1238,D,0
-19.5915,29.7262,327.4,2023-09-02,1238,D,0
-19.3339,31.047,322.5,2023-09-02,1238,D,0
-19.3271,31.0813,320.3,2023-09-02,1238,D,0
-19.5368,30.0903,324.2,2023-09-02,1238,D,0
-19.8343,28.5772,325.7,2023-09-02,1238,D,0
-19.392,30.9187,328.6,2023-09-02,1238,D,0
-19.3854,30.9524,330.3,2023-09-02,1238,D,0
-19.5924,29.7313,325.0,2023-09-02,1238,D,0
-19.5352,30.0949,326.3,2023-09-02,1238,D,0
-19.3411,31.0536,323.6,2023-09-02,1238,D,0
-20.4878,30.0287,319.1,2023-09-02,1238,D,0
-20.4873,30.0238,320.2,2023-09-02,1238,D,0
-20.5721,29.4253,320.3,2023-09-02,1238,D,0
-20.2631,30.8525,318.6,2023-09-02,1238,D,0
-20.2262,30.877,319.7,2023-09-02,1238,D,0
-20.3323,29.7311,324.4,2023-09-02,1238,D,0
-20.3301,29.7259,322.2,2023-09-02,1238,D,0
-20.3929,29.247,325.5,2023-09-02,1238,D,0
-20.4869,28.6071,323.3,2023-09-02,1238,D,0
-20.2073,29.9755,325.9,2023-09-02,1238,D,0
-20.3291,29.3572,335.0,2023-09-02,1238,D,0
-20.3338,29.3328,333.0,2023-09-02,1238,D,0
-20.3154,29.354,323.9,2023-09-02,1238,D,0
-20.3202,29.3298,322.9,2023-09-02,1238,D,0
-20.2195,29.9708,322.1,2023-09-02,1238,D,0
-20.2053,29.9668,322.3,2023-09-02,1238,D,0
-20.3229,29.3479,350.2,2023-09-02,1238,D,0
-20.3274,29.3237,324.1,2023-09-02,1238,D,0
-20.2069,29.5031,328.1,2023-09-02,1238,D,0
-20.2119,29.4778,340.2,2023-09-02,1238,D,0
-20.198,29.4748,341.3,2023-09-02,1238,D,0
-20.2035,29.4975,339.7,2023-09-02,1238,D,0
-20.2083,29.4721,351.1,2023-09-02,1238,D,0
-20.0769,28.675,322.5,2023-09-02,1238,D,0
-20.0799,28.6683,323.1,2023-09-02,1238,D,0
-19.9409,29.1881,326.2,2023-09-02,1238,D,0
-19.9455,29.164,347.2,2023-09-02,1238,D,0
-19.9319,29.161,336.6,2023-09-02,1238,D,0
-19.9365,29.1369,337.5,2023-09-02,1238,D,0
-19.8223,29.2567,323.4,2023-09-02,1238,D,0
-19.5091,30.6897,322.9,2023-09-02,1238,D,0
-19.5154,30.6586,328.0,2023-09-02,1238,D,0
-19.756,29.4501,331.9,2023-09-02,1238,D,0
-19.7609,29.425,338.3,2023-09-02,1238,D,0
-19.7221,29.5487,321.1,2023-09-02,1238,D,0
-19.7271,29.523,354.5,2023-09-02,1238,D,0
-19.7281,29.444,327.3,2023-09-02,1238,D,0
-19.5129,30.683,324.2,2023-09-02,1238,D,0
-19.519,30.6517,319.1,2023-09-02,1238,D,0
-19.7513,29.4417,340.0,2023-09-02,1238,D,0
-19.7561,29.4166,328.4,2023-09-02,1238,D,0
-19.7181,29.5402,337.2,2023-09-02,1238,D,0
-19.723,29.5145,346.4,2023-09-02,1238,D,0
-19.7234,29.4356,326.6,2023-09-02,1238,D,0
-19.4088,30.9631,319.6,2023-09-02,1238,D,0
-19.3932,30.9593,328.1,2023-09-02,1238,D,0
-19.4001,30.9254,338.6,2023-09-02,1238,D,0
-19.334,31.0881,318.4,2023-09-02,1238,D,0
-17.211,29.9504,321.5,2023-09-02,1239,D,0
-19.2168,30.8379,329.2,2023-09-02,1239,D,0
-19.2314,30.6071,320.4,2023-09-02,1239,D,0
-19.2086,30.8311,325.6,2023-09-02,1239,D,0
-19.6169,26.789,325.4,2023-09-02,1239,D,0
-19.4391,27.203,324.4,2023-09-02,1239,D,0
-18.5418,31.4086,319.6,2023-09-02,1239,D,0
-18.4282,31.4591,318.8,2023-09-02,1239,D,0
-18.4394,31.4537,321.3,2023-09-02,1239,D,0
-18.6099,30.1019,323.1,2023-09-02,1239,D,0
-18.2513,31.7745,324.0,2023-09-02,1239,D,0
-18.276,31.6567,325.4,2023-09-02,1239,D,0
-18.5984,30.0948,323.6,2023-09-02,1239,D,0
-18.2502,31.7697,325.0,2023-09-02,1239,D,0
-18.2742,31.6519,328.1,2023-09-02,1239,D,0
-18.5602,29.8069,321.8,2023-09-02,1239,D,0
-18.527,29.7414,319.8,2023-09-02,1239,D,0
-18.4273,30.1074,320.0,2023-09-02,1239,D,0
-18.455,29.7217,320.7,2023-09-02,1239,D,0
-18.8341,27.3414,345.2,2023-09-02,1239,D,0
-18.8304,27.3333,355.7,2023-09-02,1239,D,0
-18.8093,27.3101,349.1,2023-09-02,1239,D,0
-18.8126,27.2917,358.5,2023-09-02,1239,D,0
-18.8159,27.2735,375.5,2023-09-02,1239,D,0
-18.8191,27.2553,336.3,2023-09-02,1239,D,0
-18.1702,29.7573,325.7,2023-09-02,1239,D,0
-18.5201,27.8172,325.6,2023-09-02,1239,D,0
-17.9971,30.479,320.7,2023-09-02,1239,D,0
-18.5607,27.3833,332.1,2023-09-02,1239,D,0
-17.9826,30.5045,324.5,2023-09-02,1239,D,0
-18.5593,27.3775,330.0,2023-09-02,1239,D,0
-18.0154,30.0864,327.2,2023-09-02,1239,D,0
-18.0906,29.6182,321.7,2023-09-02,1239,D,0
-17.898,30.5197,322.5,2023-09-02,1239,D,0
-17.6479,31.4685,319.7,2023-09-02,1239,D,0
-18.0595,29.2934,324.6,2023-09-02,1239,D,0
-17.6088,31.0881,319.8,2023-09-02,1239,D,0
-17.6955,30.2206,320.6,2023-09-02,1239,D,0
-17.7758,29.6499,320.7,2023-09-02,1239,D,0
-17.3472,31.5102,322.2,2023-09-02,1239,D,0
-17.3439,31.5024,320.4,2023-09-02,1239,D,0
-18.2373,26.0929,323.8,2023-09-02,1239,D,0
-18.1257,26.3417,337.3,2023-09-02,1239,D,0
-18.1284,26.326,324.5,2023-09-02,1239,D,0
-17.9405,26.344,326.0,2023-09-02,1239,D,0
-16.9156,31.4717,320.1,2023-09-02,1239,D,0
-17.4755,28.3995,323.4,2023-09-02,1239,D,0
-16.9185,31.1747,321.0,2023-09-02,1239,D,0
-17.1281,30.1289,321.8,2023-09-02,1239,D,0
-17.4698,28.3937,327.9,2023-09-02,1239,D,0
-17.1347,30.1256,324.7,2023-09-02,1239,D,0
-16.9162,31.1693,319.4,2023-09-02,1239,D,0
-17.0237,29.8022,321.0,2023-09-02,1239,D,0
-17.2732,28.4939,328.0,2023-09-02,1239,D,0
-16.9905,29.8912,323.2,2023-09-02,1239,D,0
-16.9442,30.0448,320.5,2023-09-02,1239,D,0
-17.2813,28.3005,323.3,2023-09-02,1239,D,0
-17.2685,28.488,325.5,2023-09-02,1239,D,0
-16.9956,29.8876,324.8,2023-09-02,1239,D,0
-16.9505,30.0414,324.6,2023-09-02,1239,D,0
-16.6271,31.2564,328.1,2023-09-02,1239,D,0
-16.8421,30.1835,358.1,2023-09-02,1239,D,0
-16.8483,30.152,332.2,2023-09-02,1239,D,0
-16.6101,31.2532,339.1,2023-09-02,1239,D,0
-16.9071,29.7718,331.7,2023-09-02,1239,D,0
-16.9131,29.7412,327.4,2023-09-02,1239,D,0
-16.8476,30.1769,363.0,2023-09-02,1239,D,0
-16.6157,31.2879,323.8,2023-09-02,1239,D,0
-16.6237,31.2475,328.1,2023-09-02,1239,D,0
-16.9098,29.7642,330.2,2023-09-02,1239,D,0
-16.5988,31.2841,320.7,2023-09-02,1239,D,0
-16.6068,31.244,329.9,2023-09-02,1239,D,0
-16.8947,29.7608,326.2,2023-09-02,1239,D,0
-16.6453,30.703,324.7,2023-09-02,1239,D,0
-16.714,30.358,339.4,2023-09-02,1239,D,0
-16.5616,31.0326,319.3,2023-09-02,1239,D,0
-16.7794,29.8648,326.9,2023-09-02,1239,D,0
-16.7231,30.3552,324.7,2023-09-02,1239,D,0
-16.872,29.5653,322.7,2023-09-02,1239,D,0
-16.6406,30.6975,321.5,2023-09-02,1239,D,0
-16.7072,30.3516,328.0,2023-09-02,1239,D,0
-16.7848,29.861,321.7,2023-09-02,1239,D,0
-16.7802,29.638,324.3,2023-09-02,1239,D,0
-16.7652,29.6348,323.9,2023-09-02,1239,D,0
-16.7672,29.6273,327.3,2023-09-02,1239,D,0
-16.4503,30.843,320.9,2023-09-02,1239,D,0
-16.5819,30.1774,325.1,2023-09-02,1239,D,0
-16.4467,30.838,320.7,2023-09-02,1239,D,0
-16.5741,30.1712,328.5,2023-09-02,1239,D,0
-16.5364,30.0282,320.8,2023-09-02,1239,D,0
-16.6456,29.2993,330.4,2023-09-02,1239,D,0
-16.5257,30.0198,321.9,2023-09-02,1239,D,0
-16.6404,29.3197,323.3,2023-09-02,1239,D,0
-16.6456,29.2915,325.6,2023-09-02,1239,D,0
-16.5281,29.5051,320.8,2023-09-02,1239,D,0
-16.473,29.3989,323.3,2023-09-02,1239,D,0
-16.4577,29.398,328.0,2023-09-02,1239,D,0
-16.3426,29.9115,320.1,2023-09-02,1239,D,0
-16.4586,29.3907,327.7,2023-09-02,1239,D,0
-16.3472,29.905,320.5,2023-09-02,1239,D,0
-16.2102,30.3647,321.7,2023-09-02,1239,D,0
-16.2169,30.3301,321.0,2023-09-02,1239,D,0
-16.2945,29.9277,320.3,2023-09-02,1239,D,0
-16.0601,30.7808,325.7,2023-09-02,1239,D,0
-16.0675,30.7437,330.2,2023-09-02,1239,D,0
-16.0734,30.7787,321.2,2023-09-02,1239,D,0
-16.0569,30.7749,328.0,2023-09-02,1239,D,0
-16.0641,30.7379,325.5,2023-09-02,1239,D,0
-19.9465,29.1241,301.1,2023-09-02,2046,N,0
-19.9374,29.0981,314.7,2023-09-02,2046,N,0
-19.9272,28.9312,301.7,2023-09-02,2046,N,0
-19.9315,28.9257,305.6,2023-09-02,2046,N,0
-19.9422,29.1472,304.7,2023-09-02,2046,N,0
-18.883,27.331,326.6,2023-09-02,2047,N,0
-18.8679,27.3465,320.8,2023-09-02,2047,N,0
-18.871,27.3287,337.1,2023-09-02,2047,N,0
-18.8591,27.3263,317.5,2023-09-02,2047,N,0
-18.8471,27.3239,318.3,2023-09-02,2047,N,0
-18.8426,27.3175,322.5,2023-09-02,2047,N,0
-18.1376,30.4042,319.0,2023-09-02,2047,N,0
-17.3079,30.0774,300.7,2023-09-02,2047,N,0
-17.3231,30.0805,322.8,2023-09-02,2047,N,0
-17.3114,30.0715,311.4,2023-09-02,2047,N,0
-18.1402,29.9066,304.7,2023-09-02,2047,N,0
-17.3266,30.0747,314.9,2023-09-02,2047,N,0
-18.8799,27.3488,321.5,2023-09-02,2047,N,0
-17.056,31.177,301.4,2023-09-02,2331,N,0
-17.8978,30.9632,311.5,2023-09-02,2331,N,2
-17.8886,30.9647,341.6,2023-09-02,2331,N,2
-17.887,30.9548,313.9,2023-09-02,2331,N,0
-17.7337,30.6865,309.2,2023-09-02,2331,N,0
-17.732,30.6762,302.2,2023-09-02,2331,N,0
-17.0545,31.1671,300.7,2023-09-02,2331,N,0
-16.8901,30.2469,300.5,2023-09-02,2331,N,0
-16.753,30.3326,304.3,2023-09-02,2331,N,0
-16.568,30.7853,303.5,2023-09-02,2331,N,0
-16.304,30.2928,316.1,2023-09-02,2331,N,0
-16.3023,30.2823,306.4,2023-09-02,2331,N,0
-18.8742,27.332,328.4,2023-09-02,2332,N,0
-18.8347,27.3074,316.1,2023-09-02,2332,N,0
-18.8375,27.323,326.8,2023-09-02,2332,N,0
-18.8488,27.3208,309.9,2023-09-02,2332,N,0
-18.8601,27.3186,318.2,2023-09-02,2332,N,0
-18.8629,27.3342,332.8,2023-09-02,2332,N,0
-21.0839,31.6477,300.1,2023-09-02,2332,N,0
-19.9275,28.9292,301.4,2023-09-02,2332,N,0
-19.9399,29.1866,303.3,2023-09-02,2332,N,0
-19.4991,29.9425,300.7,2023-09-02,2332,N,0
-19.4974,29.9318,325.7,2023-09-02,2332,N,0
-18.8881,27.3453,302.7,2023-09-02,2332,N,0
-15.7569,30.3229,328.8,2023-09-03,738,D,0
-18.7247,31.5638,319.0,2023-09-03,739,D,0
-19.2138,30.8421,322.9,2023-09-03,739,D,0
-19.1548,30.2518,318.3,2023-09-03,739,D,0
-19.4175,31.4447,319.0,2023-09-03,739,D,0
-18.8695,27.2894,341.0,2023-09-03,739,D,0
-18.8812,27.2872,373.2,2023-09-03,739,D,0
-18.8841,27.304,347.4,2023-09-03,739,D,0
-18.8871,27.3208,379.7,2023-09-03,739,D,0
-18.89,27.3375,365.0,2023-09-03,739,D,0
-18.8928,27.2849,352.0,2023-09-03,739,D,0
-18.8987,27.3185,366.0,2023-09-03,739,D,0
-18.9016,27.3353,363.1,2023-09-03,739,D,0
-18.9045,27.2827,328.7,2023-09-03,739,D,0
-18.9103,27.3163,412.7,2023-09-03,739,D,0
-18.9133,27.3331,360.3,2023-09-03,739,D,0
-18.922,27.3141,317.6,2023-09-03,739,D,0
-19.4867,30.6927,341.2,2023-09-03,739,D,0
-16.4627,31.4323,322.8,2023-09-03,739,D,0
-16.304,30.2779,330.4,2023-09-03,739,D,0
-16.2658,29.9805,319.5,2023-09-03,739,D,0
-16.298,29.9874,321.6,2023-09-03,739,D,0
-16.3085,29.9237,317.0,2023-09-03,739,D,0
-16.5579,31.4516,323.8,2023-09-03,739,D,0
-16.2977,29.6131,317.6,2023-09-03,739,D,0
-16.3468,29.9109,319.8,2023-09-03,739,D,0
-16.3488,29.923,317.1,2023-09-03,739,D,0
-16.6022,31.3866,318.1,2023-09-03,739,D,0
-16.45,29.8496,320.8,2023-09-03,739,D,0
-16.4581,29.8354,318.0,2023-09-03,739,D,0
-16.4601,29.848,321.4,2023-09-03,739,D,0
-16.4936,29.9906,326.2,2023-09-03,739,D,0
-16.4344,29.3236,337.6,2023-09-03,739,D,0
-16.4366,29.3368,326.0,2023-09-03,739,D,0
-16.5272,29.496,318.9,2023-09-03,739,D,0
-16.6995,30.3751,336.1,2023-09-03,739,D,0
-16.8387,31.0657,314.8,2023-09-03,739,D,0
-16.7304,30.2534,319.2,2023-09-03,739,D,0
-16.6567,29.4198,332.2,2023-09-03,739,D,0
-16.8251,29.9472,333.3,2023-09-03,739,D,0
-16.8923,30.2371,315.9,2023-09-03,739,D,0
-16.8941,30.2486,321.0,2023-09-03,739,D,0
-16.7578,29.3424,328.4,2023-09-03,739,D,0
-16.7682,29.3405,325.3,2023-09-03,739,D,0
-17.0564,31.1546,317.6,2023-09-03,739,D,0
-17.058,31.1649,327.5,2023-09-03,739,D,0
-16.7787,29.3386,330.3,2023-09-03,739,D,0
-16.7937,29.2618,320.8,2023-09-03,739,D,0
-16.796,29.2752,340.6,2023-09-03,739,D,0
-17.1194,31.2119,324.7,2023-09-03,739,D,0
-17.121,31.2221,336.4,2023-09-03,739,D,0
-17.2875,31.0445,316.3,2023-09-03,739,D,0
-17.2234,30.4514,315.7,2023-09-03,739,D,0
-17.4793,31.9893,323.5,2023-09-03,739,D,0
-17.4808,31.9989,319.5,2023-09-03,739,D,0
-17.354,30.9418,333.1,2023-09-03,739,D,0
-17.3483,30.326,335.4,2023-09-03,739,D,0
-17.3502,30.3372,326.9,2023-09-03,739,D,0
-17.3581,30.3243,319.4,2023-09-03,739,D,0
-17.5598,31.0763,326.8,2023-09-03,739,D,0
-17.6838,31.2785,322.4,2023-09-03,739,D,0
-17.6854,31.2885,327.5,2023-09-03,739,D,0
-17.7501,30.7426,317.8,2023-09-03,739,D,0
-17.7673,30.6351,316.5,2023-09-03,739,D,0
-17.7958,29.9228,319.8,2023-09-03,739,D,0
-17.8556,30.0959,318.0,2023-09-03,739,D,0
-17.9689,30.7414,324.7,2023-09-03,739,D,0
-18.1154,30.9028,326.8,2023-09-03,739,D,0
-17.9503,29.7981,319.1,2023-09-03,739,D,0
-18.1644,30.5642,318.4,2023-09-03,739,D,0
-18.2302,30.7637,323.9,2023-09-03,739,D,0
-18.1427,29.9088,328.3,2023-09-03,739,D,0
-18.0567,29.3138,330.7,2023-09-03,739,D,0
-18.4126,31.4504,321.2,2023-09-03,739,D,0
-18.4141,31.4602,322.0,2023-09-03,739,D,0
-18.4199,31.4432,318.6,2023-09-03,739,D,0
-18.4071,30.4703,323.0,2023-09-03,739,D,0
-18.4088,30.481,317.8,2023-09-03,739,D,0
-18.5171,30.9894,326.8,2023-09-03,739,D,0
-18.5187,30.9995,335.4,2023-09-03,739,D,0
-18.5406,31.1413,322.2,2023-09-03,739,D,0
-18.5421,31.1514,381.5,2023-09-03,739,D,0
-18.5436,31.1614,332.3,2023-09-03,739,D,0
-18.4079,30.2055,317.2,2023-09-03,739,D,0
-19.2607,31.3269,324.5,2023-09-03,739,D,0
-18.7337,31.5623,323.3,2023-09-03,739,D,0
-18.4477,29.6361,320.7,2023-09-03,739,D,0
-18.8276,31.4507,321.7,2023-09-03,739,D,0
-18.2325,26.0992,321.8,2023-09-03,739,D,0
-18.2363,26.1201,319.8,2023-09-03,739,D,0
-18.9693,30.3358,328.0,2023-09-03,739,D,0
-19.0371,30.5484,351.3,2023-09-03,739,D,0
-19.0387,30.5589,330.3,2023-09-03,739,D,0
-19.9632,29.1713,338.9,2023-09-03,740,D,0
-19.9431,29.1123,318.5,2023-09-03,740,D,0
-20.0542,28.5398,321.0,2023-09-03,740,D,0
-19.9411,29.1,319.7,2023-09-03,740,D,0
-19.7064,29.8672,327.2,2023-09-03,740,D,0
-19.6968,29.869,317.9,2023-09-03,740,D,0
-19.6261,26.7967,320.4,2023-09-03,740,D,0
-19.611,26.7812,316.6,2023-09-03,740,D,0
-19.9732,29.1695,324.6,2023-09-03,740,D,0
-19.9632,29.1085,327.0,2023-09-03,740,D,0
-19.9612,29.0963,319.6,2023-09-03,740,D,0
-20.8055,32.0301,320.4,2023-09-03,740,D,0
-20.6033,30.8721,319.8,2023-09-03,740,D,0
-20.6018,30.8622,320.4,2023-09-03,740,D,0
-20.0564,28.553,318.2,2023-09-03,740,D,0
-22.3434,31.2418,389.7,2023-09-03,1142,D,0
-19.4207,30.9746,335.1,2023-09-03,1142,D,0
-19.419,30.9888,327.6,2023-09-03,1142,D,0
-19.3953,31.1879,325.5,2023-09-03,1142,D,0
-19.3936,31.2019,323.1,2023-09-03,1142,D,0
-19.6794,29.8431,372.9,2023-09-03,1142,D,0
-19.6774,29.8608,334.0,2023-09-03,1142,D,0
-19.5208,31.1824,325.4,2023-09-03,1142,D,0
-19.5173,31.2107,350.6,2023-09-03,1142,D,0
-19.4168,30.2309,320.3,2023-09-03,1142,D,0
-19.2669,31.3196,333.6,2023-09-03,1142,D,0
-19.2733,31.3138,322.0,2023-09-03,1142,D,0
-19.2609,31.3262,323.5,2023-09-03,1142,D,0
-19.2626,31.3124,338.3,2023-09-03,1142,D,0
-19.2519,31.3111,337.5,2023-09-03,1142,D,0
-19.2637,30.4754,323.1,2023-09-03,1142,D,0
-18.9873,32.276,321.1,2023-09-03,1142,D,0
-19.305,29.6085,322.8,2023-09-03,1142,D,0
-19.1741,30.5515,322.6,2023-09-03,1142,D,0
-19.0925,31.123,324.5,2023-09-03,1142,D,0
-19.1629,30.5499,325.3,2023-09-03,1142,D,0
-19.0817,31.1217,343.3,2023-09-03,1142,D,0
-19.0009,31.3018,320.7,2023-09-03,1142,D,0
-18.8149,32.5808,322.9,2023-09-03,1142,D,0
-18.8164,32.5693,326.3,2023-09-03,1142,D,0
-19.0273,30.5423,330.9,2023-09-03,1142,D,0
-19.0109,30.4863,325.1,2023-09-03,1142,D,0
-18.9997,30.4848,325.7,2023-09-03,1142,D,0
-19.0512,29.7556,322.5,2023-09-03,1142,D,0
-18.9598,30.3361,335.1,2023-09-03,1142,D,0
-18.8019,31.471,331.1,2023-09-03,1142,D,0
-18.8035,31.458,328.8,2023-09-03,1142,D,0
-19.1413,28.2675,327.4,2023-09-03,1142,D,0
-18.6323,32.3446,322.5,2023-09-03,1142,D,0
-20.1542,30.7506,321.8,2023-09-03,1142,D,0
-20.165,30.7626,320.6,2023-09-03,1142,D,0
-20.1537,30.7613,331.4,2023-09-03,1142,D,0
-20.3986,28.6401,323.8,2023-09-03,1142,D,0
-20.0794,31.2791,325.8,2023-09-03,1142,D,0
-20.0811,31.2649,322.2,2023-09-03,1142,D,0
-20.1222,30.9277,322.5,2023-09-03,1142,D,0
-19.9969,31.5089,323.9,2023-09-03,1142,D,0
-20.3394,28.3464,322.8,2023-09-03,1142,D,0
-19.7725,31.6231,324.4,2023-09-03,1142,D,0
-19.7839,31.1782,321.6,2023-09-03,1142,D,0
-19.7856,31.1638,355.6,2023-09-03,1142,D,0
-19.9783,29.1502,342.3,2023-09-03,1142,D,0
-20.0587,28.5513,323.9,2023-09-03,1142,D,0
-19.9764,29.1653,332.5,2023-09-03,1142,D,0
-19.9787,29.1452,339.6,2023-09-03,1142,D,0
-19.966,29.1438,327.0,2023-09-03,1142,D,0
-19.7281,30.7911,322.3,2023-09-03,1142,D,0
-19.7169,30.7897,327.1,2023-09-03,1142,D,0
-20.1524,30.7662,326.4,2023-09-03,1142,D,0
-19.6461,30.4078,323.5,2023-09-03,1142,D,0
-19.648,30.3917,322.1,2023-09-03,1142,D,0
-19.6492,30.4031,325.8,2023-09-03,1142,D,0
-19.5247,31.2402,319.9,2023-09-03,1142,D,0
-19.5264,31.2262,343.5,2023-09-03,1142,D,0
-19.5156,31.2248,332.6,2023-09-03,1142,D,0
-20.3964,28.6219,321.8,2023-09-03,1142,D,0
-20.109,31.3311,328.4,2023-09-03,1142,D,0
-20.1603,31.1788,321.2,2023-09-03,1142,D,0
-20.1825,32.6339,331.7,2023-09-03,1142,D,0
-20.2327,32.647,337.7,2023-09-03,1142,D,0
-20.2312,32.6587,334.8,2023-09-03,1142,D,0
-20.4768,30.826,330.0,2023-09-03,1142,D,0
-20.475,30.8415,326.0,2023-09-03,1142,D,0
-20.4713,30.8728,331.5,2023-09-03,1142,D,0
-18.7228,31.5477,329.3,2023-09-03,1142,D,0
-19.5281,31.2122,341.3,2023-09-03,1142,D,0
-20.3118,31.254,320.9,2023-09-03,1142,D,0
-20.4694,30.8883,321.4,2023-09-03,1142,D,0
-20.5334,30.5428,324.5,2023-09-03,1142,D,0
-20.2939,32.8028,323.1,2023-09-03,1142,D,0
-20.5881,30.8459,319.7,2023-09-03,1142,D,0
-20.5994,30.8472,346.9,2023-09-03,1142,D,0
-20.5975,30.8627,347.4,2023-09-03,1142,D,0
-20.6006,30.8385,327.1,2023-09-03,1142,D,0
-20.5988,30.8539,355.9,2023-09-03,1142,D,0
-20.5971,30.8693,333.9,2023-09-03,1142,D,0
-20.4736,32.6696,324.3,2023-09-03,1142,D,0
-20.4721,32.6815,330.9,2023-09-03,1142,D,0
-20.473,32.6752,344.4,2023-09-03,1142,D,0
-20.8111,32.0116,327.1,2023-09-03,1142,D,0
-22.3452,31.2261,410.9,2023-09-03,1142,D,0
-18.0663,29.2905,334.5,2023-09-03,1143,D,0
-18.64,31.7255,319.4,2023-09-03,1143,D,0
-18.466,32.5196,325.3,2023-09-03,1143,D,0
-18.5023,32.2443,327.8,2023-09-03,1143,D,0
-18.5039,32.2325,338.0,2023-09-03,1143,D,0
-18.7742,29.791,326.4,2023-09-03,1143,D,0
-18.4344,32.2227,323.3,2023-09-03,1143,D,0
-18.5489,31.1679,328.7,2023-09-03,1143,D,0
-18.946,27.2739,339.6,2023-09-03,1143,D,0
-18.9488,27.2469,330.1,2023-09-03,1143,D,0
-18.9288,27.2991,325.1,2023-09-03,1143,D,0
-18.9315,27.2722,333.7,2023-09-03,1143,D,0
-18.9171,27.2706,353.2,2023-09-03,1143,D,0
-18.9198,27.2437,343.2,2023-09-03,1143,D,0
-18.2837,32.6794,342.2,2023-09-03,1143,D,0
-18.8946,27.3492,339.1,2023-09-03,1143,D,0
-18.8973,27.3226,337.2,2023-09-03,1143,D,0
-18.8999,27.2958,335.5,2023-09-03,1143,D,0
-18.9026,27.269,342.5,2023-09-03,1143,D,0
-18.8881,27.2674,336.3,2023-09-03,1143,D,0
-18.8934,27.2133,331.2,2023-09-03,1143,D,0
-18.4228,31.4438,324.7,2023-09-03,1143,D,0
-18.9155,27.266,359.8,2023-09-03,1143,D,0
-18.2867,32.4132,320.1,2023-09-03,1143,D,0
-18.4124,31.4423,329.2,2023-09-03,1143,D,0
-18.8924,27.3445,343.4,2023-09-03,1143,D,0
-18.8953,27.3179,334.4,2023-09-03,1143,D,0
-18.901,27.2644,344.5,2023-09-03,1143,D,0
-18.5077,30.5908,322.4,2023-09-03,1143,D,0
-18.8893,27.2359,331.5,2023-09-03,1143,D,0
-18.8922,27.2088,326.0,2023-09-03,1143,D,0
-18.5129,30.3589,336.1,2023-09-03,1143,D,0
-18.5148,30.3434,329.6,2023-09-03,1143,D,0
-18.2966,31.6281,371.2,2023-09-03,1143,D,0
-18.2982,31.6155,341.6,2023-09-03,1143,D,0
-18.7628,27.2955,328.9,2023-09-03,1143,D,0
-18.3723,30.671,326.0,2023-09-03,1143,D,0
-18.5615,29.0405,330.4,2023-09-03,1143,D,0
-18.1381,32.4637,325.4,2023-09-03,1143,D,0
-18.2689,31.4293,318.1,2023-09-03,1143,D,0
-18.2705,31.4163,334.4,2023-09-03,1143,D,0
-18.3595,30.6841,326.6,2023-09-03,1143,D,0
-18.3613,30.6695,333.0,2023-09-03,1143,D,0
-18.4154,30.2116,323.2,2023-09-03,1143,D,0
-18.4173,30.1957,328.9,2023-09-03,1143,D,0
-18.5489,29.0394,336.1,2023-09-03,1143,D,0
-18.4059,30.1941,326.0,2023-09-03,1143,D,0
-18.548,29.0343,328.1,2023-09-03,1143,D,0
-18.2963,30.6407,322.7,2023-09-03,1143,D,0
-18.2738,30.5473,330.9,2023-09-03,1143,D,0
-18.2731,30.5402,324.2,2023-09-03,1143,D,0
-18.0122,32.4787,323.3,2023-09-03,1143,D,0
-18.2346,30.7586,322.9,2023-09-03,1143,D,0
-18.2527,30.4303,326.0,2023-09-03,1143,D,0
-18.2028,30.5613,324.9,2023-09-03,1143,D,0
-18.2046,30.5465,327.0,2023-09-03,1143,D,0
-18.5126,27.8187,321.5,2023-09-03,1143,D,0
-18.1166,31.181,322.6,2023-09-03,1143,D,0
-18.0066,31.3358,355.2,2023-09-03,1143,D,0
-18.0082,31.3226,325.6,2023-09-03,1143,D,0
-18.0179,31.2437,321.4,2023-09-03,1143,D,0
-18.0195,31.2304,322.7,2023-09-03,1143,D,0
-18.1453,29.9059,327.4,2023-09-03,1143,D,0
-17.9652,30.7404,326.9,2023-09-03,1143,D,0
-17.9619,30.7491,321.2,2023-09-03,1143,D,0
-17.9637,30.7349,323.2,2023-09-03,1143,D,0
-18.0642,29.3089,336.5,2023-09-03,1143,D,0
-18.0398,29.4154,325.9,2023-09-03,1143,D,0
-18.052,29.3073,325.2,2023-09-03,1143,D,0
-18.0448,29.4273,323.2,2023-09-03,1143,D,0
-18.047,29.4095,326.2,2023-09-03,1143,D,0
-18.06,29.3014,338.2,2023-09-03,1143,D,0
-18.0622,29.2831,323.1,2023-09-03,1143,D,0
-17.7684,31.5427,332.5,2023-09-03,1143,D,0
-17.7544,31.4894,324.1,2023-09-03,1143,D,0
-17.9537,29.7842,321.6,2023-09-03,1143,D,0
-17.9381,29.7139,321.5,2023-09-03,1143,D,0
-17.9264,29.7123,321.4,2023-09-03,1143,D,0
-17.8274,30.4575,326.0,2023-09-03,1143,D,0
-17.8257,30.467,322.5,2023-09-03,1143,D,0
-17.8276,30.4522,321.7,2023-09-03,1143,D,0
-17.8493,29.8996,336.2,2023-09-03,1143,D,0
-17.8376,29.8982,324.6,2023-09-03,1143,D,0
-18.2359,26.1017,327.5,2023-09-03,1143,D,0
-17.6337,31.2196,319.9,2023-09-03,1143,D,0
-17.6596,31.0068,322.0,2023-09-03,1143,D,0
-17.8219,29.6236,321.8,2023-09-03,1143,D,0
-17.6657,31.0012,324.5,2023-09-03,1143,D,0
-17.7876,29.6472,323.0,2023-09-03,1143,D,0
-17.5538,31.4619,328.8,2023-09-03,1143,D,0
-17.5553,31.4494,326.0,2023-09-03,1143,D,0
-17.5958,31.1281,324.9,2023-09-03,1143,D,0
-17.5975,31.1146,322.8,2023-09-03,1143,D,0
-17.786,29.4539,326.8,2023-09-03,1143,D,0
-17.809,29.1455,336.7,2023-09-03,1143,D,0
-17.7967,29.144,336.2,2023-09-03,1143,D,0
-17.7988,29.1255,327.4,2023-09-03,1143,D,0
-17.7803,29.1792,342.3,2023-09-03,1143,D,0
-17.8064,29.1401,337.3,2023-09-03,1143,D,0
-17.7775,29.1738,330.9,2023-09-03,1143,D,0
-17.6533,30.1065,333.9,2023-09-03,1143,D,0
-17.7631,29.1906,334.3,2023-09-03,1143,D,0
-17.6419,30.1051,326.4,2023-09-03,1143,D,0
-17.7508,29.1891,329.4,2023-09-03,1143,D,0
-17.4674,31.3415,325.0,2023-09-03,1143,D,0
-17.469,31.3286,325.3,2023-09-03,1143,D,0
-17.4707,31.3155,327.9,2023-09-03,1143,D,0
-17.642,29.8103,321.8,2023-09-03,1143,D,0
-17.4554,31.1822,320.5,2023-09-03,1143,D,0
-17.457,31.1691,331.9,2023-09-03,1143,D,0
-17.4496,31.1748,332.0,2023-09-03,1143,D,0
-17.5875,29.6952,323.3,2023-09-03,1143,D,0
-17.3053,31.5852,323.7,2023-09-03,1143,D,0
-17.3466,31.1009,329.9,2023-09-03,1143,D,0
-17.3562,30.9401,324.0,2023-09-03,1143,D,0
-17.3579,30.9262,322.7,2023-09-03,1143,D,0
-17.3772,30.5017,344.1,2023-09-03,1143,D,0
-17.3789,30.4874,349.1,2023-09-03,1143,D,0
-17.2192,31.6111,323.5,2023-09-03,1143,D,0
-17.2207,31.5991,322.9,2023-09-03,1143,D,0
-17.3552,30.4986,328.9,2023-09-03,1143,D,0
-17.4195,29.9522,331.2,2023-09-03,1143,D,0
-17.2209,31.6048,328.0,2023-09-03,1143,D,0
-17.4218,29.9453,326.2,2023-09-03,1143,D,0
-17.4104,29.9438,323.5,2023-09-03,1143,D,0
-17.2687,30.9894,323.2,2023-09-03,1143,D,0
-17.4209,29.6621,323.1,2023-09-03,1143,D,0
-17.2038,30.7837,340.2,2023-09-03,1143,D,0
-17.2285,30.5866,323.8,2023-09-03,1143,D,0
-17.1293,31.0329,324.7,2023-09-03,1143,D,0
-17.131,31.0198,333.8,2023-09-03,1143,D,0
-17.1579,30.6207,345.3,2023-09-03,1143,D,0
-17.1643,30.6293,325.1,2023-09-03,1143,D,0
-17.1534,30.6279,332.8,2023-09-03,1143,D,0
-17.1552,30.6137,335.6,2023-09-03,1143,D,0
-17.0127,31.6375,321.0,2023-09-03,1143,D,0
-17.0531,31.1619,338.5,2023-09-03,1143,D,0
-17.0548,31.1489,339.7,2023-09-03,1143,D,0
-17.0613,31.0972,327.7,2023-09-03,1143,D,0
-17.1651,29.8831,324.6,2023-09-03,1143,D,0
-17.2273,29.2405,322.7,2023-09-03,1143,D,0
-17.1683,29.8784,326.4,2023-09-03,1143,D,0
-17.2232,29.2354,323.9,2023-09-03,1143,D,0
-16.9123,31.6295,325.4,2023-09-03,1143,D,0
-17.2858,28.4865,323.8,2023-09-03,1143,D,0
-17.0733,30.1813,326.0,2023-09-03,1143,D,0
-17.294,28.2985,325.1,2023-09-03,1143,D,0
-17.0602,30.195,324.5,2023-09-03,1143,D,0
-17.06,30.1017,328.2,2023-09-03,1143,D,0
-17.0619,30.0863,332.0,2023-09-03,1143,D,0
-16.8487,31.3281,322.3,2023-09-03,1143,D,0
-16.8576,31.1764,321.6,2023-09-03,1143,D,0
-17.0022,29.914,330.8,2023-09-03,1143,D,0
-17.0041,29.8981,324.8,2023-09-03,1143,D,0
-16.9778,30.0214,328.5,2023-09-03,1143,D,0
-16.8225,31.1182,340.8,2023-09-03,1143,D,0
-16.8259,31.1264,330.9,2023-09-03,1143,D,0
-16.8275,31.1135,326.1,2023-09-03,1143,D,0
-16.895,30.2371,330.4,2023-09-03,1143,D,0
-16.8969,30.2221,351.0,2023-09-03,1143,D,0
-17.0512,28.9393,324.7,2023-09-03,1143,D,0
-16.8857,30.2206,349.2,2023-09-03,1143,D,0
-16.8876,30.2055,391.3,2023-09-03,1143,D,0
-16.7188,31.304,336.7,2023-09-03,1143,D,0
-16.9739,28.9234,324.4,2023-09-03,1143,D,0
-16.7643,30.5486,327.2,2023-09-03,1143,D,0
-16.7969,29.8114,367.2,2023-09-03,1143,D,0
-16.7988,29.7951,352.2,2023-09-03,1143,D,0
-16.5993,31.3767,322.8,2023-09-03,1143,D,0
-16.8001,29.8067,361.9,2023-09-03,1143,D,0
-16.8021,29.7906,321.7,2023-09-03,1143,D,0
-16.7886,29.8054,347.2,2023-09-03,1143,D,0
-16.7906,29.789,322.7,2023-09-03,1143,D,0
-16.8625,29.2012,328.5,2023-09-03,1143,D,0
-16.8646,29.1833,346.9,2023-09-03,1143,D,0
-16.5725,31.4231,328.4,2023-09-03,1143,D,0
-16.5741,31.4108,328.5,2023-09-03,1143,D,0
-16.8504,29.1996,326.4,2023-09-03,1143,D,0
-16.8525,29.1817,324.5,2023-09-03,1143,D,0
-16.5608,31.4339,342.4,2023-09-03,1143,D,0
-16.5624,31.4216,343.2,2023-09-03,1143,D,0
-16.5639,31.4094,327.9,2023-09-03,1143,D,0
-16.8897,28.3085,323.0,2023-09-03,1143,D,0
-16.6194,30.0593,332.7,2023-09-03,1143,D,0
-16.6865,29.295,333.4,2023-09-03,1143,D,0
-16.6746,29.2936,325.0,2023-09-03,1143,D,0
-16.6814,29.2896,332.1,2023-09-03,1143,D,0
-16.5158,29.9755,332.7,2023-09-03,1143,D,0
-16.5147,29.9838,322.8,2023-09-03,1143,D,0
-16.5166,29.9688,326.8,2023-09-03,1143,D,0
-16.4733,29.9475,323.1,2023-09-03,1143,D,0
-16.4751,29.9324,330.6,2023-09-03,1143,D,0
-16.3847,30.5711,321.1,2023-09-03,1143,D,0
-16.3863,30.5578,329.7,2023-09-03,1143,D,0
-16.3661,30.4346,322.9,2023-09-03,1143,D,0
-16.3732,29.9288,327.2,2023-09-03,1143,D,0
-16.4209,29.536,325.6,2023-09-03,1143,D,0
-16.3132,30.3256,324.0,2023-09-03,1143,D,0
-16.4073,29.5507,336.1,2023-09-03,1143,D,0
-16.4092,29.5343,353.0,2023-09-03,1143,D,0
-16.4112,29.5178,327.8,2023-09-03,1143,D,0
-16.4352,29.3165,334.8,2023-09-03,1143,D,0
-16.3524,29.9109,321.0,2023-09-03,1143,D,0
-16.4234,29.3141,327.5,2023-09-03,1143,D,0
-16.4255,29.2964,325.3,2023-09-03,1143,D,0
-16.2967,29.9894,328.9,2023-09-03,1143,D,0
-16.2986,29.9748,323.9,2023-09-03,1143,D,0
-16.3061,29.9144,321.4,2023-09-03,1143,D,0
-16.2948,29.9126,342.0,2023-09-03,1143,D,0
-16.2966,29.6104,321.5,2023-09-03,1143,D,0
-16.0871,30.7588,329.3,2023-09-03,1143,D,0
-16.0505,30.2277,325.5,2023-09-03,1143,D,0
-15.748,30.3701,324.9,2023-09-03,1143,D,0
-15.7549,30.3146,328.3,2023-09-03,1143,D,0
-19.3454,30.0373,300.7,2023-09-03,1949,N,0
-16.5983,31.1863,301.1,2023-09-03,1950,N,0
-16.5966,31.2,329.3,2023-09-03,1950,N,0
-16.7229,31.3092,300.8,2023-09-03,1950,N,0
-16.7989,30.7699,301.8,2023-09-03,1950,N,0
-16.853,31.1701,301.1,2023-09-03,1950,N,0
-16.8513,31.1843,301.1,2023-09-03,1950,N,0
-16.9658,31.2097,300.7,2023-09-03,1950,N,0
-17.082,30.5984,305.0,2023-09-03,1950,N,0
-17.1093,30.9519,302.6,2023-09-03,1950,N,0
-17.1202,30.9534,302.7,2023-09-03,1950,N,0
-17.4492,30.2983,301.1,2023-09-03,1950,N,0
-17.446,30.3042,301.3,2023-09-03,1950,N,0
-17.5455,30.4368,307.6,2023-09-03,1950,N,0
-17.5437,30.4526,316.4,2023-09-03,1950,N,0
-17.7267,30.0659,315.5,2023-09-03,1950,N,0
-17.7385,30.0672,302.9,2023-09-03,1950,N,0
-17.7351,30.0551,305.3,2023-09-03,1950,N,0
-17.7333,30.0723,313.2,2023-09-03,1950,N,0
-17.7218,30.7847,309.2,2023-09-03,1950,N,0
-18.7566,27.2694,300.6,2023-09-03,1950,N,0
-18.7562,27.2746,303.2,2023-09-03,1950,N,0
-18.8543,27.1971,318.8,2023-09-03,1950,N,0
-18.8514,27.2264,323.6,2023-09-03,1950,N,0
-18.4761,30.6789,302.3,2023-09-03,1950,N,0
-18.8693,27.1987,327.1,2023-09-03,1950,N,0
-18.8663,27.228,316.1,2023-09-03,1950,N,0
-18.8843,27.2003,333.4,2023-09-03,1950,N,0
-18.4856,30.6865,308.2,2023-09-03,1950,N,0
-18.8531,27.2037,325.8,2023-09-03,1950,N,0
-18.8504,27.233,311.5,2023-09-03,1950,N,0
-18.8681,27.2053,328.3,2023-09-03,1950,N,0
-18.8654,27.2346,308.8,2023-09-03,1950,N,0
-18.8859,27.1776,312.2,2023-09-03,1950,N,0
-18.8831,27.207,340.4,2023-09-03,1950,N,0
-18.9224,27.2699,306.2,2023-09-03,1950,N,0
-18.9195,27.2988,322.0,2023-09-03,1950,N,0
-18.9167,27.3276,319.7,2023-09-03,1950,N,0
-18.9138,27.3563,305.8,2023-09-03,1950,N,0
-18.9373,27.2714,327.3,2023-09-03,1950,N,0
-18.9344,27.3004,371.5,2023-09-03,1950,N,0
-18.9315,27.3292,381.1,2023-09-03,1950,N,0
-18.9286,27.3578,356.5,2023-09-03,1950,N,0
-18.9522,27.273,324.0,2023-09-03,1950,N,0
-18.9493,27.3019,352.8,2023-09-03,1950,N,0
-18.9464,27.3307,351.3,2023-09-03,1950,N,0
-18.9435,27.3594,326.2,2023-09-03,1950,N,0
-18.9215,27.2748,310.9,2023-09-03,1950,N,0
-18.9188,27.3037,316.2,2023-09-03,1950,N,0
-18.9162,27.3326,321.0,2023-09-03,1950,N,0
-18.9364,27.2764,340.4,2023-09-03,1950,N,0
-18.9337,27.3053,376.1,2023-09-03,1950,N,0
-18.9311,27.3341,389.1,2023-09-03,1950,N,0
-18.9284,27.3628,326.6,2023-09-03,1950,N,0
-18.9514,27.278,330.1,2023-09-03,1950,N,0
-18.9486,27.3069,355.8,2023-09-03,1950,N,0
-16.4099,29.3096,306.4,2023-09-03,1950,N,0
-18.8418,30.0347,305.1,2023-09-03,1950,N,0
-18.8369,30.0286,306.3,2023-09-03,1950,N,0
-18.9459,27.3358,358.9,2023-09-03,1950,N,0
-18.9432,27.3644,313.8,2023-09-03,1950,N,0
-18.8735,27.2503,318.0,2023-09-04,13,N,0
-18.2207,26.1148,316.7,2023-09-04,13,N,0
-18.2224,26.1281,308.3,2023-09-04,13,N,0
-18.37,26.4818,302.7,2023-09-04,13,N,0
-18.8851,27.2488,314.8,2023-09-04,13,N,0
-18.9182,27.3286,322.3,2023-09-04,14,N,0
-18.9299,27.3271,321.9,2023-09-04,14,N,0
-18.9162,27.312,314.6,2023-09-04,14,N,0
-16.8881,29.5459,325.0,2023-09-04,819,D,0
-16.8905,29.5715,326.8,2023-09-04,819,D,0
-16.8882,29.5516,337.0,2023-09-04,819,D,0
-16.8777,29.573,328.4,2023-09-04,819,D,0
-16.8754,29.5532,324.6,2023-09-04,819,D,0
-16.8108,29.6705,319.1,2023-09-04,819,D,0
-16.7944,29.9944,316.9,2023-09-04,819,D,0
-16.7921,29.9728,319.6,2023-09-04,819,D,0
-16.7596,30.5124,318.0,2023-09-04,819,D,0
-16.6272,29.6561,336.1,2023-09-04,819,D,0
-16.3471,30.0612,318.2,2023-09-04,819,D,0
-16.4065,29.895,316.8,2023-09-04,819,D,0
-16.4079,29.5601,315.9,2023-09-04,819,D,0
-16.4039,29.3071,325.5,2023-09-04,819,D,0
-16.4061,29.3261,324.4,2023-09-04,819,D,0
-16.4082,29.3195,327.0,2023-09-04,819,D,0
-16.7348,31.2991,313.7,2023-09-04,819,D,0
-16.6254,29.6427,360.7,2023-09-04,819,D,0
-16.6278,29.6627,325.7,2023-09-04,819,D,0
-16.6779,29.8685,315.5,2023-09-04,819,D,0
-16.625,29.636,348.1,2023-09-04,819,D,0
-16.9973,29.5949,323.3,2023-09-04,819,D,0
-16.8903,29.5659,332.4,2023-09-04,819,D,0
-18.2581,31.4289,316.0,2023-09-04,820,D,0
-17.6926,30.4874,317.1,2023-09-04,820,D,0
-17.69,30.4631,316.5,2023-09-04,820,D,0
-17.6179,30.0459,327.7,2023-09-04,820,D,0
-17.7248,31.2337,314.3,2023-09-04,820,D,0
-17.6251,31.1296,317.2,2023-09-04,820,D,0
-17.1899,29.1205,319.2,2023-09-04,820,D,0
-17.3259,30.86,315.0,2023-09-04,820,D,0
-17.3226,30.8672,316.6,2023-09-04,820,D,0
-19.6424,26.791,332.1,2023-09-04,820,D,0
-16.9781,29.0812,322.5,2023-09-04,820,D,0
-17.0313,29.6675,344.6,2023-09-04,820,D,0
-16.9965,29.5884,322.5,2023-09-04,820,D,0
-17.0671,30.0845,319.7,2023-09-04,820,D,0
-20.4746,29.3229,322.0,2023-09-04,820,D,0
-20.0666,28.5588,321.1,2023-09-04,820,D,0
-20.102,29.2343,322.4,2023-09-04,820,D,0
-20.2591,30.9399,322.9,2023-09-04,820,D,0
-17.1428,29.7337,317.9,2023-09-04,820,D,0
-19.5957,28.1581,323.0,2023-09-04,820,D,0
-19.5837,28.1593,334.6,2023-09-04,820,D,0
-19.5641,28.1505,326.1,2023-09-04,820,D,0
-19.6118,29.7541,321.4,2023-09-04,820,D,0
-19.5983,29.7556,321.9,2023-09-04,820,D,0
-18.962,27.3089,335.9,2023-09-04,820,D,0
-18.9509,27.3103,341.9,2023-09-04,820,D,0
-18.9469,27.3715,327.8,2023-09-04,820,D,0
-18.9451,27.3565,338.6,2023-09-04,820,D,0
-18.9416,27.3266,349.6,2023-09-04,820,D,0
-18.934,27.3579,351.4,2023-09-04,820,D,0
-18.9336,27.3645,334.1,2023-09-04,820,D,0
-18.9318,27.3496,344.0,2023-09-04,820,D,0
-18.886,27.2501,337.8,2023-09-04,820,D,0
-18.8842,27.2355,331.5,2023-09-04,820,D,0
-18.8715,27.2223,330.7,2023-09-04,820,D,0
-18.7423,27.2962,319.3,2023-09-04,820,D,0
-19.0159,30.1291,316.4,2023-09-04,820,D,0
-18.5624,27.4005,322.0,2023-09-04,820,D,0
-18.571,27.3908,321.3,2023-09-04,820,D,0
-18.3724,26.4819,321.3,2023-09-04,820,D,0
-18.34,27.0616,321.4,2023-09-04,820,D,0
-18.3351,27.0541,322.6,2023-09-04,820,D,0
-18.4113,31.6171,324.9,2023-09-04,820,D,0
-18.4143,31.6219,326.0,2023-09-04,820,D,0
-18.7875,31.8392,325.4,2023-09-04,1224,D,0
-19.6384,26.7731,332.8,2023-09-04,1224,D,0
-19.6061,26.7985,332.6,2023-09-04,1224,D,0
-19.0229,30.118,336.5,2023-09-04,1224,D,0
-19.0257,30.1023,324.0,2023-09-04,1224,D,0
-19.0232,30.1285,325.4,2023-09-04,1224,D,0
-19.0259,30.1128,336.3,2023-09-04,1224,D,0
-18.7782,31.386,328.5,2023-09-04,1224,D,0
-18.7231,31.0309,324.9,2023-09-04,1224,D,0
-18.7265,31.0125,324.6,2023-09-04,1224,D,0
-18.9522,29.7294,321.2,2023-09-04,1224,D,0
-18.5554,31.7325,322.0,2023-09-04,1224,D,0
-18.4899,32.0079,320.3,2023-09-04,1224,D,0
-18.5425,31.7298,332.3,2023-09-04,1224,D,0
-18.5465,31.7082,331.5,2023-09-04,1224,D,0
-18.5586,31.7276,321.2,2023-09-04,1224,D,0
-18.4951,32.004,320.4,2023-09-04,1224,D,0
-18.5456,31.7251,338.0,2023-09-04,1224,D,0
-18.5496,31.7034,323.1,2023-09-04,1224,D,0
-18.825,29.8695,328.8,2023-09-04,1224,D,0
-18.4367,31.7373,327.4,2023-09-04,1224,D,0
-18.4868,31.2452,326.9,2023-09-04,1224,D,0
-18.5314,30.7923,324.3,2023-09-04,1224,D,0
-18.258,32.3681,321.5,2023-09-04,1224,D,0
-18.289,31.6798,324.5,2023-09-04,1224,D,0
-18.2928,31.6592,319.3,2023-09-04,1224,D,0
-18.3348,31.4337,332.6,2023-09-04,1224,D,0
-18.4784,30.6484,323.3,2023-09-04,1224,D,0
-18.4847,30.6425,323.1,2023-09-04,1224,D,0
-18.2906,31.6728,328.2,2023-09-04,1224,D,0
-18.331,31.4465,324.3,2023-09-04,1224,D,0
-18.3346,31.4262,323.0,2023-09-04,1224,D,0
-18.3308,31.3013,324.6,2023-09-04,1224,D,0
-18.4556,30.4588,325.3,2023-09-04,1224,D,0
-18.4586,30.4418,326.4,2023-09-04,1224,D,0
-18.3383,31.0456,322.2,2023-09-04,1224,D,0
-18.963,27.3077,338.9,2023-09-04,1224,D,0
-18.9502,27.3274,337.2,2023-09-04,1224,D,0
-18.1262,31.6334,350.1,2023-09-04,1224,D,0
-18.8849,27.2227,335.4,2023-09-04,1224,D,0
-18.2501,30.8881,333.0,2023-09-04,1224,D,0
-18.2534,30.8698,358.9,2023-09-04,1224,D,0
-18.8755,27.221,332.6,2023-09-04,1224,D,0
-18.1241,31.6475,347.8,2023-09-04,1224,D,0
-18.1279,31.6259,334.8,2023-09-04,1224,D,0
-18.2464,30.8801,350.6,2023-09-04,1224,D,0
-18.2496,30.8617,341.4,2023-09-04,1224,D,0
-18.5466,29.1149,325.3,2023-09-04,1224,D,0
-18.5579,29.0464,325.6,2023-09-04,1224,D,0
-18.7796,27.3619,340.7,2023-09-04,1224,D,0
-18.7701,27.3603,353.6,2023-09-04,1224,D,0
-18.7718,27.3495,363.9,2023-09-04,1224,D,0
-18.4909,28.9917,324.8,2023-09-04,1224,D,0
-18.7596,27.3033,342.1,2023-09-04,1224,D,0
-18.7682,27.2498,340.3,2023-09-04,1224,D,0
-18.7551,27.308,336.0,2023-09-04,1224,D,0
-18.7568,27.2972,334.2,2023-09-04,1224,D,0
-18.7618,27.2651,333.6,2023-09-04,1224,D,0
-18.7634,27.2544,341.9,2023-09-04,1224,D,0
-18.7651,27.2437,341.3,2023-09-04,1224,D,0
-18.7523,27.2634,359.8,2023-09-04,1224,D,0
-18.754,27.2527,360.2,2023-09-04,1224,D,0
-18.7556,27.242,374.6,2023-09-04,1224,D,0
-18.7573,27.2314,336.3,2023-09-04,1224,D,0
-18.7428,27.2617,335.2,2023-09-04,1224,D,0
-18.7445,27.251,381.2,2023-09-04,1224,D,0
-18.7461,27.2404,352.0,2023-09-04,1224,D,0
-18.5104,27.826,331.5,2023-09-04,1224,D,0
-18.5803,27.3926,357.5,2023-09-04,1224,D,0
-18.582,27.3817,331.2,2023-09-04,1224,D,0
-17.996,30.6857,327.0,2023-09-04,1224,D,0
-18.5655,27.4235,328.5,2023-09-04,1224,D,0
-17.4924,31.0598,322.7,2023-09-04,1224,D,0
-17.4138,31.4893,322.4,2023-09-04,1224,D,0
-17.8414,29.1421,322.3,2023-09-04,1224,D,0
-17.8391,29.1561,327.7,2023-09-04,1224,D,0
-17.6739,30.4633,322.0,2023-09-04,1224,D,0
-17.6201,30.847,329.0,2023-09-04,1224,D,0
-17.6169,30.8659,320.9,2023-09-04,1224,D,0
-17.8157,29.625,323.5,2023-09-04,1224,D,0
-17.6214,30.8526,334.3,2023-09-04,1224,D,0
-18.3737,26.4787,330.3,2023-09-04,1224,D,0
-17.8179,29.8796,340.9,2023-09-04,1224,D,0
-17.8152,29.8955,323.1,2023-09-04,1224,D,0
-17.6256,30.971,321.7,2023-09-04,1224,D,0
-17.8401,29.8193,326.9,2023-09-04,1224,D,0
-17.8374,29.8349,328.2,2023-09-04,1224,D,0
-17.7932,30.0911,327.4,2023-09-04,1224,D,0
-17.6381,30.9732,330.5,2023-09-04,1224,D,0
-17.6697,30.9396,323.3,2023-09-04,1224,D,0
-17.6664,30.9585,325.2,2023-09-04,1224,D,0
-17.6391,31.1131,326.5,2023-09-04,1224,D,0
-17.6788,30.9609,328.2,2023-09-04,1224,D,0
-17.8666,29.9394,328.1,2023-09-04,1224,D,0
-17.864,29.9553,326.8,2023-09-04,1224,D,0
-17.6721,30.9471,328.2,2023-09-04,1224,D,0
-17.6686,30.966,323.0,2023-09-04,1224,D,0
-17.6402,31.1205,328.7,2023-09-04,1224,D,0
-17.8644,29.9457,337.2,2023-09-04,1224,D,0
-17.8674,29.9958,333.7,2023-09-04,1224,D,0
-17.9393,29.7172,324.2,2023-09-04,1224,D,0
-18.0716,29.2705,326.7,2023-09-04,1224,D,0
-17.9613,29.9309,325.3,2023-09-04,1224,D,0
-17.7867,30.8202,323.9,2023-09-04,1224,D,0
-18.0725,29.2763,330.6,2023-09-04,1224,D,0
-17.7976,31.2601,321.7,2023-09-04,1224,D,0
-17.7978,31.2678,321.4,2023-09-04,1224,D,0
-17.9663,30.6191,355.6,2023-09-04,1224,D,0
-17.9632,30.6368,338.6,2023-09-04,1224,D,0
-18.0027,30.5535,344.5,2023-09-04,1224,D,0
-17.993,30.6798,321.6,2023-09-04,1224,D,0
-17.9898,30.6977,326.6,2023-09-04,1224,D,0
-21.1718,29.7829,328.7,2023-09-04,1224,D,0
-21.165,29.0942,335.5,2023-09-04,1224,D,0
-20.9596,29.0999,324.1,2023-09-04,1224,D,0
-20.9135,28.9362,323.4,2023-09-04,1224,D,0
-20.9034,28.9343,335.6,2023-09-04,1224,D,0
-20.9055,28.9219,323.6,2023-09-04,1224,D,0
-20.4725,30.8715,321.9,2023-09-04,1224,D,0
-20.4815,30.8217,320.8,2023-09-04,1224,D,0
-20.4742,29.9525,337.0,2023-09-04,1224,D,0
-20.4767,29.9378,324.7,2023-09-04,1224,D,0
-20.4633,29.9505,330.1,2023-09-04,1224,D,0
-20.6415,28.5343,328.0,2023-09-04,1224,D,0
-20.3902,29.899,328.8,2023-09-04,1224,D,0
-20.6158,28.5045,326.6,2023-09-04,1224,D,0
-20.4671,29.3264,326.0,2023-09-04,1224,D,0
-20.4693,29.3134,330.6,2023-09-04,1224,D,0
-20.0924,31.3569,327.4,2023-09-04,1224,D,0
-20.6289,28.3028,322.2,2023-09-04,1224,D,0
-20.6309,28.2911,327.4,2023-09-04,1224,D,0
-20.4626,29.3198,325.4,2023-09-04,1224,D,0
-20.6287,28.2969,330.2,2023-09-04,1224,D,0
-20.619,28.295,342.5,2023-09-04,1224,D,0
-20.0902,31.3509,324.3,2023-09-04,1224,D,0
-20.6092,28.2932,335.1,2023-09-04,1224,D,0
-20.5596,28.5372,337.8,2023-09-04,1224,D,0
-20.5498,28.5351,344.0,2023-09-04,1224,D,0
-20.5517,28.5231,351.7,2023-09-04,1224,D,0
-20.4172,29.2705,330.0,2023-09-04,1224,D,0
-20.4942,28.7474,332.3,2023-09-04,1224,D,0
-20.4963,28.7352,326.4,2023-09-04,1224,D,0
-20.5883,28.1135,333.3,2023-09-04,1224,D,0
-20.0291,31.2049,327.8,2023-09-04,1224,D,0
-20.0363,31.1993,330.1,2023-09-04,1224,D,0
-20.0625,30.9124,332.8,2023-09-04,1224,D,0
-20.2515,29.696,325.7,2023-09-04,1224,D,0
-20.2539,29.6819,332.1,2023-09-04,1224,D,0
-20.2408,29.6938,330.8,2023-09-04,1224,D,0
-20.2432,29.6798,359.8,2023-09-04,1224,D,0
-20.3424,29.0351,324.9,2023-09-04,1224,D,0
-20.1502,29.0785,325.9,2023-09-04,1224,D,0
-20.176,28.6883,325.1,2023-09-04,1224,D,0
-20.1075,28.7259,353.2,2023-09-04,1224,D,0
-20.1096,28.7137,334.1,2023-09-04,1224,D,0
-19.6673,31.1597,324.8,2023-09-04,1224,D,0
-19.6706,31.1418,328.1,2023-09-04,1224,D,0
-20.0974,28.7241,344.2,2023-09-04,1224,D,0
-20.0995,28.7118,339.1,2023-09-04,1224,D,0
-20.097,28.7299,328.8,2023-09-04,1224,D,0
-20.099,28.7175,351.2,2023-09-04,1224,D,0
-19.675,31.1542,325.9,2023-09-04,1224,D,0
-19.663,31.1516,323.5,2023-09-04,1224,D,0
-19.6708,30.9681,328.0,2023-09-04,1224,D,0
-19.674,30.9505,323.3,2023-09-04,1224,D,0
-20.0383,28.77,338.4,2023-09-04,1224,D,0
-20.0403,28.7576,338.1,2023-09-04,1224,D,0
-20.0746,28.5501,328.9,2023-09-04,1224,D,0
-20.0646,28.5483,326.4,2023-09-04,1224,D,0
-19.6224,31.0313,328.3,2023-09-04,1224,D,0
-19.9237,29.1979,397.3,2023-09-04,1224,D,0
-19.9259,29.1846,337.0,2023-09-04,1224,D,0
-19.6188,31.0252,323.8,2023-09-04,1224,D,0
-19.9275,29.2066,356.6,2023-09-04,1224,D,0
-19.9297,29.1934,372.6,2023-09-04,1224,D,0
-19.516,31.251,321.1,2023-09-04,1224,D,0
-19.7457,29.955,327.2,2023-09-04,1224,D,0
-19.7765,29.2943,328.0,2023-09-04,1224,D,0
-19.5601,29.6126,325.9,2023-09-04,1224,D,0
-19.5493,29.6106,327.0,2023-09-04,1224,D,0
-19.5517,29.5963,335.9,2023-09-04,1224,D,0
-19.3124,30.9058,327.5,2023-09-04,1224,D,0
-19.0125,32.3951,322.1,2023-09-04,1224,D,0
-18.9319,32.5954,320.0,2023-09-04,1224,D,0
-18.9366,32.5711,335.2,2023-09-04,1224,D,0
-18.9407,32.5912,329.5,2023-09-04,1224,D,0
-18.9453,32.5664,328.5,2023-09-04,1224,D,0
-19.3089,30.4076,325.2,2023-09-04,1224,D,0
-19.3118,30.3912,330.0,2023-09-04,1224,D,0
-19.254,30.4481,321.5,2023-09-04,1224,D,0
-19.1939,30.7144,338.7,2023-09-04,1224,D,0
-19.197,30.6973,354.6,2023-09-04,1224,D,0
-19.1992,30.7086,357.2,2023-09-04,1224,D,0
-19.2022,30.6914,334.2,2023-09-04,1224,D,0
-19.3551,29.7996,323.7,2023-09-04,1224,D,0
-19.5871,28.1435,356.6,2023-09-04,1224,D,0
-19.5579,28.1978,369.0,2023-09-04,1224,D,0
-19.5598,28.1861,341.2,2023-09-04,1224,D,0
-19.5655,28.1514,355.9,2023-09-04,1224,D,0
-19.5674,28.1398,368.4,2023-09-04,1224,D,0
-19.5462,28.2076,345.1,2023-09-04,1224,D,0
-19.5481,28.196,370.5,2023-09-04,1224,D,0
-19.5557,28.1496,379.6,2023-09-04,1224,D,0
-19.5576,28.138,443.9,2023-09-04,1224,D,0
-19.5595,28.1265,360.4,2023-09-04,1224,D,0
-18.7883,32.3813,323.1,2023-09-04,1224,D,0
-18.7957,32.3778,322.5,2023-09-04,1224,D,0
-17.1908,28.5534,328.0,2023-09-04,1225,D,0
-17.6122,30.2567,324.7,2023-09-04,1225,D,0
-17.4911,31.0527,322.8,2023-09-04,1225,D,0
-18.1425,26.3089,325.8,2023-09-04,1225,D,0
-18.1151,26.3651,328.2,2023-09-04,1225,D,0
-17.2923,31.2166,320.2,2023-09-04,1225,D,0
-17.5144,29.9687,333.4,2023-09-04,1225,D,0
-18.1059,26.3635,330.9,2023-09-04,1225,D,0
-17.4284,29.9955,323.1,2023-09-04,1225,D,0
-17.1295,31.5226,323.7,2023-09-04,1225,D,0
-17.1164,31.5201,326.7,2023-09-04,1225,D,0
-17.1078,31.5132,321.1,2023-09-04,1225,D,0
-17.3296,30.1776,326.7,2023-09-04,1225,D,0
-17.5008,29.1708,332.9,2023-09-04,1225,D,0
-17.6975,27.9729,343.0,2023-09-04,1225,D,0
-17.4258,29.0622,331.0,2023-09-04,1225,D,0
-17.1141,30.7333,325.1,2023-09-04,1225,D,0
-17.2545,29.5376,326.7,2023-09-04,1225,D,0
-16.9677,31.0421,323.3,2023-09-04,1225,D,0
-17.152,29.7255,322.4,2023-09-04,1225,D,0
-17.3938,28.3298,325.3,2023-09-04,1225,D,0
-17.1513,29.7349,322.9,2023-09-04,1225,D,0
-17.2649,28.9199,337.8,2023-09-04,1225,D,0
-17.2672,28.906,332.5,2023-09-04,1225,D,0
-16.7167,31.6377,322.9,2023-09-04,1225,D,0
-16.7787,31.2897,320.2,2023-09-04,1225,D,0
-17.1562,29.0237,331.8,2023-09-04,1225,D,0
-17.1585,29.0097,329.9,2023-09-04,1225,D,0
-17.0263,29.6564,324.7,2023-09-04,1225,D,0
-16.8955,30.3383,325.3,2023-09-04,1225,D,0
-17.017,29.5742,331.5,2023-09-04,1225,D,0
-17.193,28.5403,325.0,2023-09-04,1225,D,0
-17.1825,28.5384,332.3,2023-09-04,1225,D,0
-17.1748,28.5436,327.6,2023-09-04,1225,D,0
-16.8844,30.149,345.8,2023-09-04,1225,D,0
-16.8874,30.1318,342.5,2023-09-04,1225,D,0
-16.9097,29.7922,325.3,2023-09-04,1225,D,0
-16.8953,29.8062,328.6,2023-09-04,1225,D,0
-16.8982,29.7899,344.5,2023-09-04,1225,D,0
-16.6136,31.3155,326.2,2023-09-04,1225,D,0
-16.7589,30.5116,325.1,2023-09-04,1225,D,0
-16.6006,31.3126,332.1,2023-09-04,1225,D,0
-16.6045,31.2918,336.8,2023-09-04,1225,D,0
-16.8164,30.1185,319.7,2023-09-04,1225,D,0
-16.5915,31.2891,326.0,2023-09-04,1225,D,0
-16.9874,29.0727,343.2,2023-09-04,1225,D,0
-16.7569,30.5059,327.6,2023-09-04,1225,D,0
-16.6045,31.3086,325.1,2023-09-04,1225,D,0
-16.9846,29.0812,336.2,2023-09-04,1225,D,0
-16.9869,29.0671,333.5,2023-09-04,1225,D,0
-16.5764,31.3909,319.5,2023-09-04,1225,D,0
-16.5915,31.3056,337.9,2023-09-04,1225,D,0
-16.5952,31.2849,332.0,2023-09-04,1225,D,0
-16.9312,29.2657,327.4,2023-09-04,1225,D,0
-16.7967,29.9869,324.4,2023-09-04,1225,D,0
-16.7996,29.97,328.9,2023-09-04,1225,D,0
-16.8021,29.8165,324.0,2023-09-04,1225,D,0
-16.8272,29.6715,323.9,2023-09-04,1225,D,0
-16.7906,29.8142,321.9,2023-09-04,1225,D,0
-16.8635,28.9795,325.7,2023-09-04,1225,D,0
-16.7905,29.1432,327.9,2023-09-04,1225,D,0
-16.7907,29.1378,328.5,2023-09-04,1225,D,0
-16.4742,30.8508,320.1,2023-09-04,1225,D,0
-16.6398,29.7567,321.8,2023-09-04,1225,D,0
-16.6426,29.7403,319.9,2023-09-04,1225,D,0
-16.5582,29.9484,321.7,2023-09-04,1225,D,0
-16.5601,29.9592,323.4,2023-09-04,1225,D,0
-16.5787,29.6385,321.5,2023-09-04,1225,D,0
-16.559,29.6844,320.5,2023-09-04,1225,D,0
-16.4106,29.8747,323.2,2023-09-04,1225,D,0
-16.3598,30.0527,332.4,2023-09-04,1225,D,0
-16.3628,30.035,323.1,2023-09-04,1225,D,0
-16.3096,29.7389,338.1,2023-09-04,1225,D,0
-20.4513,28.7714,306.1,2023-09-04,2030,N,0
-19.5054,28.0733,315.9,2023-09-04,2030,N,0
-19.512,28.0306,319.0,2023-09-04,2030,N,0
-19.496,28.0717,350.8,2023-09-04,2030,N,0
-19.487,28.0044,355.5,2023-09-04,2030,N,0
-20.4529,28.7778,309.1,2023-09-04,2030,N,0
-19.4886,27.9938,325.2,2023-09-04,2030,N,0
-19.4792,27.9922,322.5,2023-09-04,2030,N,0
-19.4625,28.0053,307.5,2023-09-04,2030,N,0
-19.4641,27.9946,305.2,2023-09-04,2030,N,0
-19.5038,28.084,317.3,2023-09-04,2030,N,0
-20.6311,28.2964,303.6,2023-09-04,2030,N,0
-19.6293,26.7551,300.7,2023-09-04,2030,N,0
-19.6023,26.7506,303.0,2023-09-04,2030,N,0
-18.6546,30.1592,300.7,2023-09-04,2030,N,0
-18.6642,30.1546,301.5,2023-09-04,2030,N,0
-18.9602,27.2898,309.6,2023-09-04,2030,N,0
-18.7318,27.284,310.3,2023-09-04,2030,N,0
-18.7333,27.2739,326.4,2023-09-04,2030,N,0
-18.7224,27.2206,306.6,2023-09-04,2030,N,0
-18.5738,27.4072,315.9,2023-09-04,2030,N,0
-18.5754,27.397,330.0,2023-09-04,2030,N,0
-18.5769,27.3869,324.0,2023-09-04,2030,N,0
-20.1294,29.1932,322.3,2023-09-04,2030,N,0
-19.5482,28.1421,300.2,2023-09-04,2030,N,0
-17.9223,30.0425,315.6,2023-09-04,2031,N,0
-18.3707,26.4814,306.6,2023-09-04,2031,N,0
-18.3721,26.4718,308.0,2023-09-04,2031,N,0
-17.6336,30.6729,319.4,2023-09-04,2031,N,0
-17.8399,29.1471,327.3,2023-09-04,2031,N,0
-17.842,29.1343,310.3,2023-09-04,2031,N,0
-17.4997,29.1672,303.7,2023-09-04,2031,N,0
-17.0264,31.2432,301.1,2023-09-04,2031,N,0
-17.0646,30.7679,304.6,2023-09-04,2031,N,0
-16.8882,29.5285,305.6,2023-09-04,2031,N,0
-16.8905,29.5147,303.9,2023-09-04,2031,N,0
-16.9383,29.2173,302.9,2023-09-04,2031,N,0
-16.4046,29.3279,303.9,2023-09-04,2031,N,0
-16.4015,29.321,302.8,2023-09-04,2031,N,0
-17.9324,30.2639,300.8,2023-09-04,2031,N,0
-18.446,26.4701,302.9,2023-09-04,2031,N,0
-18.3141,30.4077,305.6,2023-09-04,2317,N,0
-17.5784,30.0104,303.3,2023-09-04,2317,N,0
-18.3194,30.3953,308.0,2023-09-04,2317,N,0
-20.6246,28.2981,300.9,2023-09-04,2318,N,0
-17.8612,32.7578,329.0,2023-09-05,722,D,0
-16.0042,30.7858,329.8,2023-09-05,722,D,0
-16.0079,30.8069,316.0,2023-09-05,722,D,0
-16.0013,30.7795,321.4,2023-09-05,722,D,0
-16.0051,30.8004,325.1,2023-09-05,722,D,0
-16.5908,31.6651,314.9,2023-09-05,722,D,0
-16.5955,31.6581,319.1,2023-09-05,722,D,0
-16.4286,30.2362,312.8,2023-09-05,722,D,0
-16.7535,30.4799,318.6,2023-09-05,722,D,0
-16.7502,30.4747,317.7,2023-09-05,722,D,0
-17.509,31.3878,315.4,2023-09-05,722,D,0
-17.8588,32.7434,326.3,2023-09-05,722,D,0
-17.6435,30.4458,324.8,2023-09-05,723,D,0
-17.731,30.6411,317.9,2023-09-05,723,D,0
-17.6752,30.4769,315.8,2023-09-05,723,D,0
-17.7308,30.6352,315.6,2023-09-05,723,D,0
-17.7403,29.9605,327.6,2023-09-05,723,D,0
-17.9899,29.9607,314.3,2023-09-05,723,D,0
-18.4458,31.5935,322.4,2023-09-05,723,D,0
-18.4197,30.885,352.2,2023-09-05,723,D,0
-18.4219,30.8776,344.5,2023-09-05,723,D,0
-18.4253,30.8965,328.5,2023-09-05,723,D,0
-18.9989,32.5757,315.3,2023-09-05,723,D,0
-18.8849,29.8615,315.9,2023-09-05,723,D,0
-18.8812,29.8561,317.3,2023-09-05,723,D,0
-19.181,30.7748,315.3,2023-09-05,723,D,0
-17.6397,30.4246,316.4,2023-09-05,723,D,0
-18.7583,27.2068,340.6,2023-09-05,723,D,0
-18.7499,27.203,326.0,2023-09-05,723,D,0
-18.7568,27.2375,320.9,2023-09-05,723,D,0
-18.7658,27.1994,325.0,2023-09-05,723,D,0
-20.0136,31.231,326.3,2023-09-05,723,D,0
-20.0165,31.2476,328.0,2023-09-05,723,D,0
-19.4605,27.9833,348.5,2023-09-05,723,D,0
-19.4588,27.9778,337.6,2023-09-05,723,D,0
-19.4646,28.0074,324.0,2023-09-05,723,D,0
-19.4737,27.9746,325.9,2023-09-05,723,D,0
-19.4795,28.0043,323.3,2023-09-05,723,D,0
-20.0216,28.6658,314.1,2023-09-05,723,D,0
-20.1225,29.2037,319.9,2023-09-05,723,D,0
-20.0111,28.6609,315.6,2023-09-05,723,D,0
-20.1162,29.1982,315.4,2023-09-05,723,D,0
-20.8306,32.2141,320.6,2023-09-05,723,D,0
-20.833,32.228,322.9,2023-09-05,723,D,0
-17.7015,31.29,322.1,2023-09-05,1128,D,0
-19.9886,32.8405,323.7,2023-09-05,1128,D,0
-19.9881,32.8333,329.8,2023-09-05,1128,D,0
-20.1405,29.1986,326.4,2023-09-05,1128,D,0
-20.152,29.1921,323.0,2023-09-05,1128,D,0
-20.1352,29.1907,335.7,2023-09-05,1128,D,0
-20.1387,29.1522,325.7,2023-09-05,1128,D,0
-20.1185,29.1892,330.8,2023-09-05,1128,D,0
-20.114,29.1844,328.4,2023-09-05,1128,D,0
-20.024,28.6534,324.1,2023-09-05,1128,D,0
-20.0275,28.6114,320.6,2023-09-05,1128,D,0
-20.0067,28.6515,337.4,2023-09-05,1128,D,0
-20.0101,28.6098,326.6,2023-09-05,1128,D,0
-20.0219,28.6455,327.5,2023-09-05,1128,D,0
-20.0046,28.6437,338.8,2023-09-05,1128,D,0
-19.3641,32.7277,320.2,2023-09-05,1128,D,0
-19.5057,31.0432,319.8,2023-09-05,1128,D,0
-19.4498,30.3918,322.8,2023-09-05,1128,D,0
-19.4527,30.3873,322.6,2023-09-05,1128,D,0
-19.5796,28.1818,330.5,2023-09-05,1128,D,0
-19.5695,28.0897,330.0,2023-09-05,1128,D,0
-19.58,28.1739,328.5,2023-09-05,1128,D,0
-19.5704,28.0819,333.8,2023-09-05,1128,D,0
-19.5385,28.0327,328.4,2023-09-05,1128,D,0
-19.1804,31.2788,320.5,2023-09-05,1128,D,0
-19.2441,30.6509,321.1,2023-09-05,1128,D,0
-18.7919,32.3832,326.4,2023-09-05,1128,D,0
-18.8005,31.9606,319.9,2023-09-05,1128,D,0
-18.6401,31.9843,324.9,2023-09-05,1128,D,0
-18.6424,31.9622,325.6,2023-09-05,1128,D,0
-18.6438,31.9778,326.1,2023-09-05,1128,D,0
-18.5411,31.4688,322.8,2023-09-05,1128,D,0
-18.6572,29.8709,321.9,2023-09-05,1128,D,0
-18.6449,30.1806,321.1,2023-09-05,1128,D,0
-18.6619,29.8647,321.6,2023-09-05,1128,D,0
-18.4013,32.1602,319.0,2023-09-05,1128,D,0
-18.4534,31.6919,320.2,2023-09-05,1128,D,0
-18.434,30.9036,323.1,2023-09-05,1128,D,0
-18.4368,30.8769,322.6,2023-09-05,1128,D,0
-18.4224,30.8752,326.0,2023-09-05,1128,D,0
-18.3592,30.9221,321.9,2023-09-05,1128,D,0
-18.5639,29.0416,320.9,2023-09-05,1128,D,0
-18.3563,30.9149,322.6,2023-09-05,1128,D,0
-18.3419,30.9131,323.1,2023-09-05,1128,D,0
-18.2998,30.3085,328.3,2023-09-05,1128,D,0
-18.3028,30.2788,322.7,2023-09-05,1128,D,0
-17.814,32.7717,319.9,2023-09-05,1128,D,0
-17.8723,32.0145,319.7,2023-09-05,1128,D,0
-17.7548,31.5192,324.6,2023-09-05,1128,D,0
-17.7472,31.5111,323.4,2023-09-05,1128,D,0
-17.7437,31.4168,328.0,2023-09-05,1128,D,0
-17.6876,31.2886,322.0,2023-09-05,1128,D,0
-17.4843,32.1123,320.0,2023-09-05,1128,D,0
-17.5684,30.3858,320.0,2023-09-05,1128,D,0
-17.5928,30.0006,319.4,2023-09-05,1128,D,0
-17.5535,30.2373,328.1,2023-09-05,1128,D,0
-17.5775,29.9992,321.7,2023-09-05,1128,D,0
-17.5533,30.3765,323.3,2023-09-05,1128,D,0
-17.5542,30.23,324.6,2023-09-05,1128,D,0
-17.5799,29.9918,328.8,2023-09-05,1128,D,0
-17.2784,31.4005,326.6,2023-09-05,1128,D,0
-17.2859,30.9363,339.0,2023-09-05,1128,D,0
-17.2815,30.9291,336.7,2023-09-05,1128,D,0
-17.2268,31.2928,323.4,2023-09-05,1128,D,0
-17.2957,30.1007,330.4,2023-09-05,1128,D,0
-17.1965,30.9201,318.6,2023-09-05,1128,D,0
-17.2979,30.0961,328.7,2023-09-05,1128,D,0
-17.1929,30.9152,320.2,2023-09-05,1128,D,0
-17.1346,30.8771,319.0,2023-09-05,1128,D,0
-17.2257,28.9185,320.3,2023-09-05,1128,D,0
-17.0575,29.4623,331.7,2023-09-05,1128,D,0
-16.7854,31.9753,320.6,2023-09-05,1128,D,0
-17.063,29.4562,321.8,2023-09-05,1128,D,0
-16.9957,29.8007,327.7,2023-09-05,1128,D,0
-16.9989,29.7703,321.7,2023-09-05,1128,D,0
-17.0483,28.7835,318.5,2023-09-05,1128,D,0
-17.043,28.7792,318.6,2023-09-05,1128,D,0
-16.7276,31.5751,326.9,2023-09-05,1128,D,0
-16.8674,29.8741,320.1,2023-09-05,1128,D,0
-16.8666,29.8969,319.7,2023-09-05,1128,D,0
-16.7047,30.4249,333.0,2023-09-05,1129,D,0
-16.6902,30.4227,325.7,2023-09-05,1129,D,0
-16.704,30.4197,337.5,2023-09-05,1129,D,0
-16.8404,28.9978,318.3,2023-09-05,1129,D,0
-16.4855,31.3015,319.2,2023-09-05,1129,D,0
-16.4881,31.2787,319.2,2023-09-05,1129,D,0
-16.0151,30.8205,339.3,2023-09-05,1129,D,0
-16.024,30.8144,334.9,2023-09-05,1129,D,0
-16.0128,30.7882,325.2,2023-09-05,1129,D,0
-15.9987,30.7865,326.0,2023-09-05,1129,D,0
-18.2353,25.9728,318.0,2023-09-05,2359,N,0
-18.3634,26.4755,301.8,2023-09-05,2359,N,0
-18.3647,26.485,303.7,2023-09-05,2359,N,0
-19.4163,30.916,300.5,2023-09-05,2359,N,0
-19.6477,26.7689,305.8,2023-09-05,2359,N,0
-20.6305,28.3022,301.9,2023-09-05,2359,N,0
-20.6298,28.2952,304.0,2023-09-05,2359,N,0
-18.1835,29.6954,321.3,2023-09-06,803,D,0
-16.0142,30.7991,324.9,2023-09-06,803,D,0
-16.0158,30.8112,331.9,2023-09-06,803,D,0
-16.337,29.8414,327.9,2023-09-06,803,D,0
-16.3465,29.8399,344.8,2023-09-06,803,D,0
-16.4451,30.1902,324.9,2023-09-06,803,D,0
-16.4564,30.2,326.8,2023-09-06,803,D,0
-16.4578,30.2113,329.5,2023-09-06,803,D,0
-16.4593,30.2226,319.5,2023-09-06,803,D,0
-16.4227,29.8684,317.3,2023-09-06,803,D,0
-16.4647,30.1876,335.8,2023-09-06,803,D,0
-16.473,30.1751,352.3,2023-09-06,803,D,0
-16.4745,30.1863,332.1,2023-09-06,803,D,0
-16.5383,30.6758,324.8,2023-09-06,803,D,0
-16.5398,30.6879,375.0,2023-09-06,803,D,0
-16.4926,29.8508,321.1,2023-09-06,803,D,0
-16.5558,30.0318,322.2,2023-09-06,803,D,0
-16.5573,30.0431,327.7,2023-09-06,803,D,0
-16.567,30.0422,320.7,2023-09-06,803,D,0
-16.5679,29.9751,323.5,2023-09-06,803,D,0
-16.5694,29.9861,318.5,2023-09-06,803,D,0
-16.5945,29.6337,323.8,2023-09-06,803,D,0
-16.5959,29.6443,326.7,2023-09-06,803,D,0
-16.6481,30.0354,326.1,2023-09-06,803,D,0
-16.6495,30.0465,321.9,2023-09-06,803,D,0
-16.6039,29.6324,322.2,2023-09-06,803,D,0
-16.6054,29.6429,321.8,2023-09-06,803,D,0
-16.7627,30.6017,323.5,2023-09-06,803,D,0
-16.6885,29.7225,317.9,2023-09-06,803,D,0
-16.9087,31.4308,324.2,2023-09-06,803,D,0
-16.8902,30.9489,352.9,2023-09-06,803,D,0
-16.8969,30.9422,369.1,2023-09-06,803,D,0
-16.8985,30.9548,341.5,2023-09-06,803,D,0
-16.7016,29.2784,326.5,2023-09-06,803,D,0
-16.703,29.2887,325.8,2023-09-06,803,D,0
-16.7447,29.6001,321.2,2023-09-06,803,D,0
-16.7461,29.6107,328.5,2023-09-06,803,D,0
-16.9773,31.3328,324.1,2023-09-06,803,D,0
-16.7654,29.2109,320.6,2023-09-06,803,D,0
-16.7668,29.2211,320.8,2023-09-06,803,D,0
-16.8787,29.9968,321.7,2023-09-06,803,D,0
-16.769,29.0967,344.2,2023-09-06,803,D,0
-16.7703,29.1068,326.1,2023-09-06,803,D,0
-16.9957,30.6688,320.2,2023-09-06,803,D,0
-16.9973,30.6811,319.8,2023-09-06,803,D,0
-16.8244,29.2959,323.6,2023-09-06,803,D,0
-16.9652,29.9559,322.2,2023-09-06,803,D,0
-17.2098,31.0801,327.3,2023-09-06,803,D,0
-17.2266,30.7317,323.4,2023-09-06,803,D,0
-17.1113,29.237,336.8,2023-09-06,803,D,0
-17.4187,30.9467,318.5,2023-09-06,803,D,0
-17.4204,30.9596,326.9,2023-09-06,803,D,0
-17.4291,30.9453,318.8,2023-09-06,803,D,0
-17.4308,30.9584,328.4,2023-09-06,803,D,0
-17.1199,28.2376,320.6,2023-09-06,803,D,0
-17.6897,31.9276,328.5,2023-09-06,803,D,0
-17.2583,28.5053,323.6,2023-09-06,803,D,0
-17.2214,28.1092,318.4,2023-09-06,803,D,0
-17.222,27.9838,320.3,2023-09-06,803,D,0
-17.7431,31.0383,318.1,2023-09-06,803,D,0
-17.637,30.1088,323.1,2023-09-06,803,D,0
-17.6384,30.1203,339.8,2023-09-06,803,D,0
-17.6126,29.4398,320.1,2023-09-06,803,D,0
-17.7199,29.9628,322.3,2023-09-06,803,D,0
-17.9581,31.6907,316.8,2023-09-06,803,D,0
-18.1802,31.0467,321.3,2023-09-06,803,D,0
-18.1818,31.0602,324.3,2023-09-06,803,D,0
-18.0278,29.735,327.2,2023-09-06,803,D,0
-18.3418,32.2372,316.7,2023-09-06,803,D,0
-18.0227,29.5446,320.6,2023-09-06,803,D,0
-18.0923,30.0043,329.1,2023-09-06,803,D,0
-18.3713,31.6067,321.4,2023-09-06,803,D,0
-18.185,29.7066,336.1,2023-09-06,803,D,0
-18.2531,30.0649,322.4,2023-09-06,803,D,0
-18.3088,30.2639,320.6,2023-09-06,803,D,0
-18.3498,30.1849,322.3,2023-09-06,803,D,0
-18.7576,32.3704,326.6,2023-09-06,803,D,0
-18.769,32.163,320.4,2023-09-06,803,D,0
-18.771,32.1798,319.2,2023-09-06,803,D,0
-18.7669,32.1738,324.0,2023-09-06,803,D,0
-18.5281,29.9847,318.6,2023-09-06,803,D,0
-18.5483,28.8729,321.2,2023-09-06,803,D,0
-18.9014,31.5494,320.6,2023-09-06,803,D,0
-18.7057,29.7821,324.4,2023-09-06,803,D,0
-18.7072,29.7935,322.8,2023-09-06,803,D,0
-18.2233,25.9973,322.9,2023-09-06,803,D,0
-18.2276,25.9615,349.1,2023-09-06,803,D,0
-18.229,25.9709,332.7,2023-09-06,803,D,0
-18.6694,29.0953,319.7,2023-09-06,803,D,0
-18.9225,30.955,320.2,2023-09-06,803,D,0
-18.9242,30.9686,322.7,2023-09-06,803,D,0
-18.8394,30.1919,324.8,2023-09-06,803,D,0
-18.8744,30.2245,324.6,2023-09-06,803,D,0
-18.3685,26.4772,327.9,2023-09-06,803,D,0
-18.6432,28.3382,325.6,2023-09-06,803,D,0
-19.0951,31.4516,324.9,2023-09-06,803,D,0
-19.1617,31.6295,322.0,2023-09-06,803,D,0
-19.3168,30.9208,350.9,2023-09-06,804,D,0
-19.3185,30.9347,321.8,2023-09-06,804,D,0
-19.3275,30.9193,342.7,2023-09-06,804,D,0
-19.435,30.787,317.8,2023-09-06,804,D,0
-19.4396,30.7806,334.2,2023-09-06,804,D,0
-19.4412,30.7942,326.5,2023-09-06,804,D,0
-19.3173,29.7005,334.7,2023-09-06,804,D,0
-19.4305,30.1111,320.7,2023-09-06,804,D,0
-19.4321,30.1239,359.7,2023-09-06,804,D,0
-19.5072,28.3429,322.2,2023-09-06,804,D,0
-19.5199,28.0256,328.8,2023-09-06,804,D,0
-19.7172,29.4908,347.5,2023-09-06,804,D,0
-19.7186,29.5022,344.8,2023-09-06,804,D,0
-19.8644,29.3648,323.0,2023-09-06,804,D,0
-19.8173,28.3196,324.6,2023-09-06,804,D,0
-19.8187,28.3297,334.8,2023-09-06,804,D,0
-19.8266,28.3183,323.7,2023-09-06,804,D,0
-19.8279,28.3284,333.1,2023-09-06,804,D,0
-20.1318,29.2289,354.0,2023-09-06,804,D,0
-20.1332,29.2401,327.5,2023-09-06,804,D,0
-20.2261,29.9618,320.4,2023-09-06,804,D,0
-20.1511,29.2261,335.7,2023-09-06,804,D,0
-20.1526,29.2374,331.1,2023-09-06,804,D,0
-20.1548,29.2311,339.4,2023-09-06,804,D,0
-20.5186,28.4937,327.9,2023-09-06,804,D,0
-20.5199,28.5041,348.4,2023-09-06,804,D,0
-20.5279,28.4923,350.0,2023-09-06,804,D,0
-20.5293,28.5028,353.2,2023-09-06,804,D,0
-20.5827,28.1403,321.1,2023-09-06,804,D,0
-20.6325,28.3006,317.3,2023-09-06,804,D,0
-21.1505,32.3235,317.0,2023-09-06,804,D,0
-20.215,28.8381,326.9,2023-09-06,1209,D,0
-19.2629,31.5167,323.8,2023-09-06,1209,D,0
-19.261,31.5281,324.5,2023-09-06,1209,D,0
-19.5102,29.9922,322.7,2023-09-06,1209,D,0
-19.2725,31.5185,342.3,2023-09-06,1209,D,0
-19.2707,31.5299,345.7,2023-09-06,1209,D,0
-19.4637,30.3591,328.0,2023-09-06,1209,D,0
-19.5444,29.8884,324.6,2023-09-06,1209,D,0
-19.4103,30.7671,330.5,2023-09-06,1209,D,0
-19.5929,29.7438,345.7,2023-09-06,1209,D,0
-19.5914,29.7535,346.0,2023-09-06,1209,D,0
-19.6505,29.4205,333.4,2023-09-06,1209,D,0
-19.4459,30.7578,347.0,2023-09-06,1209,D,0
-19.6595,29.422,332.6,2023-09-06,1209,D,0
-19.658,29.4315,335.0,2023-09-06,1209,D,0
-19.3285,31.6157,328.7,2023-09-06,1209,D,0
-19.3266,31.6271,328.8,2023-09-06,1209,D,0
-19.5968,29.9627,341.3,2023-09-06,1209,D,0
-19.5954,29.9725,346.5,2023-09-06,1209,D,0
-19.5009,30.5885,325.3,2023-09-06,1209,D,0
-19.4994,30.5987,327.1,2023-09-06,1209,D,0
-19.7028,29.439,364.7,2023-09-06,1209,D,0
-19.7014,29.4485,378.2,2023-09-06,1209,D,0
-19.6958,29.4866,335.5,2023-09-06,1209,D,0
-19.6196,29.9967,326.7,2023-09-06,1209,D,0
-19.7118,29.4405,341.3,2023-09-06,1209,D,0
-20.5918,30.7526,327.6,2023-09-06,1209,D,0
-20.5933,30.7425,328.3,2023-09-06,1209,D,0
-20.5841,30.7408,325.1,2023-09-06,1209,D,0
-20.0855,32.7528,327.0,2023-09-06,1209,D,0
-20.3125,31.235,321.9,2023-09-06,1209,D,0
-19.9721,32.6306,347.8,2023-09-06,1209,D,0
-19.9618,32.6284,328.2,2023-09-06,1209,D,0
-20.6309,28.307,326.5,2023-09-06,1209,D,0
-20.6323,28.2975,327.8,2023-09-06,1209,D,0
-19.9627,32.635,336.3,2023-09-06,1209,D,0
-19.9648,32.6222,326.0,2023-09-06,1209,D,0
-20.1387,31.2897,331.6,2023-09-06,1209,D,0
-20.1368,31.1795,322.8,2023-09-06,1209,D,0
-20.0999,31.3495,330.3,2023-09-06,1209,D,0
-20.5207,28.4982,333.0,2023-09-06,1209,D,0
-20.5705,28.1432,331.9,2023-09-06,1209,D,0
-20.0879,31.3027,328.0,2023-09-06,1209,D,0
-20.5144,28.4777,354.7,2023-09-06,1209,D,0
-20.5158,28.4682,374.8,2023-09-06,1209,D,0
-20.5171,28.4586,337.9,2023-09-06,1209,D,0
-20.5628,28.1321,345.7,2023-09-06,1209,D,0
-20.5641,28.1225,337.6,2023-09-06,1209,D,0
-20.5655,28.1128,337.2,2023-09-06,1209,D,0
-20.0851,31.2964,326.7,2023-09-06,1209,D,0
-20.486,28.6134,324.0,2023-09-06,1209,D,0
-20.5064,28.4706,323.9,2023-09-06,1209,D,0
-20.5078,28.461,353.0,2023-09-06,1209,D,0
-20.5553,28.1251,341.6,2023-09-06,1209,D,0
-20.5566,28.1154,327.8,2023-09-06,1209,D,0
-20.1203,31.0081,326.4,2023-09-06,1209,D,0
-20.1219,30.9975,329.6,2023-09-06,1209,D,0
-20.4527,28.7828,324.6,2023-09-06,1209,D,0
-20.0474,31.4119,321.1,2023-09-06,1209,D,0
-19.9398,31.4424,324.2,2023-09-06,1209,D,0
-19.9734,30.7038,325.4,2023-09-06,1209,D,0
-19.9641,30.7022,339.1,2023-09-06,1209,D,0
-19.9657,30.692,330.9,2023-09-06,1209,D,0
-20.2478,28.737,335.3,2023-09-06,1209,D,0
-20.2491,28.7275,323.3,2023-09-06,1209,D,0
-20.1676,29.2274,327.5,2023-09-06,1209,D,0
-19.7104,29.45,369.1,2023-09-06,1209,D,0
-19.709,29.4595,362.6,2023-09-06,1209,D,0
-19.7047,29.4881,341.9,2023-09-06,1209,D,0
-19.7193,29.4515,343.2,2023-09-06,1209,D,0
-19.7179,29.461,356.5,2023-09-06,1209,D,0
-19.5267,30.7298,327.8,2023-09-06,1209,D,0
-19.514,30.8124,327.7,2023-09-06,1209,D,0
-19.5124,30.8227,328.0,2023-09-06,1209,D,0
-19.7268,29.4692,362.2,2023-09-06,1209,D,0
-19.7254,29.4787,352.9,2023-09-06,1209,D,0
-19.5357,30.717,332.6,2023-09-06,1209,D,0
-19.5341,30.7273,328.1,2023-09-06,1209,D,0
-19.5195,30.8201,333.0,2023-09-06,1209,D,0
-19.7344,29.4803,350.9,2023-09-06,1209,D,0
-19.7329,29.4898,333.1,2023-09-06,1209,D,0
-19.597,30.3848,344.7,2023-09-06,1209,D,0
-19.5955,30.3948,327.3,2023-09-06,1209,D,0
-19.4504,31.4365,328.3,2023-09-06,1209,D,0
-19.8722,29.3532,323.2,2023-09-06,1209,D,0
-19.8708,29.3627,323.8,2023-09-06,1209,D,0
-19.6401,30.8796,334.6,2023-09-06,1209,D,0
-19.6384,30.89,323.5,2023-09-06,1209,D,0
-19.7944,30.0596,330.9,2023-09-06,1209,D,0
-19.6724,31.1413,329.6,2023-09-06,1209,D,0
-19.7675,31.2415,326.6,2023-09-06,1209,D,0
-19.777,31.2431,322.4,2023-09-06,1209,D,0
-20.174,28.67,325.1,2023-09-06,1209,D,0
-20.1227,29.2133,328.2,2023-09-06,1209,D,0
-20.1213,29.2228,327.8,2023-09-06,1209,D,0
-19.7416,31.7165,323.9,2023-09-06,1209,D,0
-20.6647,31.0042,320.8,2023-09-06,1209,D,0
-20.1305,29.2309,333.7,2023-09-06,1209,D,0
-17.7765,29.932,332.3,2023-09-06,1210,D,0
-17.7982,31.7607,332.3,2023-09-06,1210,D,0
-18.1171,29.6976,327.7,2023-09-06,1210,D,0
-18.1186,29.688,327.3,2023-09-06,1210,D,0
-17.9764,30.2517,333.7,2023-09-06,1210,D,0
-17.978,30.2416,343.0,2023-09-06,1210,D,0
-18.0802,29.5727,325.8,2023-09-06,1210,D,0
-17.6997,31.9192,328.1,2023-09-06,1210,D,0
-17.9322,30.4744,336.1,2023-09-06,1210,D,0
-18.0386,29.7242,325.7,2023-09-06,1210,D,0
-18.028,29.7324,327.5,2023-09-06,1210,D,0
-17.947,30.0855,327.3,2023-09-06,1210,D,0
-17.9286,30.1439,331.2,2023-09-06,1210,D,0
-17.9301,30.1338,328.7,2023-09-06,1210,D,0
-18.0207,29.5364,325.3,2023-09-06,1210,D,0
-18.1746,28.3654,330.0,2023-09-06,1210,D,0
-17.6384,31.726,325.1,2023-09-06,1210,D,0
-17.7838,30.7645,334.1,2023-09-06,1210,D,0
-17.87,30.2164,327.6,2023-09-06,1210,D,0
-17.8843,29.9574,331.2,2023-09-06,1210,D,0
-17.717,30.98,328.9,2023-09-06,1210,D,0
-17.8294,30.1317,331.7,2023-09-06,1210,D,0
-17.8171,30.1501,329.9,2023-09-06,1210,D,0
-17.8429,29.8594,331.5,2023-09-06,1210,D,0
-17.8444,29.8496,336.3,2023-09-06,1210,D,0
-17.8353,29.8478,344.8,2023-09-06,1210,D,0
-17.8262,29.8463,335.5,2023-09-06,1210,D,0
-17.7193,30.4928,341.3,2023-09-06,1210,D,0
-17.7209,30.4824,330.9,2023-09-06,1210,D,0
-17.8292,29.7699,325.2,2023-09-06,1210,D,0
-17.9235,29.1371,330.2,2023-09-06,1210,D,0
-17.7099,30.4911,437.8,2023-09-06,1210,D,0
-17.7115,30.4807,391.9,2023-09-06,1210,D,0
-17.7005,30.4894,350.0,2023-09-06,1210,D,0
-17.7857,29.9337,328.4,2023-09-06,1210,D,0
-17.778,29.9222,360.4,2023-09-06,1210,D,0
-17.7795,29.9124,345.9,2023-09-06,1210,D,0
-17.7689,29.9207,348.1,2023-09-06,1210,D,0
-17.7704,29.9109,352.2,2023-09-06,1210,D,0
-17.8603,29.2528,325.6,2023-09-06,1210,D,0
-17.492,31.4922,324.0,2023-09-06,1210,D,0
-17.4939,31.4805,325.1,2023-09-06,1210,D,0
-17.7534,29.8375,325.1,2023-09-06,1210,D,0
-18.0201,28.0321,337.0,2023-09-06,1210,D,0
-17.5085,31.3285,325.3,2023-09-06,1210,D,0
-17.5103,31.317,322.5,2023-09-06,1210,D,0
-17.3749,32.0746,336.9,2023-09-06,1210,D,0
-17.5355,31.1002,328.6,2023-09-06,1210,D,0
-17.3798,32.07,326.4,2023-09-06,1210,D,0
-17.5345,31.0945,326.5,2023-09-06,1210,D,0
-17.3695,32.0679,325.2,2023-09-06,1210,D,0
-17.6823,30.0737,335.3,2023-09-06,1210,D,0
-17.5151,31.0912,325.2,2023-09-06,1210,D,0
-18.2064,26.2206,327.6,2023-09-06,1210,D,0
-18.2376,25.9857,339.3,2023-09-06,1210,D,0
-17.6362,30.1274,328.2,2023-09-06,1210,D,0
-18.228,25.9843,332.8,2023-09-06,1210,D,0
-18.2323,25.9519,334.1,2023-09-06,1210,D,0
-18.2337,25.9411,364.3,2023-09-06,1210,D,0
-17.6544,29.8859,332.7,2023-09-06,1210,D,0
-17.4693,31.0043,327.3,2023-09-06,1210,D,0
-17.4711,30.9932,324.3,2023-09-06,1210,D,0
-17.7216,29.3217,328.9,2023-09-06,1210,D,0
-18.1262,26.415,325.7,2023-09-06,1210,D,0
-18.129,26.3945,340.8,2023-09-06,1210,D,0
-18.1116,26.3814,334.8,2023-09-06,1210,D,0
-17.5774,30.0288,332.3,2023-09-06,1210,D,0
-17.5712,30.0073,341.2,2023-09-06,1210,D,0
-18.1623,25.8574,334.1,2023-09-06,1210,D,0
-18.1637,25.8466,386.7,2023-09-06,1210,D,0
-18.1652,25.8356,327.0,2023-09-06,1210,D,0
-17.4054,31.0088,322.7,2023-09-06,1210,D,0
-17.5529,30.0655,326.2,2023-09-06,1210,D,0
-17.6652,29.3253,333.2,2023-09-06,1210,D,0
-17.6709,29.2872,324.9,2023-09-06,1210,D,0
-17.5049,30.1917,355.9,2023-09-06,1210,D,0
-17.5064,30.1816,329.4,2023-09-06,1210,D,0
-17.6194,29.4451,327.6,2023-09-06,1210,D,0
-17.8262,28.037,327.5,2023-09-06,1210,D,0
-17.8329,27.9903,332.2,2023-09-06,1210,D,0
-17.8688,27.7369,333.0,2023-09-06,1210,D,0
-17.6104,29.4437,330.6,2023-09-06,1210,D,0
-17.8239,27.9889,331.0,2023-09-06,1210,D,0
-17.8253,27.9796,351.5,2023-09-06,1210,D,0
-17.8598,27.7355,339.2,2023-09-06,1210,D,0
-17.8611,27.7261,366.2,2023-09-06,1210,D,0
-17.8519,27.7285,340.3,2023-09-06,1210,D,0
-17.8532,27.7191,332.1,2023-09-06,1210,D,0
-17.2632,31.5809,352.0,2023-09-06,1210,D,0
-17.2651,31.569,329.0,2023-09-06,1210,D,0
-17.3486,30.9141,341.1,2023-09-06,1210,D,0
-17.3504,30.903,331.9,2023-09-06,1210,D,0
-17.339,30.9123,329.9,2023-09-06,1210,D,0
-17.3408,30.9013,325.3,2023-09-06,1210,D,0
-17.3267,30.8654,326.3,2023-09-06,1210,D,0
-17.2714,31.0254,340.5,2023-09-06,1210,D,0
-17.2732,31.0143,378.3,2023-09-06,1210,D,0
-17.2691,31.0183,374.6,2023-09-06,1210,D,0
-17.2709,31.0072,344.7,2023-09-06,1210,D,0
-17.4313,29.8393,342.2,2023-09-06,1210,D,0
-17.407,29.8756,341.1,2023-09-06,1210,D,0
-17.9425,26.1307,333.6,2023-09-06,1210,D,0
-17.1921,31.1892,344.0,2023-09-06,1210,D,0
-17.21,31.0766,329.8,2023-09-06,1210,D,0
-17.3596,30.0616,328.0,2023-09-06,1210,D,0
-17.4739,29.3106,326.7,2023-09-06,1210,D,0
-17.498,29.1491,332.5,2023-09-06,1210,D,0
-17.3503,30.06,326.3,2023-09-06,1210,D,0
-18.0037,25.2802,335.5,2023-09-06,1210,D,0
-18.0052,25.2684,351.7,2023-09-06,1210,D,0
-17.4733,29.0715,329.6,2023-09-06,1210,D,0
-17.4747,29.0621,327.8,2023-09-06,1210,D,0
-18.0045,25.2747,345.4,2023-09-06,1210,D,0
-18.0061,25.263,337.1,2023-09-06,1210,D,0
-17.1573,31.0846,325.2,2023-09-06,1210,D,0
-17.9946,25.2733,347.3,2023-09-06,1210,D,0
-17.9961,25.2616,406.6,2023-09-06,1210,D,0
-17.3637,29.6814,330.7,2023-09-06,1210,D,0
-17.4201,29.3058,352.3,2023-09-06,1210,D,0
-17.0867,31.4026,324.2,2023-09-06,1210,D,0
-17.2805,30.1662,324.6,2023-09-06,1210,D,0
-17.0786,31.3891,336.7,2023-09-06,1210,D,0
-17.1291,30.885,326.9,2023-09-06,1210,D,0
-17.2177,30.3238,328.6,2023-09-06,1210,D,0
-17.1195,30.8834,337.6,2023-09-06,1210,D,0
-17.1213,30.8724,356.5,2023-09-06,1210,D,0
-17.1317,30.807,338.9,2023-09-06,1210,D,0
-17.1222,30.8052,378.3,2023-09-06,1210,D,0
-17.1239,30.7943,326.6,2023-09-06,1210,D,0
-17.3117,29.593,327.6,2023-09-06,1210,D,0
-17.1173,30.8088,326.1,2023-09-06,1210,D,0
-17.119,30.7979,323.4,2023-09-06,1210,D,0
-17.2477,29.9585,323.7,2023-09-06,1210,D,0
-17.3026,29.5949,327.5,2023-09-06,1210,D,0
-17.4781,28.405,350.6,2023-09-06,1210,D,0
-17.4794,28.3957,336.7,2023-09-06,1210,D,0
-17.4656,28.3649,332.3,2023-09-06,1210,D,0
-17.0936,30.7712,327.7,2023-09-06,1210,D,0
-16.8652,32.0002,325.7,2023-09-06,1210,D,0
-17.3269,29.0604,328.4,2023-09-06,1210,D,0
-17.3283,29.051,332.4,2023-09-06,1210,D,0
-17.0756,30.6368,326.7,2023-09-06,1210,D,0
-17.2196,29.7107,324.4,2023-09-06,1210,D,0
-16.8187,31.9856,324.1,2023-09-06,1210,D,0
-16.8331,31.8967,328.9,2023-09-06,1210,D,0
-16.8351,31.8841,335.5,2023-09-06,1210,D,0
-16.9078,31.4308,330.4,2023-09-06,1210,D,0
-17.0866,30.2892,329.6,2023-09-06,1210,D,0
-16.8248,31.8823,342.5,2023-09-06,1210,D,0
-16.8979,31.4292,325.1,2023-09-06,1210,D,0
-16.8125,31.8926,326.3,2023-09-06,1210,D,0
-17.0075,30.6741,335.2,2023-09-06,1210,D,0
-17.1938,29.4617,326.6,2023-09-06,1210,D,0
-16.9979,30.6723,329.1,2023-09-06,1210,D,0
-17.2092,29.2974,331.0,2023-09-06,1210,D,0
-16.885,31.318,322.6,2023-09-06,1210,D,0
-17.2002,29.2959,330.3,2023-09-06,1210,D,0
-16.9162,30.9378,328.4,2023-09-06,1210,D,0
-16.9122,30.9418,329.3,2023-09-06,1210,D,0
-17.117,29.5412,334.1,2023-09-06,1210,D,0
-17.2923,28.3535,326.8,2023-09-06,1210,D,0
-16.8893,30.9606,341.5,2023-09-06,1210,D,0
-16.891,30.9496,350.1,2023-09-06,1210,D,0
-17.2617,28.5008,340.3,2023-09-06,1210,D,0
-17.2528,28.4994,330.3,2023-09-06,1210,D,0
-17.1073,29.2349,344.7,2023-09-06,1210,D,0
-17.2211,28.4658,333.9,2023-09-06,1210,D,0
-17.2225,28.4565,332.9,2023-09-06,1210,D,0
-16.7089,31.6999,328.7,2023-09-06,1210,D,0
-16.711,31.6876,325.4,2023-09-06,1210,D,0
-17.0983,29.2335,325.8,2023-09-06,1210,D,0
-16.7024,31.6931,332.9,2023-09-06,1210,D,0
-16.9339,30.2083,326.5,2023-09-06,1210,D,0
-16.9739,29.9453,331.5,2023-09-06,1210,D,0
-16.9754,29.9353,330.3,2023-09-06,1210,D,0
-16.9261,30.1964,342.7,2023-09-06,1210,D,0
-16.9277,30.1862,340.3,2023-09-06,1210,D,0
-16.9646,29.9438,365.3,2023-09-06,1210,D,0
-16.9662,29.9338,353.8,2023-09-06,1210,D,0
-16.9539,29.9524,330.4,2023-09-06,1210,D,0
-16.6208,31.9368,327.1,2023-09-06,1210,D,0
-16.6229,31.9241,326.2,2023-09-06,1210,D,0
-16.6436,31.7973,326.8,2023-09-06,1210,D,0
-16.7254,31.2902,324.2,2023-09-06,1210,D,0
-16.7273,31.2785,346.0,2023-09-06,1210,D,0
-16.7639,31.0489,326.1,2023-09-06,1210,D,0
-16.8516,30.4292,331.4,2023-09-06,1210,D,0
-16.9154,29.9562,328.0,2023-09-06,1210,D,0
-16.8938,29.9732,333.8,2023-09-06,1210,D,0
-16.8953,29.9631,341.2,2023-09-06,1210,D,0
-17.0619,28.8643,339.6,2023-09-06,1210,D,0
-17.0633,28.8549,330.3,2023-09-06,1210,D,0
-16.8861,29.9616,337.5,2023-09-06,1210,D,0
-16.8767,29.9741,328.0,2023-09-06,1210,D,0
-16.8782,29.964,361.2,2023-09-06,1210,D,0
-16.8797,29.954,339.6,2023-09-06,1210,D,0
-16.761,30.6018,324.1,2023-09-06,1210,D,0
-16.7626,30.5911,324.6,2023-09-06,1210,D,0
-16.7531,30.5894,328.7,2023-09-06,1210,D,0
-17.024,28.8033,327.0,2023-09-06,1210,D,0
-17.0254,28.7939,328.3,2023-09-06,1210,D,0
-16.7394,30.4898,370.2,2023-09-06,1210,D,0
-16.7411,30.4792,365.7,2023-09-06,1210,D,0
-16.9225,29.2996,328.3,2023-09-06,1210,D,0
-16.7299,30.4882,325.6,2023-09-06,1210,D,0
-16.7652,29.9803,327.4,2023-09-06,1210,D,0
-16.5666,31.0026,322.8,2023-09-06,1210,D,0
-16.5342,31.0787,347.3,2023-09-06,1210,D,0
-16.5361,31.0674,343.5,2023-09-06,1210,D,0
-16.4927,31.2649,328.6,2023-09-06,1210,D,0
-16.7496,29.5948,347.4,2023-09-06,1210,D,0
-16.7419,29.5835,342.4,2023-09-06,1210,D,0
-16.4856,31.1808,323.1,2023-09-06,1210,D,0
-16.6922,29.726,331.4,2023-09-06,1210,D,0
-16.6937,29.7161,338.1,2023-09-06,1210,D,0
-16.6197,30.1363,328.4,2023-09-06,1210,D,0
-16.683,29.7245,327.9,2023-09-06,1210,D,0
-16.6845,29.7146,329.0,2023-09-06,1210,D,0
-16.7762,29.1075,326.5,2023-09-06,1210,D,0
-16.7776,29.098,326.6,2023-09-06,1210,D,0
-16.6104,30.1347,365.1,2023-09-06,1210,D,0
-16.612,30.1246,332.9,2023-09-06,1210,D,0
-16.7672,29.1059,325.6,2023-09-06,1210,D,0
-16.7686,29.0964,331.8,2023-09-06,1210,D,0
-16.4869,30.8564,324.2,2023-09-06,1210,D,0
-16.8701,28.347,330.8,2023-09-06,1210,D,0
-16.8714,28.3377,327.7,2023-09-06,1210,D,0
-16.5642,30.3073,326.0,2023-09-06,1210,D,0
-16.5872,30.0007,327.3,2023-09-06,1210,D,0
-16.5625,30.0377,325.5,2023-09-06,1210,D,0
-16.5733,29.9672,324.1,2023-09-06,1210,D,0
-16.6127,29.6466,334.6,2023-09-06,1210,D,0
-16.4109,30.8844,325.2,2023-09-06,1210,D,0
-16.4127,30.8728,323.6,2023-09-06,1210,D,0
-16.6021,29.6549,366.0,2023-09-06,1210,D,0
-16.6036,29.6451,401.9,2023-09-06,1210,D,0
-16.5944,29.6435,403.3,2023-09-06,1210,D,0
-16.4998,30.1948,332.6,2023-09-06,1210,D,0
-16.5014,30.1846,368.6,2023-09-06,1210,D,0
-16.4905,30.1932,338.6,2023-09-06,1210,D,0
-16.4921,30.1829,363.1,2023-09-06,1210,D,0
-16.4762,30.2227,330.7,2023-09-06,1210,D,0
-16.4696,30.2255,363.0,2023-09-06,1210,D,0
-16.4712,30.2152,337.3,2023-09-06,1210,D,0
-16.4728,30.2047,324.8,2023-09-06,1210,D,0
-16.4602,30.2236,334.2,2023-09-06,1210,D,0
-16.4339,29.8595,326.0,2023-09-06,1210,D,0
-16.4231,29.8681,335.3,2023-09-06,1210,D,0
-16.4246,29.8581,329.3,2023-09-06,1210,D,0
-16.4681,29.5701,326.3,2023-09-06,1210,D,0
-16.4122,29.8147,324.3,2023-09-06,1210,D,0
-16.4572,29.5184,326.3,2023-09-06,1210,D,0
-16.3522,29.835,326.3,2023-09-06,1210,D,0
-16.3412,29.7956,330.9,2023-09-06,1210,D,0
-16.3228,29.7924,328.8,2023-09-06,1210,D,0
-16.3243,29.7824,379.5,2023-09-06,1210,D,0
-16.3258,29.7725,327.7,2023-09-06,1210,D,0
-16.2295,29.6802,325.1,2023-09-06,1210,D,0
-16.2202,29.6787,324.8,2023-09-06,1210,D,0
-16.0146,30.8037,333.4,2023-09-06,1210,D,0
-19.4257,30.122,334.6,2023-09-06,1210,D,0
-19.6344,28.7093,325.4,2023-09-06,1210,D,0
-19.0083,32.5677,325.3,2023-09-06,1210,D,0
-19.2178,31.217,325.3,2023-09-06,1210,D,0
-19.399,29.7523,324.8,2023-09-06,1210,D,0
-19.113,31.3619,328.9,2023-09-06,1210,D,0
-18.938,32.3759,324.0,2023-09-06,1210,D,0
-19.0026,31.9833,326.0,2023-09-06,1210,D,0
-19.1034,31.3602,328.5,2023-09-06,1210,D,0
-19.351,29.7638,339.3,2023-09-06,1210,D,0
-19.5897,28.1254,331.2,2023-09-06,1210,D,0
-18.9319,32.3488,326.3,2023-09-06,1210,D,0
-18.9341,32.3359,327.6,2023-09-06,1210,D,0
-19.3406,29.7719,327.5,2023-09-06,1210,D,0
-19.342,29.7623,346.9,2023-09-06,1210,D,0
-18.8784,32.6045,322.3,2023-09-06,1210,D,0
-19.5695,28.0734,331.8,2023-09-06,1210,D,0
-19.1804,30.63,326.3,2023-09-06,1210,D,0
-19.182,30.6197,332.3,2023-09-06,1210,D,0
-19.1884,30.5788,339.9,2023-09-06,1210,D,0
-19.1745,30.6224,326.2,2023-09-06,1210,D,0
-19.1808,30.5814,331.6,2023-09-06,1210,D,0
-19.5315,28.2068,335.9,2023-09-06,1210,D,0
-19.5328,28.1973,346.8,2023-09-06,1210,D,0
-19.5342,28.1878,335.6,2023-09-06,1210,D,0
-18.8603,32.5403,321.6,2023-09-06,1210,D,0
-18.9534,31.9674,331.3,2023-09-06,1210,D,0
-19.1731,30.5696,328.0,2023-09-06,1210,D,0
-19.1747,30.5593,332.4,2023-09-06,1210,D,0
-19.5238,28.1958,349.1,2023-09-06,1210,D,0
-19.5252,28.1863,381.8,2023-09-06,1210,D,0
-19.5306,28.1483,358.5,2023-09-06,1210,D,0
-19.5319,28.1388,362.8,2023-09-06,1210,D,0
-18.8245,32.6269,323.9,2023-09-06,1210,D,0
-19.5212,28.0201,337.5,2023-09-06,1210,D,0
-19.5225,28.0106,351.4,2023-09-06,1210,D,0
-19.5149,27.9996,343.4,2023-09-06,1210,D,0
-19.5162,27.99,337.1,2023-09-06,1210,D,0
-18.849,32.2875,355.9,2023-09-06,1210,D,0
-18.851,32.2752,333.9,2023-09-06,1210,D,0
-18.8756,32.1266,351.5,2023-09-06,1210,D,0
-19.5072,27.9886,383.5,2023-09-06,1210,D,0
-19.2137,29.8132,332.9,2023-09-06,1210,D,0
-19.4749,28.0225,340.1,2023-09-06,1210,D,0
-19.2067,29.8063,324.7,2023-09-06,1210,D,0
-19.4658,28.0252,329.0,2023-09-06,1210,D,0
-19.4671,28.0156,330.1,2023-09-06,1210,D,0
-19.6443,26.7362,334.0,2023-09-06,1210,D,0
-19.4595,28.0047,350.3,2023-09-06,1210,D,0
-19.4608,27.9951,343.9,2023-09-06,1210,D,0
-19.5068,27.6679,327.0,2023-09-06,1210,D,0
-19.4573,27.9554,365.2,2023-09-06,1210,D,0
-19.4586,27.9458,335.5,2023-09-06,1210,D,0
-19.6227,26.7543,335.5,2023-09-06,1210,D,0
-19.4469,27.9636,347.7,2023-09-06,1210,D,0
-19.4483,27.954,384.1,2023-09-06,1210,D,0
-19.4496,27.9444,354.8,2023-09-06,1210,D,0
-18.9618,31.1523,337.3,2023-09-06,1210,D,0
-19.4366,27.9717,339.1,2023-09-06,1210,D,0
-19.4379,27.9621,354.9,2023-09-06,1210,D,0
-19.4393,27.9526,410.0,2023-09-06,1210,D,0
-19.4406,27.943,351.7,2023-09-06,1210,D,0
-19.4303,27.9511,369.0,2023-09-06,1210,D,0
-19.4316,27.9416,370.5,2023-09-06,1210,D,0
-19.5797,26.7902,333.0,2023-09-06,1210,D,0
-18.905,31.3227,322.4,2023-09-06,1210,D,0
-18.8607,31.5346,342.0,2023-09-06,1210,D,0
-18.8954,31.3209,353.0,2023-09-06,1210,D,0
-18.8972,31.3098,341.2,2023-09-06,1210,D,0
-19.02,30.5371,329.0,2023-09-06,1210,D,0
-19.2603,28.948,326.3,2023-09-06,1210,D,0
-19.2616,28.9386,350.4,2023-09-06,1210,D,0
-18.8379,31.6129,339.9,2023-09-06,1210,D,0
-18.851,31.5329,328.7,2023-09-06,1210,D,0
-18.8529,31.5215,343.2,2023-09-06,1210,D,0
-18.8858,31.3192,332.6,2023-09-06,1210,D,0
-18.8876,31.3081,341.1,2023-09-06,1210,D,0
-19.2527,28.9371,325.6,2023-09-06,1210,D,0
-18.8349,31.6175,348.0,2023-09-06,1210,D,0
-18.8367,31.606,328.0,2023-09-06,1210,D,0
-18.8494,31.5258,335.0,2023-09-06,1210,D,0
-19.3694,28.0521,328.3,2023-09-06,1210,D,0
-18.825,31.6159,354.5,2023-09-06,1210,D,0
-18.8268,31.6044,328.8,2023-09-06,1210,D,0
-19.2166,29.0499,325.6,2023-09-06,1210,D,0
-18.7506,32.0159,327.6,2023-09-06,1210,D,0
-18.7525,32.004,324.5,2023-09-06,1210,D,0
-18.9183,30.9614,328.5,2023-09-06,1210,D,0
-18.6275,32.7015,318.9,2023-09-06,1210,D,0
-18.9089,30.9597,326.2,2023-09-06,1210,D,0
-18.6759,32.2808,323.4,2023-09-06,1210,D,0
-18.9833,30.3578,326.9,2023-09-06,1210,D,0
-18.7391,31.6474,326.6,2023-09-06,1210,D,0
-18.6685,31.8939,320.4,2023-09-06,1210,D,0
-18.6705,31.8816,325.5,2023-09-06,1210,D,0
-18.8869,30.5122,341.2,2023-09-06,1210,D,0
-18.8885,30.502,333.8,2023-09-06,1210,D,0
-18.8776,30.5106,346.0,2023-09-06,1210,D,0
-18.8792,30.5004,339.1,2023-09-06,1210,D,0
-18.9867,29.7966,324.7,2023-09-06,1210,D,0
-18.9791,29.7854,326.8,2023-09-06,1210,D,0
-18.6396,31.695,332.6,2023-09-06,1210,D,0
-18.6679,31.5225,342.0,2023-09-06,1210,D,0
-18.8752,30.2206,335.9,2023-09-06,1210,D,0
-18.8767,30.2106,346.0,2023-09-06,1210,D,0
-18.6391,31.6881,326.2,2023-09-06,1210,D,0
-18.6647,31.5268,336.1,2023-09-06,1210,D,0
-18.6665,31.5154,333.0,2023-09-06,1210,D,0
-18.8667,30.2228,333.0,2023-09-06,1210,D,0
-18.8683,30.2129,327.8,2023-09-06,1210,D,0
-18.603,31.8503,326.3,2023-09-06,1210,D,0
-18.9683,29.4229,338.9,2023-09-06,1210,D,0
-18.9697,29.4134,330.6,2023-09-06,1210,D,0
-18.8162,30.3684,339.9,2023-09-06,1210,D,0
-18.8423,30.1982,325.5,2023-09-06,1210,D,0
-18.8438,30.1883,327.7,2023-09-06,1210,D,0
-18.5765,31.7614,326.4,2023-09-06,1210,D,0
-18.7558,30.4515,338.9,2023-09-06,1210,D,0
-18.7574,30.4413,350.3,2023-09-06,1210,D,0
-18.4733,31.896,335.1,2023-09-06,1210,D,0
-18.7804,29.819,324.4,2023-09-06,1210,D,0
-18.4854,31.5711,328.9,2023-09-06,1210,D,0
-18.2732,32.6769,323.8,2023-09-06,1210,D,0
-18.2626,32.6751,323.2,2023-09-06,1210,D,0
-18.4247,31.6844,333.1,2023-09-06,1210,D,0
-18.4266,31.673,341.5,2023-09-06,1210,D,0
-18.3854,31.7378,325.2,2023-09-06,1210,D,0
-18.3874,31.7258,324.6,2023-09-06,1210,D,0
-18.2484,32.3736,347.3,2023-09-06,1210,D,0
-18.2518,32.3815,335.1,2023-09-06,1210,D,0
-18.7629,29.0702,328.7,2023-09-06,1210,D,0
-18.2414,32.3799,328.5,2023-09-06,1210,D,0
-18.2434,32.3672,325.3,2023-09-06,1210,D,0
-18.0823,32.7815,319.4,2023-09-06,1210,D,0
-18.5538,29.7917,328.0,2023-09-06,1210,D,0
-18.3725,30.8505,327.3,2023-09-06,1210,D,0
-18.363,30.8489,328.8,2023-09-06,1210,D,0
-18.4233,30.4006,327.3,2023-09-06,1210,D,0
-18.1965,31.764,337.3,2023-09-06,1210,D,0
-18.1984,31.7521,321.5,2023-09-06,1210,D,0
-18.4498,30.1676,328.3,2023-09-06,1210,D,0
-18.5348,29.6101,326.8,2023-09-06,1210,D,0
-18.4181,30.1461,331.0,2023-09-06,1210,D,0
-18.4197,30.1361,326.0,2023-09-06,1210,D,0
-18.1976,31.5052,322.8,2023-09-06,1210,D,0
-18.3906,30.1414,327.5,2023-09-06,1210,D,0
-18.1437,31.6514,322.5,2023-09-06,1210,D,0
-18.1456,31.6395,327.1,2023-09-06,1210,D,0
-18.258,30.9344,328.5,2023-09-06,1210,D,0
-18.2597,30.9237,328.8,2023-09-06,1210,D,0
-18.5491,29.0226,330.4,2023-09-06,1210,D,0
-18.0847,31.8243,325.2,2023-09-06,1210,D,0
-18.5443,28.8679,328.0,2023-09-06,1210,D,0
-18.1938,30.9385,330.9,2023-09-06,1210,D,0
-18.1954,30.9278,346.8,2023-09-06,1210,D,0
-18.2435,30.4937,324.8,2023-09-06,1210,D,0
-17.8751,32.7187,322.9,2023-09-06,1210,D,0
-18.4767,28.8215,326.2,2023-09-06,1210,D,0
-18.5822,27.8301,331.5,2023-09-06,1210,D,0
-18.0108,31.5196,331.2,2023-09-06,1210,D,0
-18.0126,31.508,333.4,2023-09-06,1210,D,0
-18.2341,30.0818,328.2,2023-09-06,1210,D,0
-18.2357,30.0718,332.7,2023-09-06,1210,D,0
-18.1153,30.668,326.3,2023-09-06,1210,D,0
-18.5548,27.3694,328.6,2023-09-06,1210,D,0
-18.198,29.7069,326.8,2023-09-06,1210,D,0
-18.1078,29.9928,339.7,2023-09-06,1210,D,0
-18.0972,30.0011,331.7,2023-09-06,1210,D,0
-17.8216,31.6725,324.9,2023-09-06,1210,D,0
-18.088,29.9995,337.2,2023-09-06,1210,D,0
-18.1535,29.5708,327.3,2023-09-06,1210,D,0
-17.7959,31.7658,327.0,2023-09-06,1210,D,0
-17.7979,31.7537,332.6,2023-09-06,1210,D,0
-20.3739,29.0931,304.3,2023-09-06,2013,N,0
-20.3726,29.1028,305.7,2023-09-06,2013,N,0
-20.4883,28.4464,306.1,2023-09-06,2013,N,0
-20.521,28.4679,305.6,2023-09-06,2013,N,0
-20.5197,28.478,308.0,2023-09-06,2013,N,0
-19.9622,32.6277,301.4,2023-09-06,2013,N,0
-20.3642,32.4131,306.8,2023-09-06,2013,N,0
-16.6047,32.6732,305.1,2023-09-06,2014,N,0
-16.9101,31.0643,301.4,2023-09-06,2014,N,0
-16.9086,31.0743,300.2,2023-09-06,2014,N,0
-16.9559,31.0574,305.5,2023-09-06,2014,N,0
-17.1288,30.945,313.6,2023-09-06,2014,N,0
-17.138,30.9467,304.4,2023-09-06,2014,N,0
-17.2095,31.211,306.9,2023-09-06,2014,N,0
-17.4533,30.435,301.1,2023-09-06,2014,N,0
-17.4678,30.3984,315.9,2023-09-06,2014,N,0
-17.4882,30.5741,303.5,2023-09-06,2014,N,0
-18.165,25.8354,341.4,2023-09-06,2014,N,0
-18.177,25.824,327.3,2023-09-06,2014,N,0
-18.1753,25.8368,324.6,2023-09-06,2014,N,0
-18.1738,25.8495,318.7,2023-09-06,2014,N,0
-18.1748,25.8166,302.4,2023-09-06,2014,N,0
-18.1733,25.8294,341.0,2023-09-06,2014,N,0
-18.1718,25.8422,335.2,2023-09-06,2014,N,0
-18.1852,25.818,346.2,2023-09-06,2014,N,0
-18.1837,25.8307,362.5,2023-09-06,2014,N,0
-18.1821,25.8435,346.4,2023-09-06,2014,N,0
-18.1806,25.8561,314.0,2023-09-06,2014,N,0
-18.1955,25.8194,314.5,2023-09-06,2014,N,0
-18.194,25.832,326.8,2023-09-06,2014,N,0
-18.1925,25.8447,365.5,2023-09-06,2014,N,0
-17.6119,30.2303,300.7,2023-09-06,2014,N,0
-17.5704,30.5149,306.4,2023-09-06,2014,N,0
-17.5794,30.5164,315.7,2023-09-06,2014,N,0
-17.578,30.5259,314.8,2023-09-06,2014,N,0
-18.2229,25.9386,306.7,2023-09-06,2014,N,0
-18.2183,25.9757,308.3,2023-09-06,2014,N,0
-18.2167,25.9882,305.0,2023-09-06,2014,N,0
-17.5959,30.6566,353.4,2023-09-06,2014,N,0
-17.5945,30.6663,328.0,2023-09-06,2014,N,0
-17.6671,30.2295,302.0,2023-09-06,2014,N,0
-17.7738,29.9361,310.6,2023-09-06,2014,N,0
-17.7725,29.9455,307.6,2023-09-06,2014,N,0
-17.7537,30.0766,316.3,2023-09-06,2014,N,0
-17.7144,30.4762,314.5,2023-09-06,2014,N,0
-17.713,30.4857,304.3,2023-09-06,2014,N,0
-17.8152,29.8377,316.8,2023-09-06,2014,N,0
-17.7644,30.1936,301.6,2023-09-06,2014,N,0
-17.763,30.203,316.8,2023-09-06,2014,N,0
-17.8241,29.8391,306.3,2023-09-06,2014,N,0
-17.7502,30.3557,314.5,2023-09-06,2014,N,0
-18.3695,26.4809,306.2,2023-09-06,2014,N,0
-17.7956,31.2414,303.5,2023-09-06,2014,N,0
-17.6946,31.9153,308.8,2023-09-06,2014,N,0
-17.8034,31.253,300.8,2023-09-06,2014,N,0
-18.0339,29.7283,303.2,2023-09-06,2014,N,0
-17.9932,30.2679,320.8,2023-09-06,2014,N,0
-17.9918,30.2774,321.5,2023-09-06,2014,N,0
-18.0021,30.2694,300.9,2023-09-06,2014,N,0
-18.0938,29.9541,304.1,2023-09-06,2014,N,0
-18.1246,29.9303,311.6,2023-09-06,2014,N,0
-18.0568,30.6545,301.9,2023-09-06,2014,N,0
-18.1314,30.4576,304.1,2023-09-06,2014,N,0
-17.8671,32.728,300.0,2023-09-06,2014,N,0
-18.2563,30.2324,302.1,2023-09-06,2014,N,0
-18.2549,30.2418,301.5,2023-09-06,2014,N,0
-18.2328,31.5068,300.2,2023-09-06,2014,N,0
-18.3585,30.8572,311.2,2023-09-06,2014,N,0
-18.3571,30.8669,300.4,2023-09-06,2014,N,0
-18.3046,31.2199,306.0,2023-09-06,2014,N,0
-18.2981,31.6818,305.8,2023-09-06,2014,N,0
-18.5646,30.8341,301.9,2023-09-06,2014,N,0
-18.7546,30.2855,305.9,2023-09-06,2014,N,0
-18.6836,31.5726,314.5,2023-09-06,2014,N,0
-18.6929,31.5742,322.7,2023-09-06,2014,N,0
-18.7283,31.5283,301.0,2023-09-06,2014,N,0
-19.3783,27.816,308.6,2023-09-06,2014,N,0
-19.354,28.001,305.6,2023-09-06,2014,N,0
-19.389,27.807,309.3,2023-09-06,2014,N,0
-19.3877,27.8174,321.1,2023-09-06,2014,N,0
-19.3863,27.8278,324.0,2023-09-06,2014,N,0
-19.3941,27.8138,318.3,2023-09-06,2014,N,0
-19.3995,27.8463,316.0,2023-09-06,2014,N,0
-19.4221,27.8917,336.6,2023-09-06,2014,N,0
-19.4208,27.902,317.5,2023-09-06,2014,N,0
-19.4314,27.8931,319.6,2023-09-06,2014,N,0
-19.4301,27.9034,349.0,2023-09-06,2014,N,0
-19.4288,27.9136,325.9,2023-09-06,2014,N,0
-19.6191,26.7405,301.8,2023-09-06,2014,N,0
-19.5409,28.1712,303.1,2023-09-06,2014,N,0
-16.8378,30.4854,300.5,2023-09-06,2014,N,0
-18.9855,32.5136,309.5,2023-09-06,2014,N,0
-19.2997,30.7188,302.8,2023-09-06,2014,N,0
-19.8918,30.4442,305.6,2023-09-06,2014,N,0
-19.9021,30.4362,312.5,2023-09-06,2014,N,0
-19.9008,30.4457,342.8,2023-09-06,2014,N,0
-19.8994,30.4552,311.6,2023-09-06,2014,N,0
-18.9758,32.5121,311.1,2023-09-06,2014,N,0
-16.7459,30.4842,300.7,2023-09-06,2014,N,0
-16.8014,29.1316,304.0,2023-09-06,2014,N,0
-16.8027,29.1223,304.0,2023-09-06,2014,N,0
-16.4623,29.514,305.6,2023-09-06,2014,N,0
-16.7727,31.4073,301.9,2023-09-06,2014,N,0
-17.0159,29.9581,304.4,2023-09-06,2014,N,0
-18.1987,26.2324,319.5,2023-09-07,844,D,0
-18.3154,32.3587,320.0,2023-09-07,1113,D,0
-18.3057,32.2756,317.9,2023-09-07,1113,D,0
-18.3024,32.2672,320.8,2023-09-07,1113,D,0
-17.8184,31.8999,322.0,2023-09-07,1114,D,0
-17.8166,31.8929,323.9,2023-09-07,1114,D,0
-17.4999,31.8416,344.7,2023-09-07,1114,D,0
-17.5039,31.7992,342.8,2023-09-07,1114,D,0
-17.4983,31.8336,347.6,2023-09-07,1114,D,0
-17.5025,31.7912,328.5,2023-09-07,1114,D,0
-16.9623,31.4491,321.5,2023-09-07,1114,D,0
-16.9626,31.4413,322.2,2023-09-07,1114,D,0
-16.8955,31.3899,322.1,2023-09-07,1114,D,0
-16.8995,31.3468,317.6,2023-09-07,1114,D,0
-16.8968,31.3862,323.4,2023-09-07,1114,D,0
-19.3741,27.8784,357.4,2023-09-07,1251,D,0
-19.3672,27.9119,346.7,2023-09-07,1251,D,0
-19.2171,28.1522,338.0,2023-09-07,1251,D,0
-19.2229,28.1581,341.1,2023-09-07,1251,D,0
-19.3778,27.802,352.3,2023-09-07,1251,D,0
-19.3713,27.8349,339.7,2023-09-07,1251,D,0
-19.3647,27.8682,344.3,2023-09-07,1251,D,0
-19.358,27.9017,358.7,2023-09-07,1251,D,0
-19.3804,27.8718,348.0,2023-09-07,1251,D,0
-19.3737,27.9053,349.2,2023-09-07,1251,D,0
-19.3898,27.8821,335.3,2023-09-07,1251,D,0
-19.4641,28.0047,334.7,2023-09-07,1251,D,0
-19.4463,27.97,327.5,2023-09-07,1251,D,0
-19.4552,28.0073,334.6,2023-09-07,1251,D,0
-20.5793,28.3857,321.7,2023-09-07,1251,D,0
-19.5309,28.1763,323.6,2023-09-07,1251,D,0
-19.5238,28.2112,377.2,2023-09-07,1251,D,0
-19.5398,28.2147,335.3,2023-09-07,1251,D,0
-19.396,27.8754,328.6,2023-09-07,1251,D,0
-19.471,28.0108,327.3,2023-09-07,1251,D,0
-20.5706,28.3477,323.8,2023-09-07,1251,D,0
-19.3894,27.9092,338.3,2023-09-07,1251,D,0
-20.5546,28.373,319.9,2023-09-07,1251,D,0
-19.6411,29.6699,335.6,2023-09-07,1251,D,0
-19.6235,29.6658,337.8,2023-09-07,1251,D,0
-19.6437,29.6659,328.8,2023-09-07,1251,D,0
-19.6261,29.6617,338.2,2023-09-07,1251,D,0
-19.383,27.9156,339.7,2023-09-07,1251,D,0
-19.3986,27.9195,332.4,2023-09-07,1251,D,0
-19.3827,27.9432,321.4,2023-09-07,1251,D,0
-19.372,27.8088,362.9,2023-09-07,1251,D,0
-19.3584,27.8748,350.1,2023-09-07,1251,D,0
-19.3515,27.9084,336.2,2023-09-07,1251,D,0
-17.9858,26.0942,325.0,2023-09-07,1252,D,0
-17.8034,27.3504,321.8,2023-09-07,1252,D,0
-17.8645,27.7101,321.1,2023-09-07,1252,D,0
-18.2209,25.9175,333.0,2023-09-07,1252,D,0
-18.2162,25.9423,328.4,2023-09-07,1252,D,0
-18.1949,26.2104,324.4,2023-09-07,1252,D,0
-18.1974,26.2191,324.8,2023-09-07,1252,D,0
-17.9871,26.0986,323.9,2023-09-07,1252,D,0
-19.3348,27.8183,301.3,2023-09-07,2054,N,0
-19.3206,27.8152,318.5,2023-09-07,2054,N,0
-19.3155,27.8419,330.4,2023-09-07,2054,N,0
-19.3461,27.8546,303.2,2023-09-07,2054,N,0
-19.3298,27.8448,323.5,2023-09-07,2054,N,0
-19.3441,27.8479,301.1,2023-09-07,2054,N,0
-18.1884,26.234,302.0,2023-09-07,2055,N,0
-17.2094,31.2243,304.0,2023-09-07,2344,N,0
-17.6164,30.3383,304.1,2023-09-07,2344,N,0
-17.7715,30.1382,302.8,2023-09-07,2344,N,0
-17.7729,30.1476,306.2,2023-09-07,2344,N,0
-17.9746,30.1423,330.0,2023-09-07,2344,N,0
-18.3635,31.9777,305.4,2023-09-07,2344,N,0
-18.7343,30.6314,303.0,2023-09-07,2344,N,0
-19.0388,30.5665,304.4,2023-09-07,2344,N,0
-16.9332,29.697,302.2,2023-09-07,2344,N,0
-16.9318,29.6878,308.6,2023-09-07,2344,N,0
-16.3767,29.5502,312.5,2023-09-07,2344,N,0
-16.3781,29.5595,312.9,2023-09-07,2344,N,0
-16.763,29.6065,301.5,2023-09-07,2344,N,0
-16.7719,29.6051,308.3,2023-09-07,2344,N,0
-16.784,29.4417,310.9,2023-09-07,2344,N,0
-20.571,28.3912,300.4,2023-09-07,2345,N,0
-16.2579,30.245,319.3,2023-09-08,746,D,0
-16.2593,30.2545,317.4,2023-09-08,746,D,0
-16.517,30.6837,324.7,2023-09-08,746,D,0
-16.9301,29.6952,318.5,2023-09-08,746,D,0
-16.8927,30.2953,319.6,2023-09-08,746,D,0
-16.7686,29.6633,318.9,2023-09-08,746,D,0
-16.628,30.3754,320.4,2023-09-08,746,D,0
-16.4613,30.0666,323.6,2023-09-08,746,D,0
-16.4522,30.0679,328.8,2023-09-08,746,D,0
-16.5713,30.9818,322.0,2023-09-08,746,D,0
-16.4507,30.0584,318.0,2023-09-08,746,D,0
-18.5584,31.7285,320.6,2023-09-08,747,D,0
-18.5494,31.7298,335.2,2023-09-08,747,D,0
-18.5481,31.7204,330.9,2023-09-08,747,D,0
-17.9289,27.6683,326.5,2023-09-08,747,D,0
-18.3718,31.9722,323.1,2023-09-08,747,D,0
-17.9741,29.2844,321.4,2023-09-08,747,D,0
-18.3635,31.98,322.7,2023-09-08,747,D,0
-18.3621,31.9705,326.1,2023-09-08,747,D,0
-18.2594,31.3144,333.2,2023-09-08,747,D,0
-17.992,29.6329,319.9,2023-09-08,747,D,0
-18.1863,31.0599,320.2,2023-09-08,747,D,0
-18.185,31.0507,331.2,2023-09-08,747,D,0
-17.5827,27.9974,321.0,2023-09-08,747,D,0
-17.5828,28.004,324.9,2023-09-08,747,D,0
-18.2228,32.5563,325.3,2023-09-08,747,D,0
-18.2046,32.5591,327.3,2023-09-08,747,D,0
-18.1955,32.5605,321.7,2023-09-08,747,D,0
-17.8318,30.4684,317.9,2023-09-08,747,D,0
-17.8992,31.3094,318.4,2023-09-08,747,D,0
-17.9656,31.9002,329.0,2023-09-08,747,D,0
-17.9643,31.8908,326.9,2023-09-08,747,D,0
-17.886,31.4063,318.4,2023-09-08,747,D,0
-17.5426,29.3566,318.6,2023-09-08,747,D,0
-17.7002,30.7021,331.9,2023-09-08,747,D,0
-17.6926,30.7128,327.6,2023-09-08,747,D,0
-17.6913,30.7035,332.5,2023-09-08,747,D,0
-17.6615,30.9423,323.8,2023-09-08,747,D,0
-17.6721,31.1393,324.8,2023-09-08,747,D,0
-17.6707,31.1301,325.2,2023-09-08,747,D,0
-17.6524,31.3789,345.7,2023-09-08,747,D,0
-17.6234,31.2414,326.6,2023-09-08,747,D,0
-17.4489,30.314,326.1,2023-09-08,747,D,0
-17.2779,29.7299,318.2,2023-09-08,747,D,0
-19.929,29.8732,320.1,2023-09-08,747,D,0
-20.3247,28.5994,321.8,2023-09-08,747,D,0
-20.3263,28.6096,321.6,2023-09-08,747,D,0
-20.9679,31.7856,321.3,2023-09-08,747,D,0
-20.5287,28.5408,325.7,2023-09-08,747,D,0
-17.3399,30.5681,329.5,2023-09-08,747,D,0
-17.3385,30.5587,378.0,2023-09-08,747,D,0
-17.3371,30.5494,350.9,2023-09-08,747,D,0
-17.3902,31.5416,317.9,2023-09-08,747,D,0
-17.0697,29.514,321.2,2023-09-08,747,D,0
-19.1499,30.8403,321.2,2023-09-08,747,D,0
-18.6031,27.3981,324.1,2023-09-08,747,D,0
-18.6292,27.995,318.6,2023-09-08,747,D,0
-18.9142,30.6132,325.3,2023-09-08,747,D,0
-18.9128,30.6039,316.7,2023-09-08,747,D,0
-18.209,26.2364,318.3,2023-09-08,747,D,0
-18.9036,30.6119,323.2,2023-09-08,747,D,0
-18.6723,30.1653,321.6,2023-09-08,747,D,0
-18.9368,32.5344,321.1,2023-09-08,747,D,0
-18.8362,32.4033,320.9,2023-09-08,747,D,0
-18.6103,31.4454,326.2,2023-09-08,747,D,0
-18.609,31.4361,324.8,2023-09-08,747,D,0
-19.1315,29.5436,330.8,2023-09-08,747,D,0
-19.124,29.5548,321.1,2023-09-08,747,D,0
-19.1225,29.5451,345.2,2023-09-08,747,D,0
-19.1148,29.5528,319.1,2023-09-08,747,D,0
-19.141,30.8417,319.9,2023-09-08,747,D,0
-20.9605,29.1307,317.2,2023-09-08,748,D,0
-21.1375,31.7214,339.8,2023-09-08,1154,D,0
-21.1389,31.7116,348.7,2023-09-08,1154,D,0
-21.1284,31.72,329.9,2023-09-08,1154,D,0
-21.1298,31.7101,333.8,2023-09-08,1154,D,0
-17.4619,30.036,362.2,2023-09-08,1155,D,0
-20.9003,29.9075,324.1,2023-09-08,1155,D,0
-20.892,29.8946,323.1,2023-09-08,1155,D,0
-20.9678,29.1185,322.2,2023-09-08,1155,D,0
-20.6254,30.5398,361.6,2023-09-08,1155,D,0
-20.616,30.5384,327.8,2023-09-08,1155,D,0
-20.2756,32.7395,329.0,2023-09-08,1155,D,0
-20.169,31.942,325.4,2023-09-08,1155,D,0
-20.1704,31.9324,326.9,2023-09-08,1155,D,0
-20.6126,28.3607,345.8,2023-09-08,1155,D,0
-20.2873,30.8755,345.0,2023-09-08,1155,D,0
-20.6018,28.3593,355.9,2023-09-08,1155,D,0
-20.6035,28.3449,326.3,2023-09-08,1155,D,0
-20.6073,28.3676,345.3,2023-09-08,1155,D,0
-20.6091,28.3533,348.8,2023-09-08,1155,D,0
-20.6052,28.2957,327.6,2023-09-08,1155,D,0
-20.5318,28.5406,326.5,2023-09-08,1155,D,0
-20.5334,28.5267,326.2,2023-09-08,1155,D,0
-19.9503,32.8214,324.4,2023-09-08,1155,D,0
-20.5228,28.5252,330.8,2023-09-08,1155,D,0
-20.3935,29.1748,336.7,2023-09-08,1155,D,0
-20.0788,31.1298,323.6,2023-09-08,1155,D,0
-20.0697,31.1283,335.6,2023-09-08,1155,D,0
-20.071,31.1183,334.6,2023-09-08,1155,D,0
-20.0269,31.3774,331.5,2023-09-08,1155,D,0
-20.0283,31.3675,326.9,2023-09-08,1155,D,0
-19.7425,32.9197,327.6,2023-09-08,1155,D,0
-20.3102,28.5946,324.0,2023-09-08,1155,D,0
-20.0093,30.7042,339.7,2023-09-08,1155,D,0
-20.0107,30.6939,365.4,2023-09-08,1155,D,0
-20.0014,30.6924,332.3,2023-09-08,1155,D,0
-19.938,29.8632,330.0,2023-09-08,1155,D,0
-19.7735,30.7399,322.3,2023-09-08,1155,D,0
-19.7163,30.8283,332.2,2023-09-08,1155,D,0
-19.7177,30.8182,346.8,2023-09-08,1155,D,0
-19.7085,30.8168,326.3,2023-09-08,1155,D,0
-19.8716,29.5111,325.9,2023-09-08,1155,D,0
-19.6156,30.8281,344.5,2023-09-08,1155,D,0
-19.617,30.818,322.5,2023-09-08,1155,D,0
-19.6508,29.9498,324.8,2023-09-08,1155,D,0
-19.499,30.9368,349.9,2023-09-08,1155,D,0
-19.5003,30.9268,345.3,2023-09-08,1155,D,0
-19.5112,30.8469,327.6,2023-09-08,1155,D,0
-19.5126,30.8368,324.7,2023-09-08,1155,D,0
-19.4898,30.9353,382.6,2023-09-08,1155,D,0
-19.4912,30.9254,402.5,2023-09-08,1155,D,0
-19.4918,30.7822,340.1,2023-09-08,1155,D,0
-19.4932,30.7721,358.3,2023-09-08,1155,D,0
-19.5598,30.1239,344.7,2023-09-08,1155,D,0
-19.5552,30.1288,353.1,2023-09-08,1155,D,0
-19.5567,30.1178,376.5,2023-09-08,1155,D,0
-19.7021,28.8519,330.7,2023-09-08,1155,D,0
-19.4722,30.1713,327.8,2023-09-08,1155,D,0
-19.4736,30.1604,341.8,2023-09-08,1155,D,0
-19.3743,30.711,328.8,2023-09-08,1155,D,0
-19.3651,30.7096,369.2,2023-09-08,1155,D,0
-19.3665,30.6995,347.5,2023-09-08,1155,D,0
-19.3545,30.7182,334.6,2023-09-08,1155,D,0
-19.3559,30.7081,392.7,2023-09-08,1155,D,0
-19.3572,30.698,328.0,2023-09-08,1155,D,0
-19.3564,30.2772,337.6,2023-09-08,1155,D,0
-19.351,30.2816,332.7,2023-09-08,1155,D,0
-19.3416,30.2801,328.5,2023-09-08,1155,D,0
-19.1481,31.5503,329.9,2023-09-08,1155,D,0
-19.3057,30.1889,324.3,2023-09-08,1155,D,0
-19.3071,30.1783,328.6,2023-09-08,1155,D,0
-19.233,30.663,325.0,2023-09-08,1155,D,0
-19.2343,30.6528,327.6,2023-09-08,1155,D,0
-19.2251,30.6514,343.0,2023-09-08,1155,D,0
-19.2647,30.3537,330.4,2023-09-08,1155,D,0
-19.5221,28.223,330.3,2023-09-08,1155,D,0
-18.9422,32.5333,328.3,2023-09-08,1155,D,0
-18.9436,32.5239,326.0,2023-09-08,1155,D,0
-19.5287,28.2172,328.9,2023-09-08,1155,D,0
-19.0997,31.3008,333.3,2023-09-08,1155,D,0
-19.1403,31.0087,328.2,2023-09-08,1155,D,0
-19.6835,26.7543,330.7,2023-09-08,1155,D,0
-19.0907,31.2994,327.1,2023-09-08,1155,D,0
-19.1529,30.849,326.8,2023-09-08,1155,D,0
-19.0039,31.8509,328.6,2023-09-08,1155,D,0
-19.0052,31.8415,325.8,2023-09-08,1155,D,0
-19.3664,28.8367,325.9,2023-09-08,1155,D,0
-19.3562,28.8352,326.4,2023-09-08,1155,D,0
-19.3577,28.8227,331.5,2023-09-08,1155,D,0
-19.3595,28.8303,334.5,2023-09-08,1155,D,0
-19.1203,30.4881,330.4,2023-09-08,1155,D,0
-18.9778,31.453,324.7,2023-09-08,1155,D,0
-19.4461,27.8841,334.8,2023-09-08,1155,D,0
-19.0171,31.1042,334.2,2023-09-08,1155,D,0
-19.4352,27.8826,335.9,2023-09-08,1155,D,0
-19.4369,27.8681,334.5,2023-09-08,1155,D,0
-18.9424,31.5741,325.2,2023-09-08,1155,D,0
-19.1124,30.1904,324.2,2023-09-08,1155,D,0
-19.1138,30.1799,338.7,2023-09-08,1155,D,0
-18.7905,32.4453,326.9,2023-09-08,1155,D,0
-19.1606,29.7466,338.7,2023-09-08,1155,D,0
-19.162,29.7356,328.1,2023-09-08,1155,D,0
-19.0429,30.5701,326.2,2023-09-08,1155,D,0
-19.1221,29.7115,358.0,2023-09-08,1155,D,0
-19.1125,29.7101,363.9,2023-09-08,1155,D,0
-19.1139,29.699,325.5,2023-09-08,1155,D,0
-19.3456,27.8637,345.3,2023-09-08,1155,D,0
-19.3474,27.8491,400.4,2023-09-08,1155,D,0
-19.3364,27.8476,347.6,2023-09-08,1155,D,0
-19.3417,27.8038,344.4,2023-09-08,1155,D,0
-19.3434,27.7891,337.1,2023-09-08,1155,D,0
-19.1135,29.5506,331.5,2023-09-08,1155,D,0
-19.3289,27.8169,338.6,2023-09-08,1155,D,0
-19.3307,27.8023,355.4,2023-09-08,1155,D,0
-19.3324,27.7876,357.4,2023-09-08,1155,D,0
-19.3162,27.83,338.8,2023-09-08,1155,D,0
-19.318,27.8154,340.6,2023-09-08,1155,D,0
-19.3768,27.3134,331.1,2023-09-08,1155,D,0
-19.3787,27.2976,330.0,2023-09-08,1155,D,0
-19.3053,27.8285,400.1,2023-09-08,1155,D,0
-19.307,27.8139,412.6,2023-09-08,1155,D,0
-19.3654,27.3119,336.7,2023-09-08,1155,D,0
-19.3672,27.296,353.0,2023-09-08,1155,D,0
-19.3691,27.2801,331.5,2023-09-08,1155,D,0
-19.296,27.8124,327.0,2023-09-08,1155,D,0
-19.3024,27.8378,333.5,2023-09-08,1155,D,0
-19.3042,27.8233,406.2,2023-09-08,1155,D,0
-19.3061,27.8087,365.1,2023-09-08,1155,D,0
-19.3679,27.3073,343.7,2023-09-08,1155,D,0
-19.3699,27.2914,342.9,2023-09-08,1155,D,0
-18.668,32.461,327.1,2023-09-08,1155,D,0
-18.9332,30.5826,341.2,2023-09-08,1155,D,0
-18.9239,30.5812,335.2,2023-09-08,1155,D,0
-18.9091,30.6204,328.1,2023-09-08,1155,D,0
-18.9105,30.6104,331.7,2023-09-08,1155,D,0
-18.9132,30.5902,345.8,2023-09-08,1155,D,0
-18.6765,32.2132,328.2,2023-09-08,1155,D,0
-18.6779,32.2038,330.7,2023-09-08,1155,D,0
-18.8999,30.6191,342.2,2023-09-08,1155,D,0
-18.9068,30.5683,340.5,2023-09-08,1155,D,0
-19.2188,28.1574,326.8,2023-09-08,1155,D,0
-18.7748,31.4577,328.2,2023-09-08,1155,D,0
-18.6829,32.0416,324.7,2023-09-08,1155,D,0
-18.6843,32.0323,337.2,2023-09-08,1155,D,0
-18.8117,30.5885,328.0,2023-09-08,1155,D,0
-18.9033,29.757,335.7,2023-09-08,1155,D,0
-18.9048,29.7459,328.8,2023-09-08,1155,D,0
-18.7525,30.4914,337.2,2023-09-08,1155,D,0
-18.7539,30.4812,336.6,2023-09-08,1155,D,0
-18.5958,31.5535,326.3,2023-09-08,1155,D,0
-18.7267,30.611,358.0,2023-09-08,1155,D,0
-18.5868,31.5521,366.1,2023-09-08,1155,D,0
-18.5882,31.5426,341.9,2023-09-08,1155,D,0
-18.5779,31.5506,369.4,2023-09-08,1155,D,0
-18.5792,31.5412,382.5,2023-09-08,1155,D,0
-18.859,29.4728,331.9,2023-09-08,1155,D,0
-18.5689,31.5492,333.1,2023-09-08,1155,D,0
-18.5702,31.5398,347.0,2023-09-08,1155,D,0
-18.7502,30.1545,331.6,2023-09-08,1155,D,0
-18.7515,30.1441,334.1,2023-09-08,1155,D,0
-18.5257,31.7258,327.8,2023-09-08,1155,D,0
-18.527,31.7164,332.4,2023-09-08,1155,D,0
-18.7491,30.09,348.0,2023-09-08,1155,D,0
-18.7505,30.0795,330.9,2023-09-08,1155,D,0
-18.5114,31.762,340.9,2023-09-08,1155,D,0
-18.5127,31.7526,342.1,2023-09-08,1155,D,0
-18.5023,31.7541,325.2,2023-09-08,1155,D,0
-18.6921,30.2559,328.9,2023-09-08,1155,D,0
-18.6935,30.2456,334.2,2023-09-08,1155,D,0
-18.9115,28.5033,326.7,2023-09-08,1155,D,0
-18.9131,28.4904,324.2,2023-09-08,1155,D,0
-18.686,30.1595,328.6,2023-09-08,1155,D,0
-18.6888,30.1386,338.3,2023-09-08,1155,D,0
-18.6902,30.1281,334.8,2023-09-08,1155,D,0
-18.5715,30.8645,326.9,2023-09-08,1155,D,0
-18.3631,32.2776,347.6,2023-09-08,1155,D,0
-18.3645,32.2682,325.8,2023-09-08,1155,D,0
-18.5624,30.8631,338.9,2023-09-08,1155,D,0
-18.6578,30.1553,331.3,2023-09-08,1155,D,0
-18.6592,30.1448,339.8,2023-09-08,1155,D,0
-18.3542,32.2761,333.1,2023-09-08,1155,D,0
-18.6484,30.1539,334.2,2023-09-08,1155,D,0
-18.6497,30.1434,386.0,2023-09-08,1155,D,0
-18.6511,30.133,369.3,2023-09-08,1155,D,0
-18.6664,30.0171,332.3,2023-09-08,1155,D,0
-18.639,30.1525,357.2,2023-09-08,1155,D,0
-18.6403,30.1421,393.1,2023-09-08,1155,D,0
-18.6417,30.1316,391.1,2023-09-08,1155,D,0
-18.632,30.1672,335.6,2023-09-08,1155,D,0
-18.6334,30.1568,341.9,2023-09-08,1155,D,0
-18.6348,30.1464,351.9,2023-09-08,1155,D,0
-18.6362,30.1359,358.7,2023-09-08,1155,D,0
-18.3698,31.9766,326.9,2023-09-08,1155,D,0
-18.4073,31.7142,333.9,2023-09-08,1155,D,0
-18.6212,30.1762,328.9,2023-09-08,1155,D,0
-18.6226,30.1658,341.1,2023-09-08,1155,D,0
-18.624,30.1554,342.0,2023-09-08,1155,D,0
-18.6254,30.145,341.1,2023-09-08,1155,D,0
-18.5211,30.7707,333.2,2023-09-08,1155,D,0
-18.5497,30.5616,325.6,2023-09-08,1155,D,0
-18.3662,31.746,326.5,2023-09-08,1155,D,0
-18.2322,32.5474,333.8,2023-09-08,1155,D,0
-18.2206,32.5647,336.4,2023-09-08,1155,D,0
-18.2219,32.5553,341.3,2023-09-08,1155,D,0
-18.2233,32.546,332.4,2023-09-08,1155,D,0
-18.5188,30.3711,330.4,2023-09-08,1155,D,0
-18.201,32.5645,325.7,2023-09-08,1155,D,0
-18.4767,30.6258,328.3,2023-09-08,1155,D,0
-18.4781,30.6159,332.1,2023-09-08,1155,D,0
-18.1506,32.8447,323.6,2023-09-08,1155,D,0
-18.4675,30.6244,345.0,2023-09-08,1155,D,0
-18.4689,30.6144,364.0,2023-09-08,1155,D,0
-18.4702,30.6045,343.6,2023-09-08,1155,D,0
-18.4597,30.613,346.2,2023-09-08,1155,D,0
-18.461,30.6031,335.6,2023-09-08,1155,D,0
-18.2913,31.622,325.9,2023-09-08,1155,D,0
-18.2387,31.863,326.4,2023-09-08,1155,D,0
-18.2767,31.4654,359.6,2023-09-08,1155,D,0
-18.278,31.456,341.1,2023-09-08,1155,D,0
-18.1879,31.7057,328.2,2023-09-08,1155,D,0
-18.1892,31.6963,334.0,2023-09-08,1155,D,0
-18.4453,29.6819,327.8,2023-09-08,1155,D,0
-18.3496,30.3335,352.8,2023-09-08,1155,D,0
-18.351,30.3233,375.9,2023-09-08,1155,D,0
-18.3523,30.3131,326.1,2023-09-08,1155,D,0
-18.4301,29.724,335.2,2023-09-08,1155,D,0
-18.1508,31.7094,327.9,2023-09-08,1155,D,0
-18.3403,30.3321,354.5,2023-09-08,1155,D,0
-18.3417,30.3219,401.1,2023-09-08,1155,D,0
-18.343,30.3117,346.3,2023-09-08,1155,D,0
-18.6352,27.9995,325.3,2023-09-08,1155,D,0
-18.6368,27.9856,331.9,2023-09-08,1155,D,0
-18.6313,27.9925,329.7,2023-09-08,1155,D,0
-18.1616,31.3674,324.7,2023-09-08,1155,D,0
-18.2044,31.0616,326.7,2023-09-08,1155,D,0
-17.9513,32.7609,328.6,2023-09-08,1155,D,0
-17.9526,32.7516,322.6,2023-09-08,1155,D,0
-18.1259,31.5549,343.5,2023-09-08,1155,D,0
-18.1272,31.5455,331.3,2023-09-08,1155,D,0
-18.2615,30.5807,323.6,2023-09-08,1155,D,0
-18.6073,27.8327,328.6,2023-09-08,1155,D,0
-18.1482,31.1999,330.8,2023-09-08,1155,D,0
-18.1496,31.1904,340.6,2023-09-08,1155,D,0
-18.1392,31.1986,334.3,2023-09-08,1155,D,0
-18.1406,31.189,341.2,2023-09-08,1155,D,0
-18.6158,27.3855,331.4,2023-09-08,1155,D,0
-18.6175,27.3704,329.8,2023-09-08,1155,D,0
-18.2596,30.2034,340.6,2023-09-08,1155,D,0
-18.261,30.1931,326.1,2023-09-08,1155,D,0
-18.2377,30.2941,336.3,2023-09-08,1155,D,0
-18.6168,27.3803,333.9,2023-09-08,1155,D,0
-18.3223,29.5958,324.2,2023-09-08,1155,D,0
-18.0653,31.3369,326.8,2023-09-08,1155,D,0
-17.9585,31.896,337.5,2023-09-08,1155,D,0
-18.2275,29.9439,328.4,2023-09-08,1155,D,0
-17.7945,32.7615,323.6,2023-09-08,1155,D,0
-18.1046,30.1736,333.0,2023-09-08,1155,D,0
-18.0048,30.841,333.8,2023-09-08,1155,D,0
-17.9055,31.4251,326.4,2023-09-08,1155,D,0
-17.9068,31.4157,341.1,2023-09-08,1155,D,0
-17.9082,31.4063,328.5,2023-09-08,1155,D,0
-18.1853,29.3943,326.6,2023-09-08,1155,D,0
-17.8676,31.5633,329.5,2023-09-08,1155,D,0
-17.7748,31.8926,334.1,2023-09-08,1155,D,0
-17.7659,31.8912,323.8,2023-09-08,1155,D,0
-18.0493,29.8298,328.4,2023-09-08,1155,D,0
-17.9502,30.3768,327.1,2023-09-08,1155,D,0
-18.057,29.516,329.6,2023-09-08,1155,D,0
-17.7583,31.6161,326.0,2023-09-08,1155,D,0
-18.046,29.5255,329.4,2023-09-08,1155,D,0
-18.0474,29.5145,337.0,2023-09-08,1155,D,0
-18.4001,26.5064,327.1,2023-09-08,1155,D,0
-17.7195,31.6961,325.3,2023-09-08,1155,D,0
-17.7756,31.2342,324.2,2023-09-08,1155,D,0
-17.9469,29.9793,325.3,2023-09-08,1155,D,0
-17.9932,29.6289,333.7,2023-09-08,1155,D,0
-17.9946,29.618,342.4,2023-09-08,1155,D,0
-17.8963,30.2864,351.3,2023-09-08,1155,D,0
-17.8977,30.2763,333.8,2023-09-08,1155,D,0
-17.985,29.6166,329.0,2023-09-08,1155,D,0
-17.9345,29.8221,332.8,2023-09-08,1155,D,0
-17.6652,31.6912,330.5,2023-09-08,1155,D,0
-17.8827,30.1331,335.9,2023-09-08,1155,D,0
-17.8841,30.1228,334.5,2023-09-08,1155,D,0
-17.6224,31.7989,323.4,2023-09-08,1155,D,0
-17.581,31.8971,328.0,2023-09-08,1155,D,0
-17.5707,31.9049,351.2,2023-09-08,1155,D,0
-17.572,31.8956,354.6,2023-09-08,1155,D,0
-17.6333,31.4661,349.7,2023-09-08,1155,D,0
-17.8112,29.979,348.8,2023-09-08,1155,D,0
-17.8126,29.9686,347.1,2023-09-08,1155,D,0
-17.806,29.9464,328.4,2023-09-08,1155,D,0
-17.8075,29.936,323.4,2023-09-08,1155,D,0
-17.8027,29.8283,324.9,2023-09-08,1155,D,0
-17.8382,29.5607,324.9,2023-09-08,1155,D,0
-17.5185,31.814,325.2,2023-09-08,1155,D,0
-17.7931,29.8273,335.4,2023-09-08,1155,D,0
-17.8808,29.1588,350.0,2023-09-08,1155,D,0
-17.8823,29.1474,330.8,2023-09-08,1155,D,0
-17.5309,31.6635,350.2,2023-09-08,1155,D,0
-17.5323,31.6542,388.8,2023-09-08,1155,D,0
-17.5336,31.6449,326.6,2023-09-08,1155,D,0
-17.522,31.6621,352.6,2023-09-08,1155,D,0
-17.5233,31.6528,372.5,2023-09-08,1155,D,0
-17.5393,31.5407,331.8,2023-09-08,1155,D,0
-17.4271,32.2561,330.2,2023-09-08,1155,D,0
-17.5303,31.5393,328.8,2023-09-08,1155,D,0
-17.8012,29.5442,334.8,2023-09-08,1155,D,0
-17.8026,29.5333,330.2,2023-09-08,1155,D,0
-17.515,31.4546,325.5,2023-09-08,1155,D,0
-17.5193,31.3594,324.2,2023-09-08,1155,D,0
-17.4384,31.8622,327.7,2023-09-08,1155,D,0
-17.6622,30.2644,349.5,2023-09-08,1155,D,0
-17.6635,30.2544,346.9,2023-09-08,1155,D,0
-17.7808,29.3791,326.2,2023-09-08,1155,D,0
-17.4719,31.3711,324.4,2023-09-08,1155,D,0
-17.4732,31.3617,336.4,2023-09-08,1155,D,0
-17.6156,30.3293,339.1,2023-09-08,1155,D,0
-17.617,30.3192,343.0,2023-09-08,1155,D,0
-17.6789,29.7829,324.6,2023-09-08,1155,D,0
-17.939,27.6787,330.1,2023-09-08,1155,D,0
-17.4093,31.5462,368.2,2023-09-08,1155,D,0
-17.4107,31.5368,339.3,2023-09-08,1155,D,0
-17.4706,31.1138,325.4,2023-09-08,1155,D,0
-17.472,31.1044,352.1,2023-09-08,1155,D,0
-17.4004,31.5447,341.7,2023-09-08,1155,D,0
-17.4017,31.5353,333.7,2023-09-08,1155,D,0
-17.4886,30.8535,324.2,2023-09-08,1155,D,0
-17.4913,30.8344,333.4,2023-09-08,1155,D,0
-17.4373,31.0893,323.3,2023-09-08,1155,D,0
-17.3318,31.7054,346.8,2023-09-08,1155,D,0
-17.3331,31.6961,328.1,2023-09-08,1155,D,0
-17.361,31.5003,326.5,2023-09-08,1155,D,0
-17.3623,31.4909,323.8,2023-09-08,1155,D,0
-17.4208,31.009,324.8,2023-09-08,1155,D,0
-17.442,30.8561,324.2,2023-09-08,1155,D,0
-17.2703,32.0038,324.4,2023-09-08,1155,D,0
-17.5436,29.9956,349.7,2023-09-08,1155,D,0
-17.545,29.9853,331.4,2023-09-08,1155,D,0
-17.3823,31.0264,325.4,2023-09-08,1155,D,0
-17.3836,31.0169,330.5,2023-09-08,1155,D,0
-17.3746,31.0155,336.2,2023-09-08,1155,D,0
-17.4133,30.7381,324.7,2023-09-08,1155,D,0
-17.4042,30.7367,325.3,2023-09-08,1155,D,0
-17.7821,27.7674,332.4,2023-09-08,1155,D,0
-17.5805,29.2815,325.3,2023-09-08,1155,D,0
-17.4726,30.0271,334.0,2023-09-08,1155,D,0
-17.4632,30.0257,395.7,2023-09-08,1155,D,0
-17.4646,30.0155,345.5,2023-09-08,1155,D,0
-17.4562,30.0284,384.5,2023-09-08,1155,D,0
-17.4576,30.0182,336.4,2023-09-08,1155,D,0
-17.316,30.9707,328.6,2023-09-08,1155,D,0
-17.2364,31.4685,324.9,2023-09-08,1155,D,0
-17.7046,27.9987,324.0,2023-09-08,1155,D,0
-17.7063,27.9854,336.2,2023-09-08,1155,D,0
-17.4548,29.8276,327.9,2023-09-08,1155,D,0
-17.1334,31.9943,326.6,2023-09-08,1155,D,0
-16.8021,30.9009,328.6,2023-09-08,1156,D,0
-16.8034,30.8915,324.9,2023-09-08,1156,D,0
-16.9332,29.9415,326.5,2023-09-08,1156,D,0
-16.7152,31.4521,334.9,2023-09-08,1156,D,0
-16.7166,31.4428,351.1,2023-09-08,1156,D,0
-16.7179,31.4335,328.1,2023-09-08,1156,D,0
-16.9316,29.6939,348.1,2023-09-08,1156,D,0
-16.933,29.6835,344.5,2023-09-08,1156,D,0
-16.9222,29.6925,352.8,2023-09-08,1156,D,0
-16.9236,29.6821,360.0,2023-09-08,1156,D,0
-16.5911,31.5437,336.3,2023-09-08,1156,D,0
-16.5924,31.5345,324.2,2023-09-08,1156,D,0
-16.7487,30.4292,328.9,2023-09-08,1156,D,0
-16.6728,30.8397,349.2,2023-09-08,1156,D,0
-16.6741,30.8302,366.8,2023-09-08,1156,D,0
-16.6754,30.8207,345.6,2023-09-08,1156,D,0
-16.6638,30.8383,328.5,2023-09-08,1156,D,0
-16.6651,30.8288,378.5,2023-09-08,1156,D,0
-16.6664,30.8193,359.6,2023-09-08,1156,D,0
-16.5332,31.6293,324.8,2023-09-08,1156,D,0
-16.5695,30.9812,323.2,2023-09-08,1156,D,0
-16.5249,30.2436,327.5,2023-09-08,1156,D,0
-16.4708,30.9021,323.9,2023-09-08,1156,D,0
-16.4695,30.9115,337.1,2023-09-08,1156,D,0
-16.7036,29.2734,327.0,2023-09-08,1156,D,0
-16.5668,30.2798,328.6,2023-09-08,1156,D,0
-16.6662,29.7635,344.9,2023-09-08,1156,D,0
-16.6648,29.7737,323.6,2023-09-08,1156,D,0
-16.672,29.7595,326.5,2023-09-08,1156,D,0
-16.6707,29.7698,328.4,2023-09-08,1156,D,0
-16.6537,30.1073,322.1,2023-09-08,1156,D,0
-16.6265,30.3743,327.2,2023-09-08,1156,D,0
-16.6184,30.4326,323.5,2023-09-08,1156,D,0
-16.5028,31.2578,324.2,2023-09-08,1156,D,0
-16.9211,28.2324,325.7,2023-09-08,1156,D,0
-16.6356,30.3757,333.0,2023-09-08,1156,D,0
-16.6555,30.299,329.8,2023-09-08,1156,D,0
-16.0421,30.8722,325.7,2023-09-08,1156,D,0
-16.1721,30.7986,333.5,2023-09-08,1156,D,0
-16.2621,30.2144,324.4,2023-09-08,1156,D,0
-16.2608,30.2242,358.5,2023-09-08,1156,D,0
-16.2594,30.2342,341.2,2023-09-08,1156,D,0
-16.2672,30.2458,338.0,2023-09-08,1156,D,0
-16.3416,29.7695,325.9,2023-09-08,1156,D,0
-16.4234,29.7771,323.5,2023-09-08,1156,D,0
-16.422,29.7875,330.1,2023-09-08,1156,D,0
-16.5092,29.3546,333.1,2023-09-08,1156,D,0
-16.493,29.5461,331.1,2023-09-08,1156,D,0
-16.5048,29.6011,325.2,2023-09-08,1156,D,0
-16.5101,29.5968,331.2,2023-09-08,1156,D,0
-16.0434,30.8628,331.0,2023-09-08,1156,D,0
-16.4536,30.2266,324.5,2023-09-08,1156,D,0
-16.5263,30.2338,323.3,2023-09-08,1156,D,0
-17.4238,29.8445,329.0,2023-09-08,1156,D,0
-17.0858,32.1957,335.4,2023-09-08,1156,D,0
-17.3679,30.1191,330.7,2023-09-08,1156,D,0
-17.3693,30.109,327.0,2023-09-08,1156,D,0
-17.2055,31.234,338.6,2023-09-08,1156,D,0
-17.2068,31.2245,328.4,2023-09-08,1156,D,0
-17.2081,31.2151,328.9,2023-09-08,1156,D,0
-17.2016,31.1989,333.8,2023-09-08,1156,D,0
-17.2029,31.1895,332.8,2023-09-08,1156,D,0
-17.9475,25.2375,327.0,2023-09-08,1156,D,0
-17.248,30.6712,329.6,2023-09-08,1156,D,0
-17.2493,30.6614,327.2,2023-09-08,1156,D,0
-17.2821,30.3561,337.8,2023-09-08,1156,D,0
-17.2716,30.3646,334.0,2023-09-08,1156,D,0
-17.2729,30.3547,336.0,2023-09-08,1156,D,0
-17.145,31.2095,325.7,2023-09-08,1156,D,0
-17.1464,31.2001,327.2,2023-09-08,1156,D,0
-17.1413,31.1706,333.7,2023-09-08,1156,D,0
-17.1427,31.1612,338.7,2023-09-08,1156,D,0
-17.1025,31.2443,327.6,2023-09-08,1156,D,0
-17.3412,29.4518,328.5,2023-09-08,1156,D,0
-17.2848,29.7266,330.9,2023-09-08,1156,D,0
-17.2754,29.7252,333.1,2023-09-08,1156,D,0
-17.4428,28.3681,328.3,2023-09-08,1156,D,0
-17.2245,29.961,324.8,2023-09-08,1156,D,0
-17.4168,28.4905,338.0,2023-09-08,1156,D,0
-17.4184,28.4781,333.4,2023-09-08,1156,D,0
-16.9924,31.504,326.7,2023-09-08,1156,D,0
-17.1825,29.9492,326.7,2023-09-08,1156,D,0
-16.9418,31.5379,328.1,2023-09-08,1156,D,0
-17.0209,30.5181,359.2,2023-09-08,1156,D,0
-17.0222,30.5084,342.3,2023-09-08,1156,D,0
-16.814,31.9095,344.7,2023-09-08,1156,D,0
-17.0118,30.5167,409.3,2023-09-08,1156,D,0
-17.0131,30.507,359.6,2023-09-08,1156,D,0
-17.1181,29.7439,338.3,2023-09-08,1156,D,0
-17.1195,29.7335,365.0,2023-09-08,1156,D,0
-17.1209,29.723,324.4,2023-09-08,1156,D,0
-17.3033,28.2724,328.5,2023-09-08,1156,D,0
-16.8995,30.9892,325.9,2023-09-08,1156,D,0
-16.8919,30.9784,327.0,2023-09-08,1156,D,0
-16.8932,30.9689,385.4,2023-09-08,1156,D,0
-16.8945,30.9594,403.5,2023-09-08,1156,D,0
-16.9305,30.6331,345.4,2023-09-08,1156,D,0
-16.9319,30.6234,326.1,2023-09-08,1156,D,0
-16.9271,30.4683,337.6,2023-09-08,1156,D,0
-16.918,30.4669,326.5,2023-09-08,1156,D,0
-16.8236,31.0103,330.2,2023-09-08,1156,D,0
-17.1273,28.6898,326.9,2023-09-08,1156,D,0
-16.8003,31.0452,325.6,2023-09-08,1156,D,0
-16.8016,31.0358,346.7,2023-09-08,1156,D,0
-16.9423,30.0152,345.2,2023-09-08,1156,D,0
-16.9437,30.0051,334.2,2023-09-08,1156,D,0
-16.7926,31.0344,335.2,2023-09-08,1156,D,0
-16.7953,31.0155,347.4,2023-09-08,1156,D,0
-16.7966,31.0061,349.6,2023-09-08,1156,D,0
-16.7992,30.9872,365.9,2023-09-08,1156,D,0
-16.8005,30.9777,360.7,2023-09-08,1156,D,0
-17.0149,29.3991,326.6,2023-09-08,1156,D,0
-16.7863,31.0141,327.7,2023-09-08,1156,D,0
-19.7255,29.5787,334.8,2023-09-08,1957,N,0
-19.7271,29.5644,308.4,2023-09-08,1957,N,0
-19.7214,29.587,300.1,2023-09-08,1957,N,0
-19.7231,29.5728,325.3,2023-09-08,1957,N,0
-19.3888,28.9271,300.7,2023-09-08,1957,N,0
-18.0062,30.545,303.2,2023-09-08,1957,N,0
-18.0517,31.7686,316.1,2023-09-08,1957,N,0
-18.5415,29.5557,302.1,2023-09-08,1957,N,0
-18.3888,30.8284,304.5,2023-09-08,1957,N,0
-18.5521,29.5571,301.6,2023-09-08,1957,N,0
-21.1378,31.7127,300.8,2023-09-08,1957,N,0
-18.3901,31.4718,303.6,2023-09-08,1957,N,0
-18.3359,32.1121,304.0,2023-09-08,1957,N,0
-18.3346,32.1221,333.1,2023-09-08,1957,N,0
-18.4913,31.1343,321.6,2023-09-08,1957,N,0
-18.4125,31.9595,306.3,2023-09-08,1957,N,0
-18.646,30.1314,303.2,2023-09-08,1957,N,0
-18.6662,31.5402,303.7,2023-09-08,1957,N,0
-18.6648,31.5509,314.3,2023-09-08,1957,N,0
-19.3792,28.91,310.5,2023-09-08,1957,N,0
-19.3774,28.9256,318.0,2023-09-08,1957,N,0
-17.9704,30.1809,300.7,2023-09-08,1958,N,0
-17.9377,30.3613,303.6,2023-09-08,1958,N,0
-17.9277,30.36,306.2,2023-09-08,1958,N,0
-17.6281,31.6448,303.8,2023-09-08,1958,N,0
-17.8702,29.4177,310.5,2023-09-08,1958,N,0
-17.8595,29.4162,306.7,2023-09-08,1958,N,0
-17.8052,29.1045,305.1,2023-09-08,1958,N,0
-17.5768,30.649,303.0,2023-09-08,1958,N,0
-17.5782,30.6376,327.6,2023-09-08,1958,N,0
-17.5757,30.643,324.1,2023-09-08,1958,N,0
-17.5772,30.6316,305.5,2023-09-08,1958,N,0
-17.5273,30.3894,305.0,2023-09-08,1958,N,0
-17.5287,30.3776,309.8,2023-09-08,1958,N,0
-17.4275,30.6967,302.7,2023-09-08,1958,N,0
-17.2324,31.2043,309.3,2023-09-08,1958,N,0
-17.2269,31.2081,309.4,2023-09-08,1958,N,0
-17.2282,31.1975,302.0,2023-09-08,1958,N,0
-17.0151,31.4679,303.2,2023-09-08,1958,N,0
-16.9152,31.4826,309.7,2023-09-08,1958,N,0
-16.9058,31.4813,302.4,2023-09-08,1958,N,0
-17.0886,29.3439,302.9,2023-09-08,1958,N,0
-17.1529,28.4391,311.9,2023-09-08,1958,N,0
-16.7494,30.9058,302.2,2023-09-08,1958,N,0
-16.9065,29.3825,307.7,2023-09-08,1958,N,0
-16.6966,30.9793,301.2,2023-09-08,1958,N,0
-16.9001,29.3888,311.2,2023-09-08,1958,N,0
-16.594,31.5411,301.8,2023-09-08,1958,N,0
-16.5954,31.531,311.1,2023-09-08,1958,N,0
-16.6642,30.8542,302.1,2023-09-08,1958,N,0
-16.7394,29.6902,303.3,2023-09-08,1958,N,0
-16.5134,30.6765,305.6,2023-09-08,1958,N,0
-16.2618,29.6823,308.4,2023-09-08,1958,N,0
-16.3702,29.4293,318.0,2023-09-09,827,D,0
-16.4374,30.0427,315.0,2023-09-09,827,D,0
-16.4407,30.073,326.7,2023-09-09,827,D,0
-16.5067,31.3105,315.2,2023-09-09,827,D,0
-16.4367,30.0664,315.9,2023-09-09,827,D,0
-16.4521,30.0646,327.9,2023-09-09,827,D,0
-16.4829,30.0608,321.0,2023-09-09,827,D,0
-16.4794,30.056,323.2,2023-09-09,827,D,0
-16.9849,30.1281,319.7,2023-09-09,827,D,0
-17.0473,30.1217,320.4,2023-09-09,827,D,0
-17.0629,30.1202,321.5,2023-09-09,827,D,0
-17.0583,30.1152,326.6,2023-09-09,827,D,0
-17.1479,28.4513,317.3,2023-09-09,827,D,0
-17.5941,30.9051,317.3,2023-09-09,827,D,0
-17.5979,30.9435,316.8,2023-09-09,827,D,0
-17.6029,30.9353,318.6,2023-09-09,827,D,0
-17.6673,31.0811,318.3,2023-09-09,827,D,0
-17.6717,31.0755,317.4,2023-09-09,827,D,0
-17.6079,27.9914,319.2,2023-09-09,827,D,0
-17.9084,30.2775,319.0,2023-09-09,827,D,0
-17.9172,30.2701,318.4,2023-09-09,827,D,0
-17.9282,29.5968,318.8,2023-09-09,827,D,0
-17.9261,29.5914,320.0,2023-09-09,827,D,0
-18.0089,29.9577,319.9,2023-09-09,827,D,0
-18.0039,29.9514,318.4,2023-09-09,827,D,0
-17.8914,27.6109,337.0,2023-09-09,827,D,0
-17.8896,27.6055,332.9,2023-09-09,827,D,0
-17.8918,27.6266,325.3,2023-09-09,827,D,0
-19.8285,28.4039,336.3,2023-09-09,828,D,0
-18.2935,29.7811,317.7,2023-09-09,828,D,0
-18.5015,29.6167,320.6,2023-09-09,828,D,0
-18.5137,29.6088,318.2,2023-09-09,828,D,0
-18.5166,29.6395,318.2,2023-09-09,828,D,0
-18.6343,27.9908,320.7,2023-09-09,828,D,0
-18.6286,27.9859,319.2,2023-09-09,828,D,0
-18.6195,27.3865,319.4,2023-09-09,828,D,0
-19.4425,30.638,321.7,2023-09-09,828,D,0
-19.3645,28.8995,322.1,2023-09-09,828,D,0
-19.3673,28.9278,325.3,2023-09-09,828,D,0
-19.3792,28.8979,370.5,2023-09-09,828,D,0
-19.3821,28.9262,349.8,2023-09-09,828,D,0
-19.3652,28.8926,325.3,2023-09-09,828,D,0
-19.3678,28.9209,326.4,2023-09-09,828,D,0
-19.3799,28.891,354.3,2023-09-09,828,D,0
-19.3825,28.9192,358.2,2023-09-09,828,D,0
-19.6849,30.3396,316.7,2023-09-09,828,D,0
-19.6916,30.3325,317.4,2023-09-09,828,D,0
-19.8311,28.43,349.2,2023-09-09,828,D,0
-19.8451,30.7287,325.6,2023-09-09,1236,D,0
-19.8067,29.6185,325.6,2023-09-09,1236,D,0
-19.8408,29.4867,321.0,2023-09-09,1236,D,0
-19.8139,29.6276,329.2,2023-09-09,1236,D,0
-19.8542,29.4894,323.9,2023-09-09,1236,D,0
-19.6913,30.3367,322.1,2023-09-09,1236,D,0
-19.7246,31.0281,321.2,2023-09-09,1236,D,0
-20.1709,32.0021,322.6,2023-09-09,1236,D,0
-20.579,29.4344,319.4,2023-09-09,1236,D,0
-20.0804,31.3096,323.5,2023-09-09,1236,D,0
-20.0853,31.3059,321.2,2023-09-09,1236,D,0
-19.8435,30.7333,328.4,2023-09-09,1236,D,0
-19.8396,30.7569,319.3,2023-09-09,1236,D,0
-18.8109,30.1926,325.3,2023-09-09,1237,D,0
-19.3699,28.9056,338.3,2023-09-09,1237,D,0
-19.1431,29.8978,324.4,2023-09-09,1237,D,0
-18.5956,32.1238,319.8,2023-09-09,1237,D,0
-18.7533,31.346,319.9,2023-09-09,1237,D,0
-19.3563,27.879,336.4,2023-09-09,1237,D,0
-19.4321,27.4471,324.0,2023-09-09,1237,D,0
-19.3443,27.8765,335.1,2023-09-09,1237,D,0
-18.988,29.5173,320.9,2023-09-09,1237,D,0
-19.386,27.3016,328.4,2023-09-09,1237,D,0
-19.3762,27.3111,328.2,2023-09-09,1237,D,0
-18.8316,30.085,329.7,2023-09-09,1237,D,0
-18.9421,29.428,323.6,2023-09-09,1237,D,0
-18.9193,29.4732,323.0,2023-09-09,1237,D,0
-18.6271,30.3453,322.7,2023-09-09,1237,D,0
-18.6282,30.341,322.7,2023-09-09,1237,D,0
-19.0517,27.9694,325.8,2023-09-09,1237,D,0
-19.055,27.9511,327.2,2023-09-09,1237,D,0
-18.2327,32.011,330.5,2023-09-09,1237,D,0
-18.2404,31.9734,327.7,2023-09-09,1237,D,0
-18.5642,30.3567,322.0,2023-09-09,1237,D,0
-18.2443,32.0053,324.0,2023-09-09,1237,D,0
-18.5586,30.3766,323.8,2023-09-09,1237,D,0
-18.404,30.3098,335.2,2023-09-09,1237,D,0
-18.2285,31.1208,322.5,2023-09-09,1237,D,0
-17.9771,31.8179,336.0,2023-09-09,1237,D,0
-17.9846,31.7814,335.3,2023-09-09,1237,D,0
-17.9898,31.8162,332.8,2023-09-09,1237,D,0
-17.9734,31.8124,322.6,2023-09-09,1237,D,0
-18.6307,27.9742,322.8,2023-09-09,1237,D,0
-18.5939,27.7311,325.1,2023-09-09,1237,D,0
-18.6328,27.3777,344.5,2023-09-09,1237,D,0
-18.6359,27.3604,331.4,2023-09-09,1237,D,0
-18.6274,27.3714,332.8,2023-09-09,1237,D,0
-17.8703,31.4016,322.2,2023-09-09,1237,D,0
-18.0048,30.228,322.9,2023-09-09,1237,D,0
-18.014,30.2516,325.5,2023-09-09,1237,D,0
-17.9699,30.2422,323.6,2023-09-09,1237,D,0
-17.5246,32.1394,322.2,2023-09-09,1237,D,0
-17.5237,32.134,322.4,2023-09-09,1237,D,0
-18.0046,29.658,325.5,2023-09-09,1237,D,0
-17.9905,29.6552,326.9,2023-09-09,1237,D,0
-17.9955,29.5511,328.3,2023-09-09,1237,D,0
-17.9487,29.5674,323.3,2023-09-09,1237,D,0
-17.9256,29.5811,321.4,2023-09-09,1237,D,0
-17.4661,31.4452,320.8,2023-09-09,1237,D,0
-17.4734,31.4097,325.4,2023-09-09,1237,D,0
-18.3905,26.5287,331.8,2023-09-09,1237,D,0
-18.393,26.5138,327.5,2023-09-09,1237,D,0
-17.4774,31.4421,324.4,2023-09-09,1237,D,0
-17.4843,31.4071,324.6,2023-09-09,1237,D,0
-17.8152,29.6066,323.8,2023-09-09,1237,D,0
-18.2301,26.1855,332.2,2023-09-09,1237,D,0
-17.8998,27.6209,333.4,2023-09-09,1237,D,0
-17.903,27.6029,334.8,2023-09-09,1237,D,0
-17.0459,31.5896,320.5,2023-09-09,1237,D,0
-17.8174,27.3603,324.5,2023-09-09,1237,D,0
-17.4514,29.2716,325.5,2023-09-09,1237,D,0
-17.4375,29.269,328.4,2023-09-09,1237,D,0
-17.4414,29.2878,325.4,2023-09-09,1237,D,0
-17.4459,29.2633,326.9,2023-09-09,1237,D,0
-17.6123,27.9801,333.3,2023-09-09,1237,D,0
-17.6158,27.961,325.1,2023-09-09,1237,D,0
-17.6128,27.9748,331.0,2023-09-09,1237,D,0
-16.9148,30.9881,349.9,2023-09-09,1237,D,0
-16.9216,30.9544,333.8,2023-09-09,1237,D,0
-17.294,29.0526,326.3,2023-09-09,1237,D,0
-16.9218,30.9814,324.7,2023-09-09,1237,D,0
-17.2831,29.0676,323.2,2023-09-09,1237,D,0
-16.9059,30.9784,349.1,2023-09-09,1237,D,0
-16.965,30.2015,323.5,2023-09-09,1237,D,0
-16.6118,31.5389,320.4,2023-09-09,1237,D,0
-16.7699,30.731,323.4,2023-09-09,1237,D,0
-17.1543,28.4632,324.6,2023-09-09,1237,D,0
-17.1582,28.442,331.9,2023-09-09,1237,D,0
-17.159,28.4594,328.6,2023-09-09,1237,D,0
-17.1628,28.4382,326.4,2023-09-09,1237,D,0
-16.5283,31.2445,321.8,2023-09-09,1237,D,0
-16.5355,31.2083,330.0,2023-09-09,1237,D,0
-16.5216,31.2348,326.6,2023-09-09,1237,D,0
-16.5287,31.1983,321.7,2023-09-09,1237,D,0
-16.4866,30.0426,325.2,2023-09-09,1237,D,0
-16.4919,30.0151,321.3,2023-09-09,1237,D,0
-16.451,30.0654,325.6,2023-09-09,1237,D,0
-16.4899,30.0384,326.0,2023-09-09,1237,D,0
-16.4395,30.058,332.7,2023-09-09,1237,D,0
-16.4448,30.0301,323.4,2023-09-09,1237,D,0
-16.2299,29.6973,320.2,2023-09-09,1237,D,0
-19.5617,30.1286,332.4,2023-09-09,1237,D,0
-19.5873,29.9194,321.3,2023-09-09,1237,D,0
-19.4179,30.6334,348.1,2023-09-09,1237,D,0
-19.4236,30.6048,332.6,2023-09-09,1237,D,0
-19.4032,30.6299,330.7,2023-09-09,1237,D,0
-19.4089,30.6014,332.3,2023-09-09,1237,D,0
-19.3943,30.598,322.7,2023-09-09,1237,D,0
-19.4177,30.6259,355.6,2023-09-09,1237,D,0
-19.4031,30.6225,331.6,2023-09-09,1237,D,0
-19.4086,30.594,324.8,2023-09-09,1237,D,0
-19.3,30.4491,321.7,2023-09-09,1237,D,0
-19.3887,29.6524,323.9,2023-09-09,1237,D,0
-19.375,29.6496,327.4,2023-09-09,1237,D,0
-18.9474,31.5854,323.9,2023-09-09,1237,D,0
-19.3154,29.7371,335.6,2023-09-09,1237,D,0
-19.3114,29.7314,331.3,2023-09-09,1237,D,0
-18.9406,31.579,325.4,2023-09-09,1237,D,0
-19.1267,30.3134,321.9,2023-09-09,1237,D,0
-19.3978,28.8965,343.2,2023-09-09,1237,D,0
-19.4018,28.8753,328.9,2023-09-09,1237,D,0
-19.3849,28.8938,336.7,2023-09-09,1237,D,0
-19.3679,28.9125,339.6,2023-09-09,1237,D,0
-17.1652,29.5453,303.6,2023-09-09,2038,N,0
-17.1643,29.5395,308.7,2023-09-09,2038,N,0
-20.5449,28.5619,304.8,2023-09-09,2038,N,0
-17.8428,31.7863,303.4,2023-09-09,2038,N,0
-17.8433,31.7918,305.7,2023-09-09,2038,N,0
-18.6876,30.1742,300.5,2023-09-09,2038,N,0
-17.1686,29.5262,307.9,2023-09-09,2038,N,0
-16.791,30.9385,301.4,2023-09-09,2329,N,0
-16.6224,30.8288,300.3,2023-09-09,2329,N,0
-16.3419,29.8025,308.6,2023-09-09,2329,N,0
-16.6128,30.8305,300.1,2023-09-09,2329,N,0
-16.3492,29.8071,305.3,2023-09-09,2329,N,0
-18.0302,32.799,305.9,2023-09-09,2329,N,0
-18.0213,32.8005,320.9,2023-09-09,2329,N,0
-18.0199,32.7913,304.1,2023-09-09,2329,N,0
-17.0077,29.5555,315.1,2023-09-09,2329,N,0
-16.8749,30.7433,301.2,2023-09-09,2329,N,0
-18.8496,32.2504,302.3,2023-09-09,2330,N,0
-18.1298,31.5958,300.8,2023-09-09,2330,N,0
-18.3365,31.9062,313.0,2023-09-09,2330,N,0
-18.6371,30.7628,328.3,2023-09-10,730,D,0
-18.8224,31.553,319.0,2023-09-10,730,D,0
-18.9694,32.4679,328.1,2023-09-10,730,D,0
-18.9162,31.8116,328.3,2023-09-10,730,D,0
-18.9181,31.8232,336.2,2023-09-10,730,D,0
-18.9242,31.7982,321.7,2023-09-10,730,D,0
-18.9261,31.8098,358.9,2023-09-10,730,D,0
-18.936,31.8081,325.1,2023-09-10,730,D,0
-19.0964,32.7482,320.2,2023-09-10,730,D,0
-19.098,32.7584,318.1,2023-09-10,730,D,0
-18.5532,29.0246,317.2,2023-09-10,730,D,0
-18.0353,26.0768,315.9,2023-09-10,730,D,0
-18.8338,30.0971,318.3,2023-09-10,730,D,0
-17.6161,30.4759,320.4,2023-09-10,730,D,0
-17.6507,30.5464,325.3,2023-09-10,730,D,0
-17.6532,30.5609,339.7,2023-09-10,730,D,0
-17.8015,31.3938,322.4,2023-09-10,730,D,0
-18.0257,32.8008,317.1,2023-09-10,730,D,0
-18.0202,32.0458,326.3,2023-09-10,730,D,0
-17.9977,31.6574,322.8,2023-09-10,730,D,0
-17.9997,31.6696,316.1,2023-09-10,730,D,0
-17.9307,31.1852,319.1,2023-09-10,730,D,0
-17.9097,30.3706,318.6,2023-09-10,730,D,0
-17.9122,30.3855,322.0,2023-09-10,730,D,0
-17.9123,30.3796,326.8,2023-09-10,730,D,0
-17.8943,29.6177,327.5,2023-09-10,730,D,0
-18.1811,31.024,327.1,2023-09-10,730,D,0
-18.6314,32.3329,319.1,2023-09-10,730,D,0
-18.6314,30.7565,320.0,2023-09-10,730,D,0
-18.6337,30.7701,320.3,2023-09-10,730,D,0
-16.0449,30.4003,322.4,2023-09-10,730,D,0
-16.5485,31.4677,321.6,2023-09-10,730,D,0
-16.4767,30.0352,316.6,2023-09-10,730,D,0
-16.5058,30.2016,322.0,2023-09-10,730,D,0
-16.5527,30.0572,315.4,2023-09-10,730,D,0
-16.6997,30.2533,317.4,2023-09-10,730,D,0
-16.9329,31.3619,317.4,2023-09-10,730,D,0
-16.9817,31.5282,321.8,2023-09-10,730,D,0
-16.6305,29.1951,318.1,2023-09-10,730,D,0
-16.8331,29.5371,342.1,2023-09-10,730,D,0
-16.8362,29.5552,323.2,2023-09-10,730,D,0
-17.1419,31.3123,324.6,2023-09-10,730,D,0
-17.1441,31.3257,319.7,2023-09-10,730,D,0
-16.8373,29.5304,333.2,2023-09-10,730,D,0
-16.8405,29.5483,326.0,2023-09-10,730,D,0
-16.8944,29.5009,324.3,2023-09-10,730,D,0
-16.8802,29.2744,320.8,2023-09-10,730,D,0
-16.8835,29.2933,315.1,2023-09-10,730,D,0
-16.8856,29.2859,320.2,2023-09-10,730,D,0
-17.3054,30.9568,328.2,2023-09-10,730,D,0
-21.7872,31.0972,325.3,2023-09-10,731,D,0
-21.7891,31.109,343.3,2023-09-10,731,D,0
-21.7852,31.0853,316.8,2023-09-10,731,D,0
-20.4966,32.6015,319.4,2023-09-10,731,D,0
-19.8237,29.4774,316.3,2023-09-10,731,D,0
-20.0686,31.2003,322.8,2023-09-10,731,D,0
-20.0665,31.188,317.3,2023-09-10,731,D,0
-20.1683,32.6998,314.9,2023-09-10,731,D,0
-19.4891,29.9456,318.3,2023-09-10,731,D,0
-19.4506,31.1338,316.1,2023-09-10,731,D,0
-19.4485,31.1212,318.3,2023-09-10,731,D,0
-19.4383,31.1231,325.8,2023-09-10,731,D,0
-19.1052,30.3393,317.8,2023-09-10,731,D,0
-19.0981,30.4295,317.8,2023-09-10,731,D,0
-19.0564,30.5106,319.3,2023-09-10,731,D,0
-19.0044,30.8103,321.7,2023-09-10,731,D,0
-19.0001,30.8178,321.7,2023-09-10,731,D,0
-20.2801,31.9197,326.2,2023-09-10,1140,D,0
-21.8026,31.1105,327.6,2023-09-10,1140,D,0
-21.7829,31.0732,343.9,2023-09-10,1140,D,0
-20.9396,30.3588,331.2,2023-09-10,1140,D,0
-20.7565,31.873,324.3,2023-09-10,1140,D,0
-20.2868,32.5679,328.4,2023-09-10,1140,D,0
-20.2792,32.5742,325.8,2023-09-10,1140,D,0
-20.2808,32.5617,327.2,2023-09-10,1140,D,0
-20.2849,31.9125,342.7,2023-09-10,1140,D,0
-20.2819,31.9055,330.1,2023-09-10,1140,D,0
-20.5448,29.3299,322.9,2023-09-10,1140,D,0
-20.5168,29.2136,327.3,2023-09-10,1140,D,0
-20.2547,31.0997,320.2,2023-09-10,1140,D,0
-20.4988,28.5078,338.0,2023-09-10,1140,D,0
-20.5014,28.4816,326.4,2023-09-10,1140,D,0
-20.4939,28.4998,335.5,2023-09-10,1140,D,0
-20.1882,30.7823,323.0,2023-09-10,1140,D,0
-20.0918,31.3131,353.7,2023-09-10,1140,D,0
-20.0464,31.5093,330.8,2023-09-10,1140,D,0
-20.0446,31.5197,323.4,2023-09-10,1140,D,0
-20.0466,31.5038,324.1,2023-09-10,1140,D,0
-19.979,30.9127,324.4,2023-09-10,1140,D,0
-19.9616,30.3799,326.3,2023-09-10,1140,D,0
-20.0878,29.1138,329.7,2023-09-10,1140,D,0
-20.0477,29.1094,352.7,2023-09-10,1140,D,0
-20.0493,29.125,332.0,2023-09-10,1140,D,0
-20.0518,29.1026,347.6,2023-09-10,1140,D,0
-19.8131,29.8561,325.8,2023-09-10,1140,D,0
-19.8153,29.8363,324.9,2023-09-10,1140,D,0
-19.8245,29.5106,343.6,2023-09-10,1140,D,0
-19.8266,29.49,349.9,2023-09-10,1140,D,0
-19.8288,29.4692,335.3,2023-09-10,1140,D,0
-19.8138,29.4882,331.2,2023-09-10,1140,D,0
-19.8159,29.4676,343.0,2023-09-10,1140,D,0
-19.8181,29.4467,333.5,2023-09-10,1140,D,0
-19.8253,29.5038,352.8,2023-09-10,1140,D,0
-19.8276,29.4832,341.9,2023-09-10,1140,D,0
-19.8299,29.4625,327.5,2023-09-10,1140,D,0
-19.8147,29.4815,336.3,2023-09-10,1140,D,0
-19.817,29.4609,340.5,2023-09-10,1140,D,0
-19.8193,29.4398,324.3,2023-09-10,1140,D,0
-19.5466,31.3908,324.5,2023-09-10,1140,D,0
-19.7089,29.8564,326.3,2023-09-10,1140,D,0
-19.8776,28.2362,334.3,2023-09-10,1140,D,0
-19.708,29.8513,330.8,2023-09-10,1140,D,0
-19.8746,28.2309,338.0,2023-09-10,1140,D,0
-19.5662,30.8494,328.0,2023-09-10,1140,D,0
-19.7222,29.1382,326.8,2023-09-10,1140,D,0
-19.4525,31.1265,328.4,2023-09-10,1140,D,0
-19.4516,31.1354,326.4,2023-09-10,1140,D,0
-19.376,31.0942,334.5,2023-09-10,1140,D,0
-19.3778,31.0785,324.8,2023-09-10,1140,D,0
-19.3647,31.0925,338.9,2023-09-10,1140,D,0
-19.3665,31.0768,336.5,2023-09-10,1140,D,0
-19.4931,29.9371,334.1,2023-09-10,1140,D,0
-19.4952,29.918,333.7,2023-09-10,1140,D,0
-19.378,31.0893,327.9,2023-09-10,1140,D,0
-19.3667,31.0876,352.7,2023-09-10,1140,D,0
-19.4097,30.6317,335.8,2023-09-10,1140,D,0
-19.4914,29.9317,338.1,2023-09-10,1140,D,0
-19.4935,29.9126,324.8,2023-09-10,1140,D,0
-19.2172,31.5824,328.1,2023-09-10,1140,D,0
-19.1729,31.5556,330.1,2023-09-10,1140,D,0
-19.5453,28.2272,326.1,2023-09-10,1140,D,0
-19.4227,28.8779,331.5,2023-09-10,1140,D,0
-19.4149,28.8721,332.5,2023-09-10,1140,D,0
-18.9773,32.4865,331.3,2023-09-10,1140,D,0
-18.9789,32.474,371.4,2023-09-10,1140,D,0
-19.4015,28.8704,330.6,2023-09-10,1140,D,0
-18.9687,32.4727,347.9,2023-09-10,1140,D,0
-18.907,32.5585,324.4,2023-09-10,1140,D,0
-19.1127,30.4172,341.5,2023-09-10,1140,D,0
-18.8252,32.5666,324.4,2023-09-10,1140,D,0
-18.8664,32.083,323.5,2023-09-10,1140,D,0
-18.8788,31.8114,323.5,2023-09-10,1140,D,0
-18.8698,31.7966,328.0,2023-09-10,1140,D,0
-17.949,32.0155,331.4,2023-09-10,1141,D,0
-18.594,32.2059,335.3,2023-09-10,1141,D,0
-18.8378,30.1129,338.0,2023-09-10,1141,D,0
-18.8398,30.0949,340.6,2023-09-10,1141,D,0
-18.5958,32.2124,335.8,2023-09-10,1141,D,0
-18.7729,30.8061,328.2,2023-09-10,1141,D,0
-18.7749,30.7901,329.8,2023-09-10,1141,D,0
-18.8452,30.1068,333.6,2023-09-10,1141,D,0
-18.8474,30.0889,324.5,2023-09-10,1141,D,0
-18.5999,32.0151,324.9,2023-09-10,1141,D,0
-18.8331,30.1053,340.5,2023-09-10,1141,D,0
-18.6963,30.7637,331.2,2023-09-10,1141,D,0
-18.6982,30.748,332.6,2023-09-10,1141,D,0
-18.8037,29.5791,321.9,2023-09-10,1141,D,0
-18.4857,32.1139,339.3,2023-09-10,1141,D,0
-18.4873,32.1011,327.9,2023-09-10,1141,D,0
-18.7911,29.5776,328.6,2023-09-10,1141,D,0
-18.6063,30.9551,325.2,2023-09-10,1141,D,0
-18.6978,30.1738,326.6,2023-09-10,1141,D,0
-18.453,32.1224,349.3,2023-09-10,1141,D,0
-18.4546,32.1094,330.9,2023-09-10,1141,D,0
-18.4442,32.108,340.7,2023-09-10,1141,D,0
-18.4644,31.8564,322.5,2023-09-10,1141,D,0
-18.624,30.2293,345.0,2023-09-10,1141,D,0
-18.3512,32.2837,334.3,2023-09-10,1141,D,0
-18.5662,30.5175,327.4,2023-09-10,1141,D,0
-18.5564,30.3968,324.9,2023-09-10,1141,D,0
-18.5583,30.3794,326.0,2023-09-10,1141,D,0
-18.5903,29.9885,324.7,2023-09-10,1141,D,0
-18.5992,29.9848,327.6,2023-09-10,1141,D,0
-18.5669,29.9435,323.3,2023-09-10,1141,D,0
-18.4696,30.2576,325.1,2023-09-10,1141,D,0
-18.1867,32.54,342.7,2023-09-10,1141,D,0
-18.1881,32.5284,328.0,2023-09-10,1141,D,0
-18.1859,32.5452,335.0,2023-09-10,1141,D,0
-18.1875,32.5336,333.7,2023-09-10,1141,D,0
-18.4755,30.2512,322.7,2023-09-10,1141,D,0
-18.1759,32.5437,328.0,2023-09-10,1141,D,0
-18.4,29.9526,325.4,2023-09-10,1141,D,0
-18.402,29.9344,335.2,2023-09-10,1141,D,0
-18.3542,30.4049,327.2,2023-09-10,1141,D,0
-18.3966,29.9473,334.0,2023-09-10,1141,D,0
-18.3988,29.9292,329.9,2023-09-10,1141,D,0
-18.2611,30.8848,324.0,2023-09-10,1141,D,0
-18.2629,30.8693,328.6,2023-09-10,1141,D,0
-18.6383,27.3699,329.8,2023-09-10,1141,D,0
-18.2681,30.4276,325.1,2023-09-10,1141,D,0
-18.27,30.4109,328.7,2023-09-10,1141,D,0
-18.0777,31.9415,338.4,2023-09-10,1141,D,0
-18.1884,31.0157,325.6,2023-09-10,1141,D,0
-18.2723,30.4211,328.8,2023-09-10,1141,D,0
-18.07,31.947,352.2,2023-09-10,1141,D,0
-18.0716,31.9341,360.0,2023-09-10,1141,D,0
-18.0579,31.958,322.0,2023-09-10,1141,D,0
-18.0595,31.9455,341.6,2023-09-10,1141,D,0
-18.0932,31.6801,334.7,2023-09-10,1141,D,0
-18.0949,31.6668,323.7,2023-09-10,1141,D,0
-18.0826,31.6785,336.7,2023-09-10,1141,D,0
-18.0843,31.6651,327.4,2023-09-10,1141,D,0
-18.0258,32.0443,327.3,2023-09-10,1141,D,0
-18.0274,32.0317,346.0,2023-09-10,1141,D,0
-17.9578,32.0295,339.0,2023-09-10,1141,D,0
-17.9594,32.0169,349.1,2023-09-10,1141,D,0
-17.9841,31.823,324.0,2023-09-10,1141,D,0
-17.9474,32.0281,332.8,2023-09-10,1141,D,0
-17.9833,31.3927,326.1,2023-09-10,1141,D,0
-18.1852,29.5449,328.1,2023-09-10,1141,D,0
-18.1836,29.5375,326.8,2023-09-10,1141,D,0
-18.1941,28.4847,325.2,2023-09-10,1141,D,0
-18.201,28.4807,325.3,2023-09-10,1141,D,0
-17.792,31.8106,325.8,2023-09-10,1141,D,0
-17.7815,31.8092,350.2,2023-09-10,1141,D,0
-17.7831,31.7963,328.7,2023-09-10,1141,D,0
-17.771,31.8076,366.1,2023-09-10,1141,D,0
-17.7726,31.7946,346.2,2023-09-10,1141,D,0
-17.9748,30.1231,322.0,2023-09-10,1141,D,0
-18.0025,29.6653,323.5,2023-09-10,1141,D,0
-17.9592,29.8298,325.3,2023-09-10,1141,D,0
-17.9612,29.8116,323.5,2023-09-10,1141,D,0
-17.9998,29.6576,324.2,2023-09-10,1141,D,0
-17.7425,31.0178,324.2,2023-09-10,1141,D,0
-17.9049,29.607,326.3,2023-09-10,1141,D,0
-18.2336,26.236,324.8,2023-09-10,1141,D,0
-17.7427,31.0124,323.7,2023-09-10,1141,D,0
-17.5257,32.6123,324.5,2023-09-10,1141,D,0
-17.901,29.6207,321.7,2023-09-10,1141,D,0
-17.9033,29.6018,325.3,2023-09-10,1141,D,0
-17.7223,30.9031,338.7,2023-09-10,1141,D,0
-17.7111,30.9016,334.0,2023-09-10,1141,D,0
-17.9134,29.1828,325.1,2023-09-10,1141,D,0
-17.7929,29.9082,322.5,2023-09-10,1141,D,0
-17.6972,30.6326,331.2,2023-09-10,1141,D,0
-17.6991,30.6262,329.1,2023-09-10,1141,D,0
-17.8308,29.547,327.3,2023-09-10,1141,D,0
-17.6495,30.5557,327.9,2023-09-10,1141,D,0
-17.6514,30.5396,323.3,2023-09-10,1141,D,0
-17.7362,29.8195,325.3,2023-09-10,1141,D,0
-17.818,29.1022,327.4,2023-09-10,1141,D,0
-17.4886,31.6953,334.7,2023-09-10,1141,D,0
-17.4902,31.6821,333.0,2023-09-10,1141,D,0
-17.4781,31.6938,334.2,2023-09-10,1141,D,0
-17.4797,31.6805,325.8,2023-09-10,1141,D,0
-17.4736,31.6876,325.3,2023-09-10,1141,D,0
-17.559,30.6502,341.3,2023-09-10,1141,D,0
-17.5724,30.5395,324.6,2023-09-10,1141,D,0
-17.5476,30.6488,332.6,2023-09-10,1141,D,0
-17.5495,30.6332,326.7,2023-09-10,1141,D,0
-17.6122,30.1057,325.3,2023-09-10,1141,D,0
-17.6142,30.0884,328.1,2023-09-10,1141,D,0
-17.8876,27.6309,324.0,2023-09-10,1141,D,0
-17.8093,27.9658,327.0,2023-09-10,1141,D,0
-17.8119,27.9412,332.4,2023-09-10,1141,D,0
-17.816,27.7595,336.8,2023-09-10,1141,D,0
-17.8186,27.7338,322.6,2023-09-10,1141,D,0
-17.8188,27.96,323.4,2023-09-10,1141,D,0
-17.8046,27.9589,327.1,2023-09-10,1141,D,0
-17.8127,27.7526,339.6,2023-09-10,1141,D,0
-17.4071,31.1403,341.2,2023-09-10,1141,D,0
-17.4089,31.1261,336.7,2023-09-10,1141,D,0
-17.5023,30.3585,327.1,2023-09-10,1141,D,0
-17.5043,30.3421,333.0,2023-09-10,1141,D,0
-17.7983,27.7514,336.7,2023-09-10,1141,D,0
-17.3701,31.3501,328.1,2023-09-10,1141,D,0
-17.4229,30.9197,324.2,2023-09-10,1141,D,0
-17.3807,30.989,351.3,2023-09-10,1141,D,0
-17.3824,30.9748,333.4,2023-09-10,1141,D,0
-17.3806,30.9837,346.9,2023-09-10,1141,D,0
-17.2414,31.4794,334.4,2023-09-10,1141,D,0
-17.3003,30.8909,324.0,2023-09-10,1141,D,0
-17.312,30.614,328.5,2023-09-10,1141,D,0
-17.2285,31.0156,328.2,2023-09-10,1141,D,0
-17.297,30.3519,323.8,2023-09-10,1141,D,0
-17.2241,30.866,324.0,2023-09-10,1141,D,0
-17.0358,32.1548,324.0,2023-09-10,1141,D,0
-17.0256,32.1536,328.6,2023-09-10,1141,D,0
-17.1455,31.1316,325.3,2023-09-10,1141,D,0
-16.9039,32.7761,325.4,2023-09-10,1141,D,0
-17.0276,31.8125,322.4,2023-09-10,1141,D,0
-17.0172,31.8107,330.1,2023-09-10,1141,D,0
-17.3571,28.344,329.6,2023-09-10,1141,D,0
-17.3511,28.2726,323.7,2023-09-10,1141,D,0
-17.3537,28.2485,324.4,2023-09-10,1141,D,0
-17.1384,29.837,323.8,2023-09-10,1141,D,0
-17.3447,28.2669,325.8,2023-09-10,1141,D,0
-17.2111,29.2932,322.0,2023-09-10,1141,D,0
-16.9446,31.3608,328.7,2023-09-10,1141,D,0
-17.1341,29.8314,330.3,2023-09-10,1141,D,0
-17.0395,30.4159,330.6,2023-09-10,1141,D,0
-16.7455,32.6607,332.5,2023-09-10,1141,D,0
-17.0638,29.8044,328.8,2023-09-10,1141,D,0
-17.0588,29.797,329.1,2023-09-10,1141,D,0
-16.771,31.4936,353.6,2023-09-10,1141,D,0
-16.7727,31.4803,335.6,2023-09-10,1141,D,0
-16.8195,30.9035,322.0,2023-09-10,1141,D,0
-16.7431,30.4055,324.9,2023-09-10,1141,D,0
-16.8186,29.5541,325.3,2023-09-10,1141,D,0
-16.8208,29.5352,331.1,2023-09-10,1141,D,0
-16.569,31.5615,343.9,2023-09-10,1141,D,0
-16.5746,31.557,326.4,2023-09-10,1141,D,0
-16.5641,31.5556,328.6,2023-09-10,1141,D,0
-16.8158,29.5488,327.7,2023-09-10,1141,D,0
-16.6227,30.8352,327.3,2023-09-10,1141,D,0
-16.6245,30.8203,338.9,2023-09-10,1141,D,0
-16.5553,30.9276,326.8,2023-09-10,1141,D,0
-16.5518,30.9348,321.5,2023-09-10,1141,D,0
-16.5229,31.075,321.7,2023-09-10,1141,D,0
-16.5386,30.68,330.8,2023-09-10,1141,D,0
-16.5274,30.6788,333.3,2023-09-10,1141,D,0
-16.6058,29.6746,326.5,2023-09-10,1141,D,0
-16.5301,30.1978,343.9,2023-09-10,1141,D,0
-16.5321,30.1815,327.1,2023-09-10,1141,D,0
-16.5185,30.1964,330.6,2023-09-10,1141,D,0
-16.5205,30.1799,335.5,2023-09-10,1141,D,0
-16.5048,30.2116,323.2,2023-09-10,1141,D,0
-16.5068,30.1951,323.9,2023-09-10,1141,D,0
-16.6118,29.1998,328.1,2023-09-10,1141,D,0
-16.4167,30.558,324.7,2023-09-10,1141,D,0
-16.3791,30.396,322.2,2023-09-10,1141,D,0
-16.4518,29.683,327.4,2023-09-10,1141,D,0
-16.4171,29.7268,328.5,2023-09-10,1141,D,0
-18.818,32.1298,325.7,2023-09-10,1141,D,0
-18.8076,32.1284,342.4,2023-09-10,1141,D,0
-18.8182,31.9542,349.5,2023-09-10,1141,D,0
-18.8113,31.9605,330.4,2023-09-10,1141,D,0
-18.813,31.9471,331.8,2023-09-10,1141,D,0
-18.8173,31.7418,326.2,2023-09-10,1141,D,0
-18.819,31.7281,329.2,2023-09-10,1141,D,0
-18.8207,31.3535,328.6,2023-09-10,1141,D,0
-18.907,30.6207,325.1,2023-09-10,1141,D,0
-18.9444,30.2953,328.9,2023-09-10,1141,D,0
-18.6511,32.2532,322.9,2023-09-10,1141,D,0
-18.7526,31.4416,342.4,2023-09-10,1141,D,0
-18.7544,31.4272,337.1,2023-09-10,1141,D,0
-18.6393,32.2643,344.0,2023-09-10,1141,D,0
-18.6409,32.2514,337.7,2023-09-10,1141,D,0
-18.754,31.3386,328.4,2023-09-10,1141,D,0
-18.7558,31.324,325.9,2023-09-10,1141,D,0
-18.9609,29.5712,323.3,2023-09-10,1141,D,0
-18.6782,31.6905,332.0,2023-09-10,1141,D,0
-18.7725,30.7968,338.9,2023-09-10,1141,D,0
-18.8519,30.0965,323.7,2023-09-10,1141,D,0
-18.5925,32.2186,330.4,2023-09-10,1141,D,0
-17.4148,31.1174,300.4,2023-09-10,1941,N,0
-17.9903,32.8005,330.7,2023-09-10,1941,N,0
-16.7118,30.304,301.3,2023-09-10,1941,N,0
-16.612,31.2066,306.0,2023-09-10,1941,N,0
-16.6766,30.9772,305.3,2023-09-10,1941,N,0
-16.6783,30.9632,305.2,2023-09-10,1941,N,0
-17.9158,29.1801,309.6,2023-09-10,1941,N,0
-16.5317,31.1118,311.5,2023-09-10,1941,N,0
-18.4431,26.4748,302.8,2023-09-11,11,N,0
-16.0855,30.478,329.8,2023-09-11,810,D,0
-16.0873,30.494,323.8,2023-09-11,810,D,0
-16.0876,30.4837,335.2,2023-09-11,810,D,0
-16.4653,30.3071,320.2,2023-09-11,810,D,0
-16.4245,30.064,318.5,2023-09-11,810,D,0
-16.3469,29.9016,327.6,2023-09-11,810,D,0
-16.345,29.8866,320.6,2023-09-11,810,D,0
-16.334,29.888,324.3,2023-09-11,810,D,0
-16.2474,30.3024,324.6,2023-09-11,810,D,0
-16.2467,30.2926,323.4,2023-09-11,810,D,0
-19.7776,29.2479,319.8,2023-09-11,811,D,0
-19.7793,29.2628,324.8,2023-09-11,811,D,0
-19.9278,30.4845,330.6,2023-09-11,811,D,0
-18.8861,31.4333,319.2,2023-09-11,811,D,0
-18.2398,26.1527,324.0,2023-09-11,811,D,0
-18.2412,26.1624,333.2,2023-09-11,811,D,0
-18.8967,31.4109,319.4,2023-09-11,811,D,0
-18.899,31.432,320.7,2023-09-11,811,D,0
-19.0103,32.3351,326.2,2023-09-11,811,D,0
-19.0026,32.3303,321.3,2023-09-11,811,D,0
-18.3675,26.4782,326.6,2023-09-11,811,D,0
-19.1388,31.3668,318.7,2023-09-11,811,D,0
-19.1991,31.0859,321.4,2023-09-11,811,D,0
-19.1031,30.1228,352.6,2023-09-11,811,D,0
-19.105,30.1394,318.6,2023-09-11,811,D,0
-19.2575,30.3569,318.7,2023-09-11,811,D,0
-19.2633,30.3497,317.7,2023-09-11,811,D,0
-19.3688,30.4258,332.1,2023-09-11,811,D,0
-19.3622,30.4207,332.3,2023-09-11,811,D,0
-19.4122,30.4329,319.2,2023-09-11,811,D,0
-19.5367,30.9607,318.0,2023-09-11,811,D,0
-19.3769,28.9463,320.9,2023-09-11,811,D,0
-19.3834,28.8192,330.1,2023-09-11,811,D,0
-19.394,28.8178,352.2,2023-09-11,811,D,0
-19.3957,28.8315,323.9,2023-09-11,811,D,0
-19.4046,28.8163,327.9,2023-09-11,811,D,0
-19.5256,28.2298,325.1,2023-09-11,811,D,0
-19.5374,28.241,348.0,2023-09-11,811,D,0
-19.7997,30.4196,319.0,2023-09-11,811,D,0
-19.5476,28.2395,357.3,2023-09-11,811,D,0
-19.5492,28.2521,351.5,2023-09-11,811,D,0
-19.5578,28.2381,340.9,2023-09-11,811,D,0
-19.555,28.2319,326.5,2023-09-11,811,D,0
-19.5565,28.2445,351.0,2023-09-11,811,D,0
-19.5581,28.2571,321.3,2023-09-11,811,D,0
-19.7764,29.2539,327.1,2023-09-11,811,D,0
-19.9214,30.4727,325.1,2023-09-11,811,D,0
-19.9235,30.4909,325.8,2023-09-11,811,D,0
-16.567,30.9599,318.9,2023-09-11,811,D,0
-16.5987,31.2276,326.1,2023-09-11,811,D,0
-16.4915,30.2391,321.9,2023-09-11,811,D,0
-16.6109,31.2263,331.1,2023-09-11,811,D,0
-16.5102,30.0169,317.7,2023-09-11,811,D,0
-16.5434,30.0118,321.6,2023-09-11,811,D,0
-16.5565,29.9357,320.3,2023-09-11,811,D,0
-16.6092,30.3713,318.7,2023-09-11,811,D,0
-16.6993,30.7391,332.3,2023-09-11,811,D,0
-16.615,29.5869,326.1,2023-09-11,811,D,0
-16.6073,29.5816,320.9,2023-09-11,811,D,0
-16.6089,29.5953,321.7,2023-09-11,811,D,0
-16.6655,29.7895,328.1,2023-09-11,811,D,0
-16.8349,31.0143,332.8,2023-09-11,811,D,0
-16.681,29.1718,322.2,2023-09-11,811,D,0
-16.7676,29.7848,327.4,2023-09-11,811,D,0
-16.7694,29.7993,330.8,2023-09-11,811,D,0
-16.8658,30.309,346.5,2023-09-11,811,D,0
-16.712,28.9989,322.3,2023-09-11,811,D,0
-16.8772,30.3076,365.2,2023-09-11,811,D,0
-16.875,30.3014,347.1,2023-09-11,811,D,0
-16.8768,30.3175,333.5,2023-09-11,811,D,0
-16.8864,30.3001,328.2,2023-09-11,811,D,0
-16.8882,30.3159,321.6,2023-09-11,811,D,0
-17.1432,30.9953,357.2,2023-09-11,811,D,0
-17.1454,31.0134,346.0,2023-09-11,811,D,0
-17.1476,30.9881,333.4,2023-09-11,811,D,0
-17.1496,31.0063,357.1,2023-09-11,811,D,0
-17.2653,31.0058,323.7,2023-09-11,811,D,0
-16.9323,28.1855,322.6,2023-09-11,811,D,0
-17.3407,31.3379,320.5,2023-09-11,811,D,0
-17.3362,30.9357,317.3,2023-09-11,811,D,0
-17.252,29.9163,324.1,2023-09-11,811,D,0
-17.4351,31.4782,320.3,2023-09-11,811,D,0
-17.0654,28.3485,320.7,2023-09-11,811,D,0
-17.067,28.3605,327.1,2023-09-11,811,D,0
-17.4342,31.3586,323.0,2023-09-11,811,D,0
-17.1141,28.4088,333.3,2023-09-11,811,D,0
-17.3136,29.492,323.1,2023-09-11,811,D,0
-17.4484,29.2799,322.6,2023-09-11,811,D,0
-17.5916,30.4638,346.5,2023-09-11,811,D,0
-17.5936,30.4805,328.6,2023-09-11,811,D,0
-17.6033,30.4623,344.4,2023-09-11,811,D,0
-17.6053,30.479,347.9,2023-09-11,811,D,0
-17.3489,28.256,323.3,2023-09-11,811,D,0
-17.7246,31.2854,333.8,2023-09-11,811,D,0
-17.7269,31.3049,321.2,2023-09-11,811,D,0
-17.7262,31.2785,321.1,2023-09-11,811,D,0
-17.7283,31.2981,327.6,2023-09-11,811,D,0
-17.6711,30.5675,337.3,2023-09-11,811,D,0
-17.7686,31.4325,318.1,2023-09-11,811,D,0
-17.7597,30.9124,326.6,2023-09-11,811,D,0
-17.5526,29.1226,326.4,2023-09-11,811,D,0
-17.712,30.409,328.5,2023-09-11,811,D,0
-17.714,30.4257,334.6,2023-09-11,811,D,0
-17.7236,30.4078,319.2,2023-09-11,811,D,0
-17.7257,30.4243,320.4,2023-09-11,811,D,0
-17.7098,30.4202,325.8,2023-09-11,811,D,0
-17.7155,30.4703,320.1,2023-09-11,811,D,0
-17.764,30.9061,321.9,2023-09-11,811,D,0
-17.7215,30.4189,339.3,2023-09-11,811,D,0
-17.8496,29.7531,319.7,2023-09-11,811,D,0
-17.9119,30.2836,319.3,2023-09-11,811,D,0
-17.9138,30.2999,324.8,2023-09-11,811,D,0
-17.9255,30.2985,340.8,2023-09-11,811,D,0
-18.0557,30.5311,322.4,2023-09-11,811,D,0
-17.802,28.05,326.9,2023-09-11,811,D,0
-18.0851,30.1027,321.5,2023-09-11,811,D,0
-17.8295,27.9519,330.4,2023-09-11,811,D,0
-17.831,27.9635,326.1,2023-09-11,811,D,0
-18.5137,31.7,319.5,2023-09-11,811,D,0
-18.5111,31.6935,320.4,2023-09-11,811,D,0
-18.601,30.4101,334.4,2023-09-11,811,D,0
-18.7232,31.4868,321.7,2023-09-11,811,D,0
-18.7338,31.4647,320.8,2023-09-11,811,D,0
-18.7361,31.4854,328.3,2023-09-11,811,D,0
-17.9439,25.2355,332.6,2023-09-11,811,D,0
-17.9452,25.2447,327.9,2023-09-11,811,D,0
-18.735,31.4799,331.1,2023-09-11,811,D,0
-18.7047,30.7316,316.4,2023-09-11,811,D,0
-18.7067,30.7502,320.3,2023-09-11,811,D,0
-18.8054,31.408,321.5,2023-09-11,811,D,0
-18.8077,31.429,321.4,2023-09-11,811,D,0
-18.6803,30.2069,320.3,2023-09-11,811,D,0
-18.2375,26.2025,325.9,2023-09-11,811,D,0
-18.2415,26.2316,324.4,2023-09-11,811,D,0
-18.8838,31.4121,320.0,2023-09-11,811,D,0
-20.6065,29.4158,324.1,2023-09-11,812,D,0
-20.6677,29.0657,327.3,2023-09-11,812,D,0
-20.6706,29.0747,325.4,2023-09-11,812,D,0
-20.9606,29.0194,321.5,2023-09-11,812,D,0
-21.7989,31.1088,322.9,2023-09-11,812,D,0
-21.8013,31.1315,319.0,2023-09-11,812,D,0
-21.7985,31.1259,319.6,2023-09-11,812,D,0
-20.6047,29.4,324.4,2023-09-11,812,D,0
-20.5042,28.5211,319.4,2023-09-11,812,D,0
-20.5102,28.5268,323.2,2023-09-11,812,D,0
-20.606,29.4064,335.7,2023-09-11,812,D,0
-20.3845,28.6892,332.2,2023-09-11,812,D,0
-20.3516,28.4166,324.7,2023-09-11,812,D,0
-20.3013,28.8496,330.3,2023-09-11,812,D,0
-20.2996,28.8352,323.5,2023-09-11,812,D,0
-20.1979,29.0301,319.0,2023-09-11,812,D,0
-20.1962,29.0154,335.9,2023-09-11,812,D,0
-20.1943,29.0221,343.6,2023-09-11,812,D,0
-20.1925,29.0073,335.7,2023-09-11,812,D,0
-20.1211,28.8711,322.0,2023-09-11,812,D,0
-22.2127,30.0194,336.3,2023-09-11,1221,D,0
-21.804,31.1325,332.2,2023-09-11,1221,D,0
-21.793,31.1301,374.2,2023-09-11,1221,D,0
-21.7688,31.072,331.2,2023-09-11,1221,D,0
-21.7662,31.087,342.4,2023-09-11,1221,D,0
-21.7635,31.1024,339.8,2023-09-11,1221,D,0
-21.7746,31.1045,345.1,2023-09-11,1221,D,0
-21.772,31.1198,348.0,2023-09-11,1221,D,0
-21.7681,31.0774,337.5,2023-09-11,1221,D,0
-21.7653,31.0925,345.8,2023-09-11,1221,D,0
-21.7764,31.0947,339.2,2023-09-11,1221,D,0
-21.7957,31.1147,337.5,2023-09-11,1221,D,0
-21.7737,31.1099,357.8,2023-09-11,1221,D,0
-21.782,31.1276,334.6,2023-09-11,1221,D,0
-21.7709,31.1253,341.1,2023-09-11,1221,D,0
-18.7408,32.2345,350.0,2023-09-11,1222,D,0
-21.0196,29.3524,327.0,2023-09-11,1222,D,0
-20.2991,32.5898,330.6,2023-09-11,1222,D,0
-20.2954,32.6034,323.8,2023-09-11,1222,D,0
-20.2993,32.5825,324.7,2023-09-11,1222,D,0
-20.6695,29.8632,327.3,2023-09-11,1222,D,0
-20.6072,29.4244,331.3,2023-09-11,1222,D,0
-20.6093,29.4121,330.9,2023-09-11,1222,D,0
-20.5971,29.4225,335.2,2023-09-11,1222,D,0
-20.3232,30.8169,324.7,2023-09-11,1222,D,0
-20.3258,30.8018,330.0,2023-09-11,1222,D,0
-20.4352,30.0941,324.1,2023-09-11,1222,D,0
-20.4186,30.0633,324.3,2023-09-11,1222,D,0
-20.5476,29.2314,327.0,2023-09-11,1222,D,0
-20.0743,31.7433,323.3,2023-09-11,1222,D,0
-20.4808,29.4455,335.2,2023-09-11,1222,D,0
-20.4829,29.4331,344.6,2023-09-11,1222,D,0
-20.4826,29.4389,342.2,2023-09-11,1222,D,0
-20.0814,31.7372,330.8,2023-09-11,1222,D,0
-20.0693,31.7352,323.7,2023-09-11,1222,D,0
-20.1424,31.3211,328.2,2023-09-11,1222,D,0
-20.064,31.6956,325.6,2023-09-11,1222,D,0
-20.1309,31.3185,332.5,2023-09-11,1222,D,0
-20.1193,31.3157,337.2,2023-09-11,1222,D,0
-20.045,31.5277,323.7,2023-09-11,1222,D,0
-20.5865,28.3607,340.0,2023-09-11,1222,D,0
-20.577,28.359,336.9,2023-09-11,1222,D,0
-20.5787,28.3482,327.8,2023-09-11,1222,D,0
-20.3833,29.4711,349.0,2023-09-11,1222,D,0
-20.3854,29.4585,369.7,2023-09-11,1222,D,0
-20.5246,28.6213,326.0,2023-09-11,1222,D,0
-20.0402,31.5212,328.0,2023-09-11,1222,D,0
-20.3867,29.4661,337.3,2023-09-11,1222,D,0
-20.5233,28.6153,329.6,2023-09-11,1222,D,0
-20.3745,29.4767,340.4,2023-09-11,1222,D,0
-20.3766,29.4642,373.2,2023-09-11,1222,D,0
-20.3786,29.4516,363.1,2023-09-11,1222,D,0
-20.5136,28.6135,331.6,2023-09-11,1222,D,0
-20.5154,28.6024,328.8,2023-09-11,1222,D,0
-20.0669,31.2303,330.7,2023-09-11,1222,D,0
-20.0697,31.2139,326.6,2023-09-11,1222,D,0
-20.3664,29.4622,353.0,2023-09-11,1222,D,0
-20.3685,29.4497,363.2,2023-09-11,1222,D,0
-20.5146,28.5453,336.1,2023-09-11,1222,D,0
-20.5164,28.534,370.3,2023-09-11,1222,D,0
-20.5181,28.5231,334.1,2023-09-11,1222,D,0
-20.3583,29.4477,335.6,2023-09-11,1222,D,0
-20.5068,28.5322,342.7,2023-09-11,1222,D,0
-20.5085,28.5212,357.2,2023-09-11,1222,D,0
-20.4929,28.4958,329.7,2023-09-11,1222,D,0
-20.106,30.5441,330.6,2023-09-11,1222,D,0
-20.1085,30.5298,325.8,2023-09-11,1222,D,2
-20.1154,30.5403,327.1,2023-09-11,1222,D,0
-20.3888,28.6882,332.9,2023-09-11,1222,D,0
-20.3906,28.6768,330.8,2023-09-11,1222,D,0
-19.9177,31.1419,326.1,2023-09-11,1222,D,0
-19.9206,31.1256,324.3,2023-09-11,1222,D,0
-20.3044,28.8374,327.1,2023-09-11,1222,D,0
-19.9221,31.1373,327.3,2023-09-11,1222,D,0
-20.3025,28.8435,327.7,2023-09-11,1222,D,0
-19.8385,31.2733,324.1,2023-09-11,1222,D,0
-20.2131,29.0198,337.6,2023-09-11,1222,D,0
-20.2151,29.0079,339.5,2023-09-11,1222,D,0
-20.2032,29.018,352.2,2023-09-11,1222,D,0
-20.2052,29.006,375.8,2023-09-11,1222,D,0
-19.9529,30.4274,323.3,2023-09-11,1222,D,0
-19.9445,30.4105,373.0,2023-09-11,1222,D,0
-19.9471,30.396,376.3,2023-09-11,1222,D,0
-19.9426,30.4031,400.3,2023-09-11,1222,D,0
-19.9451,30.3886,344.4,2023-09-11,1222,D,0
-19.9168,30.4888,333.4,2023-09-11,1222,D,0
-19.9342,30.3864,338.4,2023-09-11,1222,D,0
-19.9366,30.3721,333.0,2023-09-11,1222,D,0
-19.8594,30.7566,334.9,2023-09-11,1222,D,0
-19.8482,30.7544,324.0,2023-09-11,1222,D,0
-20.0943,29.3009,328.7,2023-09-11,1222,D,0
-19.8966,30.4086,325.8,2023-09-11,1222,D,0
-19.8991,30.3943,325.7,2023-09-11,1222,D,0
-20.0842,29.299,328.1,2023-09-11,1222,D,0
-19.8882,30.3923,342.8,2023-09-11,1222,D,0
-19.8773,30.3901,345.7,2023-09-11,1222,D,0
-19.8148,30.4173,326.8,2023-09-11,1222,D,0
-19.7732,30.5926,328.3,2023-09-11,1222,D,0
-19.8013,30.4298,337.8,2023-09-11,1222,D,0
-19.8039,30.4151,330.5,2023-09-11,1222,D,0
-19.6538,31.1373,349.7,2023-09-11,1222,D,0
-19.6226,31.1239,324.2,2023-09-11,1222,D,0
-19.8633,29.5162,339.7,2023-09-11,1222,D,0
-19.8654,29.5034,328.7,2023-09-11,1222,D,0
-19.853,29.5144,331.4,2023-09-11,1222,D,0
-19.8222,29.5086,365.1,2023-09-11,1222,D,0
-19.8244,29.4957,331.4,2023-09-11,1222,D,0
-19.8246,29.5168,338.8,2023-09-11,1222,D,0
-19.8267,29.5039,348.1,2023-09-11,1222,D,0
-19.5959,30.7494,342.1,2023-09-11,1222,D,0
-19.5986,30.734,334.3,2023-09-11,1222,D,0
-19.5436,30.9841,344.1,2023-09-11,1222,D,0
-19.5464,30.9681,330.1,2023-09-11,1222,D,0
-19.5322,30.9818,349.6,2023-09-11,1222,D,0
-19.535,30.9657,328.2,2023-09-11,1222,D,0
-19.4828,31.1944,324.7,2023-09-11,1222,D,0
-19.6487,30.1779,324.5,2023-09-11,1222,D,0
-19.3472,31.5009,327.9,2023-09-11,1222,D,0
-19.3353,31.4985,334.3,2023-09-11,1222,D,0
-19.3202,31.5138,332.8,2023-09-11,1222,D,0
-19.5646,30.1255,335.2,2023-09-11,1222,D,0
-19.567,30.1115,335.6,2023-09-11,1222,D,0
-19.0868,32.7077,325.6,2023-09-11,1222,D,0
-19.0903,32.6894,337.2,2023-09-11,1222,D,0
-19.3739,31.1471,331.8,2023-09-11,1222,D,0
-19.5515,30.137,340.6,2023-09-11,1222,D,0
-19.5538,30.1234,335.3,2023-09-11,1222,D,0
-19.5562,30.1093,330.3,2023-09-11,1222,D,0
-19.482,30.4064,325.4,2023-09-11,1222,D,0
-19.0916,32.7043,334.3,2023-09-11,1222,D,0
-19.095,32.6858,327.8,2023-09-11,1222,D,0
-19.3677,31.1404,326.2,2023-09-11,1222,D,0
-19.3868,30.8239,330.8,2023-09-11,1222,D,0
-19.5328,29.9686,349.2,2023-09-11,1222,D,0
-19.5352,29.9547,326.1,2023-09-11,1222,D,0
-19.3666,30.7387,322.2,2023-09-11,1222,D,0
-19.3693,30.723,324.2,2023-09-11,1222,D,0
-19.4197,30.4345,326.9,2023-09-11,1222,D,0
-19.4222,30.4197,323.6,2023-09-11,1222,D,0
-19.3695,30.4486,328.8,2023-09-11,1222,D,0
-19.3584,30.4465,341.6,2023-09-11,1222,D,0
-19.361,30.4315,338.1,2023-09-11,1222,D,0
-19.2774,30.7148,334.2,2023-09-11,1222,D,0
-19.2801,30.6991,324.1,2023-09-11,1222,D,0
-19.3959,29.7479,330.2,2023-09-11,1222,D,0
-19.3854,29.7459,342.7,2023-09-11,1222,D,0
-19.3876,29.7325,347.1,2023-09-11,1222,D,0
-19.5343,28.6528,328.9,2023-09-11,1222,D,0
-19.5828,28.2913,350.8,2023-09-11,1222,D,0
-19.5845,28.2803,366.3,2023-09-11,1222,D,0
-19.5863,28.2693,360.5,2023-09-11,1222,D,0
-19.5881,28.2584,343.2,2023-09-11,1222,D,0
-19.1102,31.0081,333.0,2023-09-11,1222,D,0
-19.5732,28.2895,441.0,2023-09-11,1222,D,0
-19.575,28.2786,397.9,2023-09-11,1222,D,0
-19.5636,28.2878,416.3,2023-09-11,1222,D,0
-19.5654,28.2768,417.0,2023-09-11,1222,D,0
-19.5725,28.233,343.2,2023-09-11,1222,D,0
-19.1109,31.0184,328.7,2023-09-11,1222,D,0
-19.1137,31.0018,326.6,2023-09-11,1222,D,0
-19.5588,28.2916,336.6,2023-09-11,1222,D,0
-19.5606,28.2806,399.6,2023-09-11,1222,D,0
-19.5623,28.2696,359.1,2023-09-11,1222,D,0
-19.551,28.2789,338.3,2023-09-11,1222,D,0
-19.5527,28.2679,353.7,2023-09-11,1222,D,0
-19.5544,28.2569,339.8,2023-09-11,1222,D,0
-19.1808,30.3388,337.6,2023-09-11,1222,D,0
-19.1698,30.3367,328.2,2023-09-11,1222,D,0
-18.8839,31.8801,324.3,2023-09-11,1222,D,0
-19.4109,28.8388,337.6,2023-09-11,1222,D,0
-19.4128,28.827,329.6,2023-09-11,1222,D,0
-18.9846,31.2552,326.2,2023-09-11,1222,D,0
-19.401,28.837,334.0,2023-09-11,1222,D,0
-19.4029,28.8251,333.0,2023-09-11,1222,D,0
-19.3733,28.9422,327.0,2023-09-11,1222,D,0
-18.9799,31.2486,327.7,2023-09-11,1222,D,0
-19.459,28.0335,354.7,2023-09-11,1222,D,0
-19.4607,28.0228,333.0,2023-09-11,1222,D,0
-18.836,31.5715,327.8,2023-09-11,1222,D,0
-18.7917,31.6757,321.1,2023-09-11,1222,D,0
-18.7973,31.6896,326.2,2023-09-11,1222,D,0
-19.143,29.5989,356.7,2023-09-11,1222,D,0
-19.1451,29.5857,361.8,2023-09-11,1222,D,0
-19.1473,29.5726,357.9,2023-09-11,1222,D,0
-19.0827,29.8946,342.7,2023-09-11,1222,D,0
-19.1325,29.5969,347.3,2023-09-11,1222,D,0
-19.1347,29.5837,341.6,2023-09-11,1222,D,0
-19.1369,29.5706,345.6,2023-09-11,1222,D,0
-19.1221,29.5949,384.9,2023-09-11,1222,D,0
-19.1243,29.5817,358.1,2023-09-11,1222,D,0
-19.1265,29.5686,328.8,2023-09-11,1222,D,0
-19.5655,26.805,337.9,2023-09-11,1222,D,0
-19.567,26.7953,339.4,2023-09-11,1222,D,0
-18.758,31.6259,326.3,2023-09-11,1222,D,0
-19.5579,26.7938,340.6,2023-09-11,1222,D,0
-18.9049,30.7314,329.4,2023-09-11,1222,D,0
-18.4792,32.6508,320.3,2023-09-11,1222,D,0
-18.483,32.6305,324.6,2023-09-11,1222,D,0
-18.8368,30.598,335.2,2023-09-11,1222,D,0
-18.8393,30.5832,333.6,2023-09-11,1222,D,0
-18.8995,30.2365,348.0,2023-09-11,1222,D,0
-18.902,30.2219,341.7,2023-09-11,1222,D,0
-18.8885,30.2345,324.9,2023-09-11,1222,D,0
-18.8911,30.2198,328.0,2023-09-11,1222,D,0
-18.5181,32.1532,331.3,2023-09-11,1222,D,0
-18.8818,30.143,337.2,2023-09-11,1222,D,0
-18.8844,30.1286,334.7,2023-09-11,1222,D,0
-19.2122,28.1774,342.2,2023-09-11,1222,D,0
-19.209,28.1702,327.9,2023-09-11,1222,D,0
-18.8799,30.136,345.2,2023-09-11,1222,D,0
-18.5149,32.1665,320.8,2023-09-11,1222,D,0
-18.5185,32.1462,326.8,2023-09-11,1222,D,0
-18.5723,31.6316,324.9,2023-09-11,1222,D,0
-18.7031,30.8961,342.8,2023-09-11,1222,D,0
-18.7059,30.8797,348.1,2023-09-11,1222,D,0
-18.56,31.6292,327.6,2023-09-11,1222,D,0
-18.5341,31.7016,361.3,2023-09-11,1222,D,0
-18.5376,31.6826,326.2,2023-09-11,1222,D,0
-18.7058,30.7454,332.5,2023-09-11,1222,D,0
-18.7087,30.7292,326.9,2023-09-11,1222,D,0
-18.6945,30.7427,325.1,2023-09-11,1222,D,0
-18.5297,31.7154,333.1,2023-09-11,1222,D,0
-18.5331,31.696,346.7,2023-09-11,1222,D,0
-18.6956,30.7541,325.5,2023-09-11,1222,D,0
-18.6983,30.7381,327.4,2023-09-11,1222,D,0
-18.5766,31.2336,321.1,2023-09-11,1222,D,0
-19.0462,28.4329,330.8,2023-09-11,1222,D,0
-18.4483,31.6012,323.0,2023-09-11,1222,D,0
-18.4632,31.4509,325.7,2023-09-11,1222,D,0
-18.4451,31.5932,325.0,2023-09-11,1222,D,0
-18.7409,29.863,325.5,2023-09-11,1222,D,0
-18.2257,32.7431,320.2,2023-09-11,1222,D,0
-18.6992,29.9131,325.9,2023-09-11,1222,D,0
-18.7016,29.899,326.3,2023-09-11,1222,D,0
-18.2003,32.5076,320.2,2023-09-11,1222,D,0
-18.432,31.1085,325.3,2023-09-11,1222,D,0
-18.4271,31.1022,326.7,2023-09-11,1222,D,0
-18.2704,31.4936,334.4,2023-09-11,1222,D,0
-18.2738,31.4751,350.8,2023-09-11,1222,D,0
-18.2668,31.4856,350.5,2023-09-11,1222,D,0
-18.2701,31.4671,335.5,2023-09-11,1222,D,0
-18.2138,31.5704,327.3,2023-09-11,1222,D,0
-18.2537,30.8299,328.0,2023-09-11,1222,D,0
-18.2566,30.8134,328.9,2023-09-11,1222,D,0
-18.3849,30.0715,326.1,2023-09-11,1222,D,0
-18.4167,29.8849,328.3,2023-09-11,1222,D,0
-18.374,30.0693,328.2,2023-09-11,1222,D,0
-18.6659,27.3908,366.2,2023-09-11,1222,D,0
-18.6675,27.3806,412.1,2023-09-11,1222,D,0
-18.669,27.3704,373.7,2023-09-11,1222,D,0
-18.6566,27.3892,349.0,2023-09-11,1222,D,0
-18.6582,27.3789,351.2,2023-09-11,1222,D,0
-18.6598,27.3687,347.1,2023-09-11,1222,D,0
-18.6489,27.3773,337.2,2023-09-11,1222,D,0
-18.6505,27.3671,333.2,2023-09-11,1222,D,0
-18.0158,30.9256,328.6,2023-09-11,1222,D,0
-18.0188,30.9088,334.7,2023-09-11,1222,D,0
-18.0206,30.9197,332.3,2023-09-11,1222,D,0
-17.9855,30.774,344.5,2023-09-11,1222,D,0
-17.9562,30.8723,327.1,2023-09-11,1222,D,0
-17.7328,31.8281,323.1,2023-09-11,1222,D,0
-18.0482,30.0126,328.4,2023-09-11,1222,D,0
-17.7202,31.8254,332.3,2023-09-11,1222,D,0
-17.9499,30.3182,340.9,2023-09-11,1222,D,0
-17.9526,30.3029,333.9,2023-09-11,1222,D,0
-17.9275,30.3138,356.4,2023-09-11,1222,D,0
-17.9302,30.2985,331.5,2023-09-11,1222,D,0
-17.9257,30.3224,333.8,2023-09-11,1222,D,0
-17.9283,30.307,350.3,2023-09-11,1222,D,0
-17.938,30.0457,327.2,2023-09-11,1222,D,0
-17.927,30.0438,333.9,2023-09-11,1222,D,0
-18.0061,29.5767,326.1,2023-09-11,1222,D,0
-18.0084,29.563,327.5,2023-09-11,1222,D,0
-17.88,30.2504,338.5,2023-09-11,1222,D,0
-17.9603,29.7823,327.4,2023-09-11,1222,D,0
-17.6148,31.6755,325.9,2023-09-11,1222,D,0
-17.8662,30.2636,325.3,2023-09-11,1222,D,0
-17.8688,30.2484,328.8,2023-09-11,1222,D,0
-17.612,31.6896,321.9,2023-09-11,1222,D,0
-17.6153,31.6706,323.5,2023-09-11,1222,D,0
-18.42,26.5213,330.1,2023-09-11,1222,D,0
-18.4095,26.5294,332.3,2023-09-11,1222,D,0
-17.5093,31.8983,326.8,2023-09-11,1222,D,0
-18.3809,26.5346,334.0,2023-09-11,1222,D,0
-17.7349,30.4245,328.9,2023-09-11,1222,D,0
-17.885,29.4927,327.2,2023-09-11,1222,D,0
-17.8873,29.4792,338.6,2023-09-11,1222,D,0
-17.8113,29.9037,325.9,2023-09-11,1222,D,0
-17.8806,29.4851,337.6,2023-09-11,1222,D,0
-17.9262,29.2068,331.3,2023-09-11,1222,D,0
-17.9283,29.1938,334.3,2023-09-11,1222,D,0
-17.6896,30.5571,330.1,2023-09-11,1222,D,0
-17.8005,29.9013,329.0,2023-09-11,1222,D,0
-17.6781,30.5546,339.5,2023-09-11,1222,D,0
-17.6809,30.5383,343.7,2023-09-11,1222,D,0
-17.8661,29.4406,325.1,2023-09-11,1222,D,0
-17.6667,30.5521,328.3,2023-09-11,1222,D,0
-17.7883,29.8398,324.0,2023-09-11,1222,D,0
-17.8533,29.4521,340.5,2023-09-11,1222,D,0
-17.8555,29.4387,341.9,2023-09-11,1222,D,0
-17.8484,29.2867,333.2,2023-09-11,1222,D,0
-16.6011,31.2235,333.6,2023-09-11,1223,D,0
-16.6045,31.2044,334.9,2023-09-11,1223,D,0
-16.6735,30.5704,324.6,2023-09-11,1223,D,0
-16.5926,30.9686,334.9,2023-09-11,1223,D,0
-16.5958,30.9502,323.2,2023-09-11,1223,D,0
-16.5805,30.9663,324.0,2023-09-11,1223,D,0
-16.7816,29.7938,330.2,2023-09-11,1223,D,0
-16.7706,29.7915,331.3,2023-09-11,1223,D,0
-16.4856,31.2154,335.5,2023-09-11,1223,D,0
-16.4833,31.2076,325.5,2023-09-11,1223,D,0
-16.4965,31.0579,327.9,2023-09-11,1223,D,0
-16.6153,30.3648,324.5,2023-09-11,1223,D,0
-16.5981,30.3951,329.9,2023-09-11,1223,D,0
-16.4752,31.0353,331.6,2023-09-11,1223,D,0
-16.6032,30.2955,342.9,2023-09-11,1223,D,0
-16.695,29.755,323.7,2023-09-11,1223,D,0
-16.6652,29.7957,330.7,2023-09-11,1223,D,0
-16.7716,29.165,369.3,2023-09-11,1223,D,0
-16.7738,29.1517,347.9,2023-09-11,1223,D,0
-16.776,29.1383,332.9,2023-09-11,1223,D,0
-16.7782,29.1252,330.7,2023-09-11,1223,D,0
-16.761,29.1629,335.5,2023-09-11,1223,D,0
-16.7633,29.1496,338.1,2023-09-11,1223,D,0
-16.8854,28.2856,328.7,2023-09-11,1223,D,0
-16.867,28.2772,328.6,2023-09-11,1223,D,0
-16.2835,30.204,334.0,2023-09-11,1223,D,0
-16.2808,30.3566,325.1,2023-09-11,1223,D,0
-16.3273,30.2953,332.3,2023-09-11,1223,D,0
-16.1507,31.313,328.1,2023-09-11,1223,D,0
-16.1473,31.3325,330.0,2023-09-11,1223,D,0
-16.0867,30.4806,363.8,2023-09-11,1223,D,0
-16.4653,29.5457,354.3,2023-09-11,1223,D,0
-16.463,29.5599,352.8,2023-09-11,1223,D,0
-16.4236,29.796,327.8,2023-09-11,1223,D,0
-16.4739,29.562,337.3,2023-09-11,1223,D,0
-16.4333,30.0723,330.3,2023-09-11,1223,D,0
-16.604,29.2604,336.2,2023-09-11,1223,D,0
-16.6018,29.2739,326.5,2023-09-11,1223,D,0
-16.6276,29.2507,341.3,2023-09-11,1223,D,0
-16.6253,29.2646,325.7,2023-09-11,1223,D,0
-16.4752,30.3007,333.7,2023-09-11,1223,D,0
-16.4896,30.2867,338.6,2023-09-11,1223,D,0
-16.4868,30.3026,352.8,2023-09-11,1223,D,0
-16.4841,30.3184,332.6,2023-09-11,1223,D,0
-16.5012,30.2884,351.1,2023-09-11,1223,D,0
-16.4984,30.3046,376.9,2023-09-11,1223,D,0
-16.0837,30.4977,349.7,2023-09-11,1223,D,0
-16.2454,29.6898,347.1,2023-09-11,1223,D,0
-16.2428,29.705,350.4,2023-09-11,1223,D,0
-16.1985,30.1778,330.0,2023-09-11,1223,D,0
-16.2467,30.2921,330.8,2023-09-11,1223,D,0
-16.2584,30.2936,339.5,2023-09-11,1223,D,0
-16.2555,30.3106,347.0,2023-09-11,1223,D,0
-16.2864,30.1981,333.7,2023-09-11,1223,D,0
-17.4543,31.4717,326.5,2023-09-11,1223,D,0
-17.7044,30.0649,328.8,2023-09-11,1223,D,0
-17.6933,30.063,375.6,2023-09-11,1223,D,0
-17.4502,31.4861,322.2,2023-09-11,1223,D,0
-17.4536,31.4664,323.6,2023-09-11,1223,D,0
-17.6918,30.0726,351.9,2023-09-11,1223,D,0
-17.6943,30.0576,365.3,2023-09-11,1223,D,0
-17.613,30.4703,328.3,2023-09-11,1223,D,0
-17.6157,30.4544,331.7,2023-09-11,1223,D,0
-18.2494,26.2448,339.2,2023-09-11,1223,D,0
-17.3369,31.6858,322.6,2023-09-11,1223,D,0
-18.2418,26.2339,341.0,2023-09-11,1223,D,0
-18.2432,26.2244,343.5,2023-09-11,1223,D,0
-18.2461,26.2054,356.2,2023-09-11,1223,D,0
-18.2475,26.1959,334.4,2023-09-11,1223,D,0
-18.2532,26.1579,338.9,2023-09-11,1223,D,0
-17.4803,30.8193,338.0,2023-09-11,1223,D,0
-18.2342,26.2229,341.2,2023-09-11,1223,D,0
-18.2442,26.1564,338.0,2023-09-11,1223,D,0
-18.2456,26.1469,331.5,2023-09-11,1223,D,0
-17.4151,31.1143,324.1,2023-09-11,1223,D,0
-18.221,26.25,341.2,2023-09-11,1223,D,0
-17.3365,31.6778,321.6,2023-09-11,1223,D,0
-17.4825,30.8305,328.7,2023-09-11,1223,D,0
-17.4854,30.8134,326.8,2023-09-11,1223,D,0
-18.211,26.2515,350.1,2023-09-11,1223,D,0
-18.2124,26.242,340.9,2023-09-11,1223,D,0
-17.3792,31.2139,331.5,2023-09-11,1223,D,0
-17.3798,31.1388,334.5,2023-09-11,1223,D,0
-17.3829,31.121,332.8,2023-09-11,1223,D,0
-17.6812,29.3116,331.7,2023-09-11,1223,D,0
-17.381,30.9914,324.0,2023-09-11,1223,D,0
-17.8143,28.4393,329.2,2023-09-11,1223,D,0
-17.8043,28.4376,330.3,2023-09-11,1223,D,0
-17.8549,28.0021,343.4,2023-09-11,1223,D,0
-17.8519,28.0075,338.6,2023-09-11,1223,D,0
-17.8423,28.0057,338.4,2023-09-11,1223,D,0
-17.8492,27.9611,340.8,2023-09-11,1223,D,0
-17.3266,30.9214,340.0,2023-09-11,1223,D,0
-17.3296,30.9037,332.6,2023-09-11,1223,D,0
-17.3146,30.9192,341.8,2023-09-11,1223,D,0
-17.3177,30.9017,324.8,2023-09-11,1223,D,0
-17.8537,27.6826,336.5,2023-09-11,1223,D,0
-17.8553,27.6721,383.3,2023-09-11,1223,D,0
-17.7958,27.9854,334.1,2023-09-11,1223,D,0
-17.7976,27.9743,346.4,2023-09-11,1223,D,0
-17.8458,27.6703,349.5,2023-09-11,1223,D,0
-17.8475,27.6597,338.3,2023-09-11,1223,D,0
-17.4676,29.8364,329.0,2023-09-11,1223,D,0
-17.854,27.3325,337.5,2023-09-11,1223,D,0
-17.8556,27.3223,334.5,2023-09-11,1223,D,0
-17.5273,29.2571,339.8,2023-09-11,1223,D,0
-17.5295,29.2439,337.7,2023-09-11,1223,D,0
-17.5168,29.2552,329.2,2023-09-11,1223,D,0
-17.3503,30.1766,333.9,2023-09-11,1223,D,0
-17.3529,30.1611,335.6,2023-09-11,1223,D,0
-17.4597,29.2722,332.2,2023-09-11,1223,D,0
-17.4645,29.281,327.8,2023-09-11,1223,D,0
-17.2545,29.9345,366.9,2023-09-11,1223,D,0
-17.2571,29.9196,373.0,2023-09-11,1223,D,0
-16.9231,31.9338,323.9,2023-09-11,1223,D,0
-16.7684,32.7242,324.7,2023-09-11,1223,D,0
-17.2539,29.9277,391.9,2023-09-11,1223,D,0
-17.2564,29.9128,343.6,2023-09-11,1223,D,0
-17.2453,29.9106,325.3,2023-09-11,1223,D,0
-17.969,25.2641,340.7,2023-09-11,1223,D,0
-16.8973,31.7778,332.3,2023-09-11,1223,D,0
-17.2476,29.6289,329.0,2023-09-11,1223,D,0
-17.4517,28.3986,329.1,2023-09-11,1223,D,0
-17.1108,30.3073,323.5,2023-09-11,1223,D,0
-16.9437,30.9294,342.2,2023-09-11,1223,D,0
-17.0818,29.998,331.7,2023-09-11,1223,D,0
-17.0844,29.9829,339.7,2023-09-11,1223,D,0
-17.2103,29.1133,337.2,2023-09-11,1223,D,0
-17.3529,28.2554,333.7,2023-09-11,1223,D,0
-17.3547,28.244,331.1,2023-09-11,1223,D,0
-17.3523,28.2487,331.6,2023-09-11,1223,D,0
-17.0048,30.3134,327.4,2023-09-11,1223,D,0
-17.2025,29.1189,343.5,2023-09-11,1223,D,0
-17.2047,29.1058,348.3,2023-09-11,1223,D,0
-16.9895,30.1955,336.5,2023-09-11,1223,D,0
-17.3035,28.2997,331.7,2023-09-11,1223,D,0
-17.0232,29.7962,327.0,2023-09-11,1223,D,0
-16.8282,30.8448,335.8,2023-09-11,1223,D,0
-16.8312,30.8281,326.4,2023-09-11,1223,D,0
-17.1615,28.9128,327.0,2023-09-11,1223,D,0
-16.9163,30.2791,335.8,2023-09-11,1223,D,0
-17.1512,28.9112,336.2,2023-09-11,1223,D,0
-17.1541,28.919,337.2,2023-09-11,1223,D,0
-17.1562,28.9063,328.9,2023-09-11,1223,D,0
-16.8243,30.8392,331.5,2023-09-11,1223,D,0
-16.9174,30.2902,326.0,2023-09-11,1223,D,0
-16.9201,30.2741,327.1,2023-09-11,1223,D,0
-16.8497,30.5482,324.9,2023-09-11,1223,D,0
-16.9646,29.8712,325.0,2023-09-11,1223,D,0
-16.9671,29.8563,347.4,2023-09-11,1223,D,0
-16.9535,29.8692,326.9,2023-09-11,1223,D,0
-16.956,29.8543,348.2,2023-09-11,1223,D,0
-17.0188,29.4803,324.9,2023-09-11,1223,D,0
-17.0211,29.4665,329.7,2023-09-11,1223,D,0
-17.0331,29.3282,329.1,2023-09-11,1223,D,0
-17.0354,29.3146,338.3,2023-09-11,1223,D,0
-16.8726,30.0726,327.6,2023-09-11,1223,D,0
-16.8709,30.0812,326.0,2023-09-11,1223,D,0
-16.8458,30.0924,324.3,2023-09-11,1223,D,0
-16.8483,30.0771,324.8,2023-09-11,1223,D,0
-17.0027,28.9499,332.2,2023-09-11,1223,D,0
-21.7635,31.0622,309.9,2023-09-11,2021,N,0
-21.7576,31.0775,307.2,2023-09-11,2021,N,0
-20.7426,32.048,318.7,2023-09-11,2021,N,0
-20.7447,32.035,321.9,2023-09-11,2021,N,0
-20.7344,32.033,309.7,2023-09-11,2021,N,0
-20.9029,30.5774,306.1,2023-09-11,2021,N,0
-20.5131,28.6081,305.7,2023-09-11,2021,N,0
-20.313,29.9008,301.5,2023-09-11,2021,N,0
-20.3284,29.7988,300.6,2023-09-11,2021,N,0
-20.357,29.4846,303.6,2023-09-11,2021,N,0
-20.3584,29.4747,322.8,2023-09-11,2021,N,0
-20.3493,29.4731,311.0,2023-09-11,2021,N,0
-20.3508,29.4632,303.0,2023-09-11,2021,N,0
-19.7276,32.8153,306.1,2023-09-11,2021,N,0
-19.7279,32.8098,304.8,2023-09-11,2021,N,0
-19.942,30.3879,339.2,2023-09-11,2021,N,0
-20.1077,29.3019,319.0,2023-09-11,2021,N,0
-18.6975,30.738,305.0,2023-09-11,2021,N,0
-18.953,32.5516,305.1,2023-09-11,2021,N,0
-18.9505,32.5662,312.5,2023-09-11,2021,N,0
-18.9615,32.569,309.1,2023-09-11,2021,N,0
-21.7617,31.0732,321.1,2023-09-11,2021,N,0
-19.8253,29.53,300.4,2023-09-11,2021,N,0
-20.0718,29.2999,304.3,2023-09-11,2021,N,0
-20.0987,29.3004,308.0,2023-09-11,2021,N,0
-17.9034,30.0463,312.2,2023-09-11,2022,N,0
-17.905,30.0355,310.8,2023-09-11,2022,N,0
-17.8971,30.0231,304.6,2023-09-11,2022,N,0
-17.8859,30.0323,311.2,2023-09-11,2022,N,0
-18.3812,26.5455,313.5,2023-09-11,2022,N,0
-18.3722,26.5441,312.7,2023-09-11,2022,N,0
-18.3722,26.4787,313.5,2023-09-11,2022,N,0
-18.2324,26.2142,308.1,2023-09-11,2022,N,0
-17.4479,31.2471,300.6,2023-09-11,2022,N,0
-17.8046,28.4293,304.9,2023-09-11,2022,N,0
-17.3301,31.1433,303.7,2023-09-11,2022,N,0
-17.856,27.6882,305.6,2023-09-11,2022,N,0
-17.8798,27.4541,313.3,2023-09-11,2022,N,0
-17.5135,29.7082,300.9,2023-09-11,2022,N,0
-17.1652,31.153,303.5,2023-09-11,2022,N,0
-17.2454,29.2748,312.7,2023-09-11,2022,N,0
-17.2469,29.2648,303.5,2023-09-11,2022,N,0
-17.2398,29.2675,310.2,2023-09-11,2022,N,0
-17.0503,29.3441,301.1,2023-09-11,2022,N,0
-16.9482,29.6613,307.4,2023-09-11,2022,N,0
-16.68,30.9908,301.0,2023-09-11,2022,N,0
-16.6697,30.9891,303.4,2023-09-11,2022,N,0
-16.6035,31.2027,310.1,2023-09-11,2022,N,0
-16.6388,30.918,306.9,2023-09-11,2022,N,0
-16.4227,30.0803,344.3,2023-09-11,2022,N,0
-16.4245,30.0688,316.1,2023-09-11,2022,N,0
-16.4149,29.7891,302.1,2023-09-11,2022,N,0
-16.3161,30.3032,307.4,2023-09-11,2022,N,0
-16.3427,29.8096,308.8,2023-09-11,2022,N,0
-16.8922,29.6975,302.1,2023-09-11,2315,N,0
-18.0223,32.7948,304.5,2023-09-11,2315,N,0
-17.6833,30.3612,303.1,2023-09-11,2315,N,0
-17.8741,30.0295,311.3,2023-09-11,2315,N,0
-17.8725,30.0247,303.2,2023-09-11,2315,N,0
-17.8765,30.0459,302.1,2023-09-11,2315,N,0
-18.9616,32.5667,310.2,2023-09-11,2315,N,0
-18.9547,32.5621,312.1,2023-09-11,2315,N,0
-18.9569,32.5749,301.2,2023-09-11,2315,N,0
-19.074,30.7568,332.1,2023-09-11,2315,N,0
-19.0772,30.7746,325.4,2023-09-11,2315,N,0
-18.3644,26.5551,305.8,2023-09-11,2315,N,0
-18.3673,26.5468,304.5,2023-09-11,2315,N,0
-19.7312,32.8152,309.9,2023-09-11,2315,N,0
-19.9406,32.7301,304.7,2023-09-11,2315,N,0
-19.9427,32.7426,300.1,2023-09-11,2315,N,0
-20.0836,31.0348,300.7,2023-09-11,2316,N,0
-20.1223,29.4898,305.8,2023-09-11,2316,N,0
-20.3259,29.8001,301.0,2023-09-11,2316,N,0
-20.3441,29.4733,307.9,2023-09-11,2316,N,0
-20.3433,29.4683,306.9,2023-09-11,2316,N,0
-21.742,31.0716,369.5,2023-09-11,2316,N,0
-21.7447,31.0869,389.1,2023-09-11,2316,N,0
-21.7532,31.0696,325.3,2023-09-11,2316,N,0
-21.7558,31.085,366.5,2023-09-11,2316,N,0
-21.7584,31.0998,314.8,2023-09-11,2316,N,0
-21.7424,31.0657,331.0,2023-09-11,2316,N,0
-21.7453,31.0813,384.1,2023-09-11,2316,N,0
-21.748,31.0959,334.2,2023-09-11,2316,N,0
-21.7536,31.0637,309.9,2023-09-11,2316,N,0
-21.7564,31.0791,351.1,2023-09-11,2316,N,0
-21.7591,31.0942,331.1,2023-09-11,2316,N,0
-16.4362,31.1898,323.0,2023-09-12,713,D,0
-16.4278,30.091,321.7,2023-09-12,713,D,0
-16.6517,30.8665,325.5,2023-09-12,713,D,0
-17.2275,29.9408,315.4,2023-09-12,714,D,0
-17.4518,30.2942,326.9,2023-09-12,714,D,0
-17.4468,30.2879,323.5,2023-09-12,714,D,0
-17.4529,30.3193,319.1,2023-09-12,714,D,0
-17.8444,31.3196,316.9,2023-09-12,714,D,0
-17.5115,29.3345,325.2,2023-09-12,714,D,0
-17.5168,29.3276,319.7,2023-09-12,714,D,0
-17.5241,29.3637,316.4,2023-09-12,714,D,0
-17.874,30.0302,325.7,2023-09-12,714,D,0
-17.8896,30.0274,323.3,2023-09-12,714,D,0
-17.9206,30.0208,319.7,2023-09-12,714,D,0
-18.6329,32.2174,330.3,2023-09-12,714,D,0
-18.6302,32.212,317.9,2023-09-12,714,D,0
-18.6431,32.2093,332.2,2023-09-12,714,D,0
-18.6471,32.2306,317.8,2023-09-12,714,D,0
-18.958,32.5618,312.2,2023-09-12,714,D,0
-18.9818,31.2448,320.4,2023-09-12,714,D,0
-18.9727,31.2403,314.4,2023-09-12,714,D,0
-18.9866,31.2378,314.1,2023-09-12,714,D,0
-19.7028,32.8778,312.5,2023-09-12,714,D,0
-17.406,31.917,321.4,2023-09-12,1126,D,0
-19.1043,28.644,316.4,2023-09-12,1126,D,0
-18.6531,32.8595,316.3,2023-09-12,1126,D,0
-19.1059,28.6402,317.5,2023-09-12,1126,D,0
-18.6556,32.8557,314.4,2023-09-12,1126,D,0
-18.6223,31.8167,321.6,2023-09-12,1126,D,0
-18.6082,31.8153,317.5,2023-09-12,1126,D,0
-18.6185,31.8116,327.3,2023-09-12,1126,D,0
-18.4231,31.4054,318.5,2023-09-12,1126,D,0
-18.4086,31.404,325.8,2023-09-12,1126,D,0
-18.4114,31.3771,332.4,2023-09-12,1126,D,0
-18.3941,31.4021,321.6,2023-09-12,1126,D,0
-18.3968,31.3754,325.7,2023-09-12,1126,D,0
-18.3279,31.7654,326.3,2023-09-12,1126,D,0
-18.3919,31.3952,321.5,2023-09-12,1126,D,0
-18.3948,31.3684,316.1,2023-09-12,1126,D,0
-18.3232,31.7581,328.3,2023-09-12,1126,D,0
-18.2882,31.5459,321.2,2023-09-12,1126,D,0
-18.1115,32.8292,323.2,2023-09-12,1126,D,0
-18.1137,32.8088,322.2,2023-09-12,1126,D,0
-18.2858,31.5404,319.0,2023-09-12,1126,D,0
-18.1135,32.8244,328.3,2023-09-12,1126,D,0
-17.9281,31.6617,323.9,2023-09-12,1126,D,0
-17.9308,31.6363,327.4,2023-09-12,1126,D,0
-17.9167,31.6346,326.4,2023-09-12,1126,D,0
-17.9132,31.6295,319.7,2023-09-12,1126,D,0
-17.8115,31.6424,354.2,2023-09-12,1126,D,0
-17.7285,32.1675,345.7,2023-09-12,1126,D,0
-17.8042,31.66,325.0,2023-09-12,1126,D,0
-17.807,31.6347,351.9,2023-09-12,1126,D,0
-17.7314,32.184,332.5,2023-09-12,1126,D,0
-17.8999,30.0168,325.9,2023-09-12,1126,D,0
-17.6511,32.0349,322.0,2023-09-12,1126,D,0
-17.7285,31.2813,322.3,2023-09-12,1126,D,0
-17.6183,32.1432,342.1,2023-09-12,1126,D,0
-17.6494,30.568,320.0,2023-09-12,1126,D,0
-17.6528,30.564,321.6,2023-09-12,1126,D,0
-17.4533,31.9936,344.7,2023-09-12,1126,D,0
-17.7247,29.2127,325.8,2023-09-12,1126,D,0
-17.7284,29.1742,325.6,2023-09-12,1126,D,0
-17.4173,31.9417,353.0,2023-09-12,1126,D,0
-17.4198,31.9183,329.9,2023-09-12,1126,D,0
-17.4036,31.9403,332.2,2023-09-12,1126,D,0
-17.6811,29.1299,327.6,2023-09-12,1126,D,0
-17.4254,31.5965,335.9,2023-09-12,1126,D,0
-17.4279,31.5723,335.9,2023-09-12,1126,D,0
-17.6536,29.2436,322.1,2023-09-12,1126,D,0
-17.4241,31.9352,328.1,2023-09-12,1126,D,0
-17.4103,31.934,358.4,2023-09-12,1126,D,0
-17.4207,31.589,341.3,2023-09-12,1126,D,0
-17.4233,31.5653,322.7,2023-09-12,1126,D,0
-17.6772,29.1217,323.8,2023-09-12,1126,D,0
-17.4178,31.4845,326.7,2023-09-12,1126,D,0
-17.6285,29.2717,324.1,2023-09-12,1126,D,0
-17.3866,31.5068,325.9,2023-09-12,1126,D,0
-17.3894,31.4808,326.8,2023-09-12,1126,D,0
-17.6245,29.2672,323.2,2023-09-12,1126,D,0
-17.3408,31.4964,323.0,2023-09-12,1126,D,0
-17.3776,30.8781,325.3,2023-09-12,1126,D,0
-17.3806,30.8496,322.5,2023-09-12,1126,D,0
-17.5163,29.3332,324.6,2023-09-12,1126,D,0
-17.3112,31.2301,325.7,2023-09-12,1126,D,0
-17.314,31.203,322.0,2023-09-12,1126,D,0
-17.3744,30.6131,323.8,2023-09-12,1126,D,0
-17.3777,30.5804,335.7,2023-09-12,1126,D,0
-17.3089,31.2223,328.4,2023-09-12,1126,D,0
-17.3765,30.6048,328.6,2023-09-12,1126,D,0
-17.38,30.5732,327.5,2023-09-12,1126,D,0
-17.3417,30.1899,324.6,2023-09-12,1126,D,0
-17.3317,30.1848,326.0,2023-09-12,1126,D,0
-17.0505,31.8482,326.9,2023-09-12,1126,D,0
-17.2285,29.9418,322.9,2023-09-12,1126,D,0
-17.0437,31.8403,324.6,2023-09-12,1126,D,0
-17.235,29.9351,327.6,2023-09-12,1126,D,0
-17.0049,31.1182,322.6,2023-09-12,1126,D,0
-17.0078,31.0915,324.9,2023-09-12,1126,D,0
-16.9166,31.7956,328.6,2023-09-12,1126,D,0
-16.9192,31.7721,324.9,2023-09-12,1126,D,0
-16.9324,31.6519,329.0,2023-09-12,1126,D,0
-17.095,30.1138,325.7,2023-09-12,1126,D,0
-16.7986,32.7299,333.7,2023-09-12,1126,D,0
-16.801,32.7095,322.4,2023-09-12,1126,D,0
-17.0196,30.6966,323.9,2023-09-12,1126,D,0
-16.869,31.9778,325.7,2023-09-12,1126,D,0
-16.8714,31.9554,326.8,2023-09-12,1126,D,0
-17.077,29.8109,335.6,2023-09-12,1126,D,0
-17.0802,29.7777,324.9,2023-09-12,1126,D,0
-17.0205,30.6894,323.2,2023-09-12,1126,D,0
-16.8609,31.9711,327.9,2023-09-12,1126,D,0
-16.7769,32.5769,323.0,2023-09-12,1126,D,0
-17.0843,29.8046,323.7,2023-09-12,1126,D,0
-17.0682,29.803,332.3,2023-09-12,1126,D,0
-17.0626,29.6988,323.5,2023-09-12,1126,D,0
-16.8756,31.3355,322.2,2023-09-12,1126,D,0
-17.0499,29.6622,360.5,2023-09-12,1126,D,0
-17.0534,29.6268,331.0,2023-09-12,1126,D,0
-16.8187,31.7282,331.7,2023-09-12,1126,D,0
-16.8049,31.727,328.6,2023-09-12,1126,D,0
-16.8105,31.7468,331.5,2023-09-12,1126,D,0
-16.8133,31.7225,331.0,2023-09-12,1126,D,0
-17.0429,29.6567,341.8,2023-09-12,1126,D,0
-16.8018,31.4494,326.2,2023-09-12,1126,D,0
-16.7877,31.4477,343.8,2023-09-12,1126,D,0
-16.6773,31.9449,328.1,2023-09-12,1126,D,0
-16.6798,31.9219,333.0,2023-09-12,1126,D,0
-16.9096,29.6793,331.9,2023-09-12,1126,D,0
-16.9129,29.6445,325.7,2023-09-12,1126,D,0
-16.9953,28.7729,321.6,2023-09-12,1126,D,0
-16.6829,31.9388,337.9,2023-09-12,1126,D,0
-16.6855,31.9159,326.8,2023-09-12,1126,D,0
-16.4657,31.3376,324.5,2023-09-12,1127,D,0
-16.5123,30.3576,325.4,2023-09-12,1127,D,0
-16.5185,30.2978,325.2,2023-09-12,1127,D,0
-16.5062,30.2661,330.1,2023-09-12,1127,D,0
-16.5095,30.2593,328.9,2023-09-12,1127,D,0
-16.5309,29.606,338.6,2023-09-12,1127,D,0
-16.5346,29.5708,331.6,2023-09-12,1127,D,0
-16.2522,30.3935,324.9,2023-09-12,1127,D,0
-16.26,29.6978,327.4,2023-09-12,1127,D,0
-16.2632,29.6652,330.1,2023-09-12,1127,D,0
-16.2518,29.693,328.2,2023-09-12,1127,D,0
-16.2552,29.6609,325.3,2023-09-12,1127,D,0
-16.9013,29.6716,331.2,2023-09-12,1127,D,0
-16.989,28.8044,324.3,2023-09-12,1127,D,0
-16.8308,30.1965,327.2,2023-09-12,1127,D,0
-16.9276,29.0772,322.5,2023-09-12,1127,D,0
-16.6515,31.1927,326.4,2023-09-12,1127,D,0
-16.6465,31.2136,325.4,2023-09-12,1127,D,0
-16.6494,31.1877,322.6,2023-09-12,1127,D,0
-16.7329,30.2744,323.3,2023-09-12,1127,D,0
-16.7672,29.7889,324.7,2023-09-12,1127,D,0
-16.718,30.1144,326.8,2023-09-12,1127,D,0
-16.4907,31.8637,327.7,2023-09-12,1127,D,0
-16.5659,31.1507,336.1,2023-09-12,1127,D,0
-16.7227,30.1074,323.1,2023-09-12,1127,D,0
-16.7581,29.7809,324.3,2023-09-12,1127,D,0
-16.4941,31.8802,327.0,2023-09-12,1127,D,0
-16.4967,31.8573,323.6,2023-09-12,1127,D,0
-16.9626,28.8089,303.5,2023-09-12,2356,N,0
-16.4691,29.6152,315.6,2023-09-12,2356,N,0
-16.4706,29.6264,311.6,2023-09-12,2356,N,0
-16.4722,29.6206,325.1,2023-09-12,2356,N,0
-17.0597,29.6752,300.1,2023-09-12,2356,N,0
-16.9611,28.7982,309.1,2023-09-12,2356,N,0
-18.4418,26.4728,300.8,2023-09-12,2357,N,0
-17.9044,27.7225,305.3,2023-09-12,2357,N,0
-18.3686,26.4806,308.8,2023-09-12,2357,N,0
-18.5671,25.7107,304.0,2023-09-12,2357,N,0
-17.7586,29.6094,316.3,2023-09-13,754,D,0
-17.7963,29.7467,320.9,2023-09-13,754,D,0
-17.8804,30.3435,330.8,2023-09-13,754,D,0
-17.8817,30.3532,319.1,2023-09-13,754,D,0
-18.1627,32.4601,330.3,2023-09-13,754,D,0
-17.8422,29.9412,326.2,2023-09-13,754,D,0
-17.8512,29.9398,323.8,2023-09-13,754,D,0
-17.9506,30.3863,348.0,2023-09-13,754,D,0
-17.9519,30.396,320.8,2023-09-13,754,D,0
-18.0954,30.9128,316.6,2023-09-13,754,D,0
-17.9215,29.5244,317.4,2023-09-13,754,D,0
-18.0854,30.6997,326.7,2023-09-13,754,D,0
-18.1455,30.0026,313.7,2023-09-13,754,D,0
-18.1469,30.0121,321.1,2023-09-13,754,D,0
-17.4251,30.247,324.1,2023-09-13,754,D,0
-17.6445,30.9065,318.8,2023-09-13,754,D,0
-17.612,30.5994,323.1,2023-09-13,754,D,0
-17.6198,30.5883,320.0,2023-09-13,754,D,0
-17.6211,30.5981,343.7,2023-09-13,754,D,0
-17.6567,30.4542,332.6,2023-09-13,754,D,0
-17.7633,29.969,318.7,2023-09-13,754,D,0
-17.7646,29.9784,333.4,2023-09-13,754,D,0
-18.1212,32.61,320.6,2023-09-13,754,D,0
-17.7572,29.6001,314.9,2023-09-13,754,D,0
-17.4265,30.2565,319.0,2023-09-13,754,D,0
-17.0993,30.0253,318.9,2023-09-13,754,D,0
-17.0679,29.6783,323.9,2023-09-13,754,D,0
-17.2643,30.8144,314.7,2023-09-13,754,D,0
-17.3703,30.4464,349.5,2023-09-13,754,D,0
-17.3716,30.456,318.5,2023-09-13,754,D,0
-18.373,26.4803,314.9,2023-09-13,755,D,0
-15.7363,30.3742,329.0,2023-09-13,1208,D,0
-18.0917,30.2239,338.1,2023-09-13,1208,D,0
-17.6154,32.3518,332.8,2023-09-13,1208,D,0
-17.6148,32.3573,328.3,2023-09-13,1208,D,0
-17.6047,32.3556,337.8,2023-09-13,1208,D,0
-17.8889,30.3463,323.4,2023-09-13,1208,D,0
-18.0341,29.3093,328.6,2023-09-13,1208,D,0
-17.9426,29.8046,327.8,2023-09-13,1208,D,0
-18.399,26.3696,321.5,2023-09-13,1208,D,0
-18.3745,26.4788,322.0,2023-09-13,1208,D,0
-17.8479,29.9489,336.4,2023-09-13,1208,D,0
-17.8493,29.9393,332.1,2023-09-13,1208,D,0
-17.593,31.4769,329.7,2023-09-13,1208,D,0
-18.27,26.1956,328.5,2023-09-13,1208,D,0
-18.2714,26.1842,340.5,2023-09-13,1208,D,0
-17.7112,30.0565,330.8,2023-09-13,1208,D,0
-17.7021,30.055,333.4,2023-09-13,1208,D,0
-17.6926,29.1244,343.6,2023-09-13,1208,D,0
-17.417,30.7708,339.9,2023-09-13,1208,D,0
-17.2966,31.2028,330.5,2023-09-13,1208,D,0
-17.3519,30.785,319.7,2023-09-13,1208,D,0
-17.2368,31.4576,344.4,2023-09-13,1208,D,0
-17.7855,27.5582,326.2,2023-09-13,1208,D,0
-17.2028,30.9001,334.9,2023-09-13,1208,D,0
-17.197,30.9041,339.0,2023-09-13,1208,D,0
-17.1987,30.8936,327.5,2023-09-13,1208,D,0
-17.1709,30.7626,344.8,2023-09-13,1208,D,0
-17.1725,30.7525,324.9,2023-09-13,1208,D,0
-16.9712,31.1107,347.2,2023-09-13,1208,D,0
-16.9729,31.1001,334.8,2023-09-13,1208,D,0
-16.8594,31.6989,342.7,2023-09-13,1208,D,0
-16.8729,31.4254,344.9,2023-09-13,1208,D,0
-16.9037,31.2304,322.6,2023-09-13,1208,D,0
-17.07,30.0948,370.2,2023-09-13,1208,D,0
-17.0715,30.0852,375.9,2023-09-13,1208,D,0
-17.0609,30.0933,336.0,2023-09-13,1208,D,0
-16.9422,30.6331,325.2,2023-09-13,1208,D,0
-16.9437,30.6232,324.6,2023-09-13,1208,D,0
-16.9344,30.6217,334.4,2023-09-13,1208,D,0
-17.0248,29.7178,342.9,2023-09-13,1208,D,0
-17.0262,29.7083,333.4,2023-09-13,1208,D,0
-17.0172,29.7068,362.5,2023-09-13,1208,D,0
-16.7608,31.2154,338.3,2023-09-13,1208,D,0
-16.5211,31.3169,326.3,2023-09-13,1208,D,0
-16.934,28.1903,325.0,2023-09-13,1208,D,0
-16.2255,30.4346,334.5,2023-09-13,1208,D,0
-16.2271,30.4245,333.1,2023-09-13,1208,D,0
-16.3062,29.7167,336.1,2023-09-13,1208,D,0
-15.7456,30.3758,328.2,2023-09-13,1208,D,0
-15.7348,30.3843,325.3,2023-09-13,1208,D,0
-18.0903,30.2335,325.5,2023-09-13,1208,D,0
-19.6527,27.9566,334.7,2023-09-13,1208,D,0
-18.9003,30.6623,315.8,2023-09-13,1208,D,0
-18.8925,30.6654,317.7,2023-09-13,1208,D,0
-19.2629,27.7091,319.5,2023-09-13,1208,D,0
-19.2642,27.6991,323.9,2023-09-13,1208,D,0
-18.6002,30.3959,320.0,2023-09-13,1208,D,0
-18.3805,30.9357,321.7,2023-09-13,1208,D,0
-18.3821,30.9256,322.9,2023-09-13,1208,D,0
-18.5517,29.1084,324.9,2023-09-13,1208,D,0
-18.553,29.0991,332.5,2023-09-13,1208,D,0
-18.4982,29.0998,323.5,2023-09-13,1208,D,0
-18.155,30.7709,322.0,2023-09-13,1208,D,0
-18.1458,30.7693,337.3,2023-09-13,1208,D,0
-18.1474,30.7593,324.1,2023-09-13,1208,D,0
-17.9918,31.5372,324.0,2023-09-13,1208,D,0
-17.1707,30.6213,303.7,2023-09-13,2005,N,0
-16.877,31.9326,302.0,2023-09-13,2005,N,0
-17.0347,29.7133,301.0,2023-09-13,2005,N,0
-17.6258,29.9068,301.2,2023-09-13,2005,N,0
-17.6534,31.2577,307.4,2023-09-13,2005,N,0
-17.7184,31.3215,302.9,2023-09-13,2005,N,0
-17.1344,30.0756,313.0,2023-09-13,2005,N,0
-17.1331,30.0853,301.5,2023-09-13,2005,N,0
-17.2715,30.5557,314.3,2023-09-13,2005,N,0
-17.2728,30.5462,311.4,2023-09-13,2005,N,0
-17.1695,30.6308,319.8,2023-09-13,2005,N,0
-16.6506,30.5256,302.2,2023-09-13,2006,N,0
-16.5935,29.6492,307.9,2023-09-13,2006,N,0
-16.5922,29.6591,314.5,2023-09-13,2006,N,0
-16.6068,29.7317,319.2,2023-09-14,835,D,0
-16.608,29.7246,320.4,2023-09-14,835,D,0
-18.2949,32.6568,322.6,2023-09-14,1111,D,0
-18.2936,32.6527,318.1,2023-09-14,1111,D,0
-20.2476,28.5213,322.9,2023-09-14,1249,D,0
-19.6753,29.2334,322.9,2023-09-14,1249,D,0
-19.6704,29.1981,320.1,2023-09-14,1249,D,0
-19.6623,29.2359,321.4,2023-09-14,1249,D,0
-20.2541,28.4894,324.6,2023-09-14,1249,D,0
-20.1279,29.2264,322.6,2023-09-14,1249,D,0
-19.5358,29.5432,306.4,2023-09-14,2045,N,0
-18.577,25.7052,304.3,2023-09-14,2046,N,0
-18.5876,25.7071,303.9,2023-09-14,2046,N,0
-18.5811,25.7117,331.6,2023-09-14,2046,N,0
-18.5855,25.7206,316.5,2023-09-14,2046,N,0
-18.5749,25.7187,339.1,2023-09-14,2046,N,0
-18.5788,25.7252,341.3,2023-09-14,2046,N,0
-18.3688,26.4794,303.2,2023-09-14,2342,N,0
-16.0188,30.4251,320.2,2023-09-15,737,D,0
-16.47,29.658,327.7,2023-09-15,737,D,0
-19.459,30.6324,322.0,2023-09-15,738,D,0
-18.6329,29.9629,323.5,2023-09-15,738,D,0
-18.2086,29.4461,329.1,2023-09-15,738,D,0
-18.2018,29.4541,321.3,2023-09-15,738,D,0
-18.1998,29.4414,332.1,2023-09-15,738,D,0
-18.4107,31.9069,320.7,2023-09-15,738,D,0
-18.4093,31.8972,324.4,2023-09-15,738,D,0
-18.3207,31.8027,322.2,2023-09-15,738,D,0
-17.7668,29.1832,321.9,2023-09-15,738,D,0
-18.0253,30.8481,351.7,2023-09-15,738,D,0
-18.0236,30.8375,334.3,2023-09-15,738,D,0
-17.8462,30.7595,322.1,2023-09-15,738,D,0
-17.5571,29.9725,318.8,2023-09-15,738,D,0
-17.6778,30.9867,327.0,2023-09-15,738,D,0
-17.7651,31.7913,319.3,2023-09-15,738,D,0
-17.5674,30.5395,328.1,2023-09-15,738,D,0
-17.5577,30.5411,328.6,2023-09-15,738,D,0
-17.5809,30.8342,323.1,2023-09-15,738,D,0
-17.3995,31.448,349.2,2023-09-15,738,D,0
-17.3979,31.4378,353.4,2023-09-15,738,D,0
-17.246,31.527,322.6,2023-09-15,738,D,0
-17.2398,31.4867,318.5,2023-09-15,738,D,0
-17.2368,31.5287,334.3,2023-09-15,738,D,0
-16.7264,29.7263,323.1,2023-09-15,738,D,0
-16.9492,31.3974,328.9,2023-09-15,738,D,0
-16.6418,30.0209,320.5,2023-09-15,738,D,0
-20.0955,29.2361,321.1,2023-09-15,738,D,0
-19.7288,30.2786,319.4,2023-09-15,738,D,0
-18.6348,29.9745,324.2,2023-09-15,738,D,0
-20.5664,30.3829,316.3,2023-09-15,739,D,0
-21.8324,30.7472,321.7,2023-09-15,739,D,0
-20.533,28.6584,322.0,2023-09-15,739,D,0
-20.7865,31.8327,328.6,2023-09-15,1152,D,0
-21.5545,30.3305,329.3,2023-09-15,1152,D,0
-20.8664,31.7785,325.7,2023-09-15,1152,D,0
-20.7851,31.8427,321.6,2023-09-15,1152,D,0
-18.4535,31.6267,331.4,2023-09-15,1153,D,0
-20.7484,31.837,345.8,2023-09-15,1153,D,0
-20.7498,31.8269,329.6,2023-09-15,1153,D,0
-20.2133,32.5814,326.3,2023-09-15,1153,D,0
-20.587,29.4613,323.8,2023-09-15,1153,D,0
-20.5407,28.6475,328.8,2023-09-15,1153,D,0
-20.1076,31.6286,324.4,2023-09-15,1153,D,0
-20.0872,31.1701,330.2,2023-09-15,1153,D,0
-20.0466,31.2593,328.0,2023-09-15,1153,D,0
-20.0422,29.8155,326.2,2023-09-15,1153,D,0
-19.8965,30.7172,356.4,2023-09-15,1153,D,0
-19.7268,30.2902,332.4,2023-09-15,1153,D,0
-19.7186,30.2774,390.8,2023-09-15,1153,D,0
-19.72,30.2661,333.2,2023-09-15,1153,D,0
-19.7088,30.2761,372.9,2023-09-15,1153,D,0
-19.5935,31.0773,327.6,2023-09-15,1153,D,0
-19.5949,31.0668,328.0,2023-09-15,1153,D,0
-19.6546,30.5415,328.0,2023-09-15,1153,D,0
-19.656,30.5305,329.7,2023-09-15,1153,D,0
-19.4109,31.4682,331.6,2023-09-15,1153,D,0
-19.2108,32.712,325.9,2023-09-15,1153,D,0
-19.474,30.3681,324.4,2023-09-15,1153,D,0
-19.4195,30.4553,331.0,2023-09-15,1153,D,0
-19.421,30.4444,346.5,2023-09-15,1153,D,0
-19.4099,30.4539,338.7,2023-09-15,1153,D,0
-19.4114,30.443,328.7,2023-09-15,1153,D,0
-19.2801,31.3545,328.0,2023-09-15,1153,D,0
-19.2696,31.363,342.4,2023-09-15,1153,D,0
-19.3449,30.5783,327.8,2023-09-15,1153,D,0
-19.3407,30.5831,344.4,2023-09-15,1153,D,0
-19.3421,30.5723,347.4,2023-09-15,1153,D,0
-19.3477,30.3831,326.1,2023-09-15,1153,D,0
-19.3492,30.372,334.4,2023-09-15,1153,D,0
-19.6546,27.9495,327.5,2023-09-15,1153,D,0
-19.3178,30.5354,354.2,2023-09-15,1153,D,0
-19.3192,30.5244,374.4,2023-09-15,1153,D,0
-19.3207,30.5135,336.2,2023-09-15,1153,D,0
-19.3454,30.3262,330.7,2023-09-15,1153,D,0
-19.3097,30.523,340.8,2023-09-15,1153,D,0
-19.3111,30.5121,328.7,2023-09-15,1153,D,0
-19.3357,30.3247,329.5,2023-09-15,1153,D,0
-18.9956,32.4819,364.1,2023-09-15,1153,D,0
-18.9969,32.4725,351.0,2023-09-15,1153,D,0
-19.0926,31.5873,335.8,2023-09-15,1153,D,0
-19.094,31.5775,335.8,2023-09-15,1153,D,0
-18.788,32.5746,323.7,2023-09-15,1153,D,0
-18.881,31.9197,338.7,2023-09-15,1153,D,0
-19.0164,30.5818,333.6,2023-09-15,1153,D,0
-18.9834,30.6857,333.6,2023-09-15,1153,D,0
-18.9848,30.6751,355.9,2023-09-15,1153,D,0
-18.9862,30.6645,334.3,2023-09-15,1153,D,0
-18.9739,30.6842,334.9,2023-09-15,1153,D,0
-18.9753,30.6737,351.3,2023-09-15,1153,D,0
-18.6835,32.7306,320.7,2023-09-15,1153,D,0
-18.7981,31.7928,336.8,2023-09-15,1153,D,0
-18.7994,31.7831,334.7,2023-09-15,1153,D,0
-19.0791,29.7108,335.4,2023-09-15,1153,D,0
-19.0206,29.69,328.3,2023-09-15,1153,D,0
-18.7535,30.4924,330.1,2023-09-15,1153,D,0
-18.5583,31.8621,334.1,2023-09-15,1153,D,0
-18.6677,30.7328,331.0,2023-09-15,1153,D,0
-18.4734,31.9398,327.1,2023-09-15,1153,D,0
-18.4144,31.9055,326.1,2023-09-15,1153,D,0
-18.4522,31.6363,334.3,2023-09-15,1153,D,0
-18.4054,31.9042,327.9,2023-09-15,1153,D,0
-18.6374,29.9786,340.1,2023-09-15,1153,D,0
-18.6389,29.9672,336.3,2023-09-15,1153,D,0
-18.6276,29.9772,392.4,2023-09-15,1153,D,0
-18.6291,29.9658,364.8,2023-09-15,1153,D,0
-18.6178,29.9758,326.1,2023-09-15,1153,D,0
-18.6193,29.9645,345.2,2023-09-15,1153,D,0
-18.2426,32.5274,354.5,2023-09-15,1153,D,0
-18.2439,32.518,336.3,2023-09-15,1153,D,0
-18.2336,32.5259,331.0,2023-09-15,1153,D,0
-18.2202,32.4282,328.6,2023-09-15,1153,D,0
-18.3595,31.4366,327.4,2023-09-15,1153,D,0
-18.2113,32.4268,332.5,2023-09-15,1153,D,0
-18.321,30.7691,326.2,2023-09-15,1153,D,0
-18.3389,30.6338,327.8,2023-09-15,1153,D,0
-18.4206,29.8352,327.5,2023-09-15,1153,D,0
-17.9734,32.8634,331.4,2023-09-15,1153,D,0
-18.226,31.0704,333.9,2023-09-15,1153,D,0
-18.1348,30.9997,356.4,2023-09-15,1153,D,0
-17.9966,31.2669,328.6,2023-09-15,1153,D,0
-17.998,31.2571,363.7,2023-09-15,1153,D,0
-18.2165,29.4465,328.5,2023-09-15,1153,D,0
-18.218,29.4344,326.7,2023-09-15,1153,D,0
-17.9818,30.9131,348.2,2023-09-15,1153,D,0
-17.9726,30.9117,348.1,2023-09-15,1153,D,0
-17.9853,30.7476,327.7,2023-09-15,1153,D,0
-18.5821,25.7365,333.7,2023-09-15,1153,D,0
-18.5845,25.7141,335.8,2023-09-15,1153,D,0
-18.5711,25.7124,336.5,2023-09-15,1153,D,0
-17.7694,31.9747,338.6,2023-09-15,1153,D,0
-17.7708,31.9653,336.7,2023-09-15,1153,D,0
-18.5727,25.7283,340.7,2023-09-15,1153,D,0
-17.84,31.3405,328.6,2023-09-15,1153,D,0
-17.9018,30.5384,346.1,2023-09-15,1153,D,0
-17.808,31.1659,324.9,2023-09-15,1153,D,0
-17.9415,30.1633,326.8,2023-09-15,1153,D,0
-17.963,29.9977,333.0,2023-09-15,1153,D,0
-17.7989,31.1645,338.0,2023-09-15,1153,D,0
-17.8002,31.1546,335.6,2023-09-15,1153,D,0
-17.6772,31.9159,376.2,2023-09-15,1153,D,0
-17.6785,31.9065,344.1,2023-09-15,1153,D,0
-17.6668,31.924,327.1,2023-09-15,1153,D,0
-17.6682,31.9145,333.5,2023-09-15,1153,D,0
-17.6519,31.8349,335.6,2023-09-15,1153,D,0
-17.6668,31.6624,325.3,2023-09-15,1153,D,0
-17.5958,32.0378,334.6,2023-09-15,1153,D,0
-17.5868,32.0364,349.8,2023-09-15,1153,D,0
-17.6447,31.2887,331.8,2023-09-15,1153,D,0
-17.5879,30.8298,333.0,2023-09-15,1153,D,0
-17.4845,31.2521,327.7,2023-09-15,1153,D,0
-17.562,30.5487,346.9,2023-09-15,1153,D,0
-17.5634,30.5383,360.1,2023-09-15,1153,D,0
-17.5526,30.5473,342.0,2023-09-15,1153,D,0
-17.554,30.5369,338.3,2023-09-15,1153,D,0
-17.4312,31.2339,333.5,2023-09-15,1153,D,0
-17.5718,30.1845,343.2,2023-09-15,1153,D,0
-17.3276,31.721,327.3,2023-09-15,1153,D,0
-17.5584,29.9659,336.2,2023-09-15,1153,D,0
-17.3621,31.2074,331.3,2023-09-15,1153,D,0
-17.3635,31.1977,341.9,2023-09-15,1153,D,0
-17.3532,31.1362,328.7,2023-09-15,1153,D,0
-17.1942,31.9441,324.8,2023-09-15,1153,D,0
-17.2172,31.7167,345.1,2023-09-15,1153,D,0
-17.2452,31.5174,346.7,2023-09-15,1153,D,0
-17.2465,31.5079,344.9,2023-09-15,1153,D,0
-17.2258,31.5243,348.8,2023-09-15,1153,D,0
-17.2271,31.5147,355.8,2023-09-15,1153,D,0
-17.2886,31.0699,325.6,2023-09-15,1153,D,0
-17.3103,30.8413,369.7,2023-09-15,1153,D,0
-17.3116,30.8315,357.5,2023-09-15,1153,D,0
-17.2411,31.2122,340.0,2023-09-15,1153,D,0
-17.4208,29.8607,339.7,2023-09-15,1153,D,0
-17.2331,31.2152,351.2,2023-09-15,1153,D,0
-17.2344,31.2055,326.4,2023-09-15,1153,D,0
-17.4193,29.855,328.9,2023-09-15,1153,D,0
-17.1698,31.4028,338.3,2023-09-15,1153,D,0
-17.1711,31.3931,333.1,2023-09-15,1153,D,0
-17.3973,29.6452,327.0,2023-09-15,1153,D,0
-17.3875,29.6438,326.3,2023-09-15,1153,D,0
-17.1977,30.8592,331.5,2023-09-15,1153,D,0
-17.0855,31.6068,326.4,2023-09-15,1153,D,0
-17.196,30.6788,327.4,2023-09-15,1153,D,0
-16.9081,31.3635,338.2,2023-09-15,1154,D,0
-17.3256,29.4875,327.4,2023-09-15,1154,D,0
-17.0598,31.2617,342.6,2023-09-15,1154,D,0
-17.062,30.9884,328.9,2023-09-15,1154,D,0
-17.0634,30.9786,343.9,2023-09-15,1154,D,0
-16.9498,31.396,332.0,2023-09-15,1154,D,0
-17.049,30.5988,335.0,2023-09-15,1154,D,0
-17.0504,30.5888,335.0,2023-09-15,1154,D,0
-16.969,31.1267,333.8,2023-09-15,1154,D,0
-16.9703,31.117,326.4,2023-09-15,1154,D,0
-16.8688,31.7729,328.6,2023-09-15,1154,D,0
-16.8701,31.7635,339.0,2023-09-15,1154,D,0
-16.9248,31.3758,333.7,2023-09-15,1154,D,0
-16.9842,30.9498,349.9,2023-09-15,1154,D,0
-16.9856,30.94,337.1,2023-09-15,1154,D,0
-16.9158,31.3744,331.6,2023-09-15,1154,D,0
-16.9171,31.3649,374.0,2023-09-15,1154,D,0
-16.9184,31.3553,351.7,2023-09-15,1154,D,0
-16.9067,31.373,337.0,2023-09-15,1154,D,0
-17.0281,30.4218,330.7,2023-09-15,1154,D,0
-17.102,29.0132,328.9,2023-09-15,1154,D,0
-16.8895,30.4898,328.5,2023-09-15,1154,D,0
-16.8177,30.3364,330.8,2023-09-15,1154,D,0
-16.9793,28.9463,351.8,2023-09-15,1154,D,0
-16.9809,28.9341,328.6,2023-09-15,1154,D,0
-16.5284,31.7788,325.3,2023-09-15,1154,D,0
-16.7905,29.8515,345.6,2023-09-15,1154,D,0
-16.7919,29.8405,357.0,2023-09-15,1154,D,0
-16.7823,29.8391,328.7,2023-09-15,1154,D,0
-16.6761,30.4495,351.8,2023-09-15,1154,D,0
-16.7838,29.2681,337.6,2023-09-15,1154,D,0
-16.5447,30.9286,324.5,2023-09-15,1154,D,0
-16.725,29.2539,329.2,2023-09-15,1154,D,0
-16.58,29.9831,326.7,2023-09-15,1154,D,0
-16.5813,29.9729,343.4,2023-09-15,1154,D,0
-16.5762,29.976,335.6,2023-09-15,1154,D,0
-16.5776,29.9657,324.5,2023-09-15,1154,D,0
-16.5075,30.3392,330.4,2023-09-15,1154,D,0
-16.5381,29.6732,326.9,2023-09-15,1154,D,0
-16.5745,29.3922,342.1,2023-09-15,1154,D,0
-16.576,29.3807,338.4,2023-09-15,1154,D,0
-16.3527,30.4559,334.4,2023-09-15,1154,D,0
-16.2671,30.7513,334.0,2023-09-15,1154,D,0
-16.3186,29.9482,325.9,2023-09-15,1154,D,0
-16.1257,30.7745,337.4,2023-09-15,1154,D,0
-16.127,30.7648,331.9,2023-09-15,1154,D,0
-16.2663,29.7272,345.1,2023-09-15,1154,D,0
-16.2677,29.7164,338.0,2023-09-15,1154,D,0
-16.0527,30.837,330.6,2023-09-15,1154,D,0
-16.0435,30.8356,329.6,2023-09-15,1154,D,0
-16.0726,30.4155,335.6,2023-09-15,1154,D,0
-19.5479,29.5514,308.7,2023-09-15,1948,N,0
-18.9579,32.5786,317.0,2023-09-15,1948,N,0
-18.4457,31.2604,302.3,2023-09-15,1948,N,0
-17.2388,31.0323,306.2,2023-09-15,1949,N,0
-17.2399,31.0382,308.1,2023-09-15,1949,N,0
-18.0595,31.618,301.1,2023-09-15,1949,N,0
-17.983,30.7324,306.3,2023-09-15,1949,N,0
-17.5885,29.4288,304.4,2023-09-15,1949,N,0
-17.9928,31.5041,300.6,2023-09-15,1949,N,0
-16.7568,29.4072,304.2,2023-09-15,1949,N,0
-16.5847,30.7373,320.4,2023-09-16,818,D,0
-16.6758,29.1293,343.4,2023-09-16,818,D,0
-16.6779,29.1467,325.3,2023-09-16,818,D,0
-16.68,29.1218,331.8,2023-09-16,818,D,0
-16.682,29.1396,334.8,2023-09-16,818,D,0
-16.8891,29.2493,332.2,2023-09-16,818,D,0
-16.8912,29.2677,328.4,2023-09-16,818,D,0
-16.9292,28.4049,323.3,2023-09-16,818,D,0
-16.9273,28.3888,324.9,2023-09-16,818,D,0
-17.209,30.2503,325.3,2023-09-16,818,D,0
-17.3557,29.9326,320.0,2023-09-16,818,D,0
-17.4963,28.2889,321.2,2023-09-16,818,D,0
-16.2112,30.1539,325.6,2023-09-16,818,D,0
-16.4923,30.6653,328.7,2023-09-16,818,D,0
-16.4949,30.6887,338.2,2023-09-16,818,D,0
-16.4882,30.6831,337.6,2023-09-16,818,D,0
-16.5019,30.6811,324.9,2023-09-16,818,D,0
-16.5894,30.7186,319.4,2023-09-16,818,D,0
-19.1254,30.2093,327.6,2023-09-16,819,D,0
-19.1321,30.2017,323.9,2023-09-16,819,D,0
-19.4143,31.1126,319.3,2023-09-16,819,D,0
-19.4146,31.1057,318.6,2023-09-16,819,D,0
-19.339,28.9443,324.8,2023-09-16,819,D,0
-19.3368,28.9248,323.0,2023-09-16,819,D,0
-19.7942,29.4216,333.8,2023-09-16,819,D,0
-19.7922,29.415,328.1,2023-09-16,819,D,0
-20.097,28.9851,330.0,2023-09-16,819,D,0
-20.1096,28.9834,341.8,2023-09-16,819,D,0
-20.0975,28.9786,333.5,2023-09-16,819,D,0
-20.1102,28.977,335.1,2023-09-16,819,D,0
-20.2993,29.7648,326.0,2023-09-16,819,D,0
-20.294,29.7596,325.1,2023-09-16,819,D,0
-20.2964,29.783,320.9,2023-09-16,819,D,0
-17.8266,29.9589,326.4,2023-09-16,819,D,0
-17.8398,29.9576,335.8,2023-09-16,819,D,0
-18.0512,31.6424,323.3,2023-09-16,819,D,0
-17.8366,29.9514,336.8,2023-09-16,819,D,0
-17.8389,29.9731,325.8,2023-09-16,819,D,0
-18.0497,31.6357,321.1,2023-09-16,819,D,0
-17.9291,30.1873,342.6,2023-09-16,819,D,0
-17.9316,30.21,324.5,2023-09-16,819,D,0
-17.9485,30.1166,323.9,2023-09-16,819,D,0
-17.951,30.1391,322.5,2023-09-16,819,D,0
-17.9464,30.1341,327.0,2023-09-16,819,D,0
-18.1917,31.0961,322.6,2023-09-16,819,D,0
-18.2514,31.693,325.1,2023-09-16,819,D,0
-18.4102,31.6131,321.7,2023-09-16,819,D,0
-18.4082,31.6062,322.9,2023-09-16,819,D,0
-18.278,29.8099,324.2,2023-09-16,819,D,0
-18.2754,29.8047,324.3,2023-09-16,819,D,0
-19.1095,31.0764,323.0,2023-09-16,819,D,0
-19.5852,31.2905,324.3,2023-09-16,1234,D,0
-20.1977,32.5074,323.0,2023-09-16,1234,D,0
-20.4325,29.8419,330.7,2023-09-16,1234,D,0
-20.4366,29.8203,330.7,2023-09-16,1234,D,0
-20.4031,29.9265,331.2,2023-09-16,1234,D,0
-20.289,29.761,330.9,2023-09-16,1234,D,0
-20.3039,29.7568,328.4,2023-09-16,1234,D,0
-20.287,29.7753,327.7,2023-09-16,1234,D,0
-20.0721,30.5415,323.8,2023-09-16,1234,D,0
-20.068,30.5355,323.9,2023-09-16,1234,D,0
-20.0268,30.4513,325.2,2023-09-16,1234,D,0
-19.9224,30.7648,325.6,2023-09-16,1234,D,0
-19.9274,30.7393,326.2,2023-09-16,1234,D,0
-20.2675,28.8961,339.4,2023-09-16,1234,D,0
-20.2709,28.8775,327.0,2023-09-16,1234,D,0
-20.3374,28.5181,343.0,2023-09-16,1234,D,0
-20.3406,28.5009,327.5,2023-09-16,1234,D,0
-20.2759,28.8905,342.8,2023-09-16,1234,D,0
-20.3429,28.5121,340.1,2023-09-16,1234,D,0
-19.9183,30.7561,327.7,2023-09-16,1234,D,0
-19.9437,30.2497,330.0,2023-09-16,1234,D,0
-20.2047,28.7984,328.2,2023-09-16,1234,D,0
-20.214,28.7949,327.2,2023-09-16,1234,D,0
-20.2062,28.6987,328.1,2023-09-16,1234,D,0
-19.8344,29.8556,325.5,2023-09-16,1234,D,0
-19.8395,29.8519,325.4,2023-09-16,1234,D,0
-19.7433,29.8538,331.3,2023-09-16,1234,D,0
-19.7339,29.844,327.0,2023-09-16,1234,D,0
-19.4188,31.1198,339.6,2023-09-16,1234,D,0
-19.4243,31.0919,330.9,2023-09-16,1234,D,0
-19.4041,31.1171,343.5,2023-09-16,1234,D,0
-19.4097,31.089,338.9,2023-09-16,1234,D,0
-19.4197,31.1151,338.5,2023-09-16,1234,D,0
-19.405,31.1124,351.2,2023-09-16,1234,D,0
-19.4104,31.0842,330.9,2023-09-16,1234,D,0
-19.5296,30.1516,330.0,2023-09-16,1234,D,0
-19.5735,29.9197,326.0,2023-09-16,1234,D,0
-18.5016,31.8054,328.4,2023-09-16,1235,D,0
-19.2249,31.244,326.8,2023-09-16,1235,D,0
-19.1083,31.0632,334.9,2023-09-16,1235,D,0
-19.1023,31.0833,323.9,2023-09-16,1235,D,0
-19.1077,31.0553,329.7,2023-09-16,1235,D,0
-18.9533,31.4463,327.6,2023-09-16,1235,D,0
-18.9573,31.442,325.3,2023-09-16,1235,D,0
-18.9421,31.4393,323.3,2023-09-16,1235,D,0
-18.7863,31.901,323.8,2023-09-16,1235,D,0
-19.1692,29.8102,344.7,2023-09-16,1235,D,0
-19.1736,29.7875,335.3,2023-09-16,1235,D,0
-19.1274,30.2071,324.7,2023-09-16,1235,D,0
-19.3456,28.9296,331.6,2023-09-16,1235,D,0
-19.1737,29.8037,348.7,2023-09-16,1235,D,0
-18.9678,30.5914,327.3,2023-09-16,1235,D,0
-19.2347,29.1112,326.3,2023-09-16,1235,D,0
-19.0935,29.7173,336.0,2023-09-16,1235,D,0
-19.0685,29.7302,328.3,2023-09-16,1235,D,0
-18.8493,30.8091,347.2,2023-09-16,1235,D,0
-18.8546,30.7821,346.5,2023-09-16,1235,D,0
-18.8961,30.4906,325.5,2023-09-16,1235,D,0
-18.7548,31.1365,327.3,2023-09-16,1235,D,0
-18.611,31.7749,325.9,2023-09-16,1235,D,0
-18.8873,30.508,326.7,2023-09-16,1235,D,0
-18.7552,31.1291,324.8,2023-09-16,1235,D,0
-18.4942,31.8087,342.1,2023-09-16,1235,D,0
-18.4861,31.8016,328.9,2023-09-16,1235,D,0
-18.2527,32.704,324.3,2023-09-16,1235,D,0
-18.8691,29.5163,331.6,2023-09-16,1235,D,0
-18.8551,29.5285,325.5,2023-09-16,1235,D,0
-18.8591,29.5066,325.3,2023-09-16,1235,D,0
-18.9709,28.5353,333.7,2023-09-16,1235,D,0
-18.5843,30.5115,338.0,2023-09-16,1235,D,0
-18.9654,28.5481,326.4,2023-09-16,1235,D,0
-18.9686,28.5296,327.2,2023-09-16,1235,D,0
-18.5828,30.5061,333.4,2023-09-16,1235,D,0
-18.5008,29.9887,326.7,2023-09-16,1235,D,0
-18.5096,29.9857,328.4,2023-09-16,1235,D,0
-18.3483,30.0439,325.8,2023-09-16,1235,D,0
-18.3528,30.0199,332.8,2023-09-16,1235,D,0
-18.1523,30.3632,330.8,2023-09-16,1235,D,0
-18.1489,30.3546,326.3,2023-09-16,1235,D,0
-18.0219,30.6298,330.8,2023-09-16,1235,D,0
-18.0222,30.6252,329.9,2023-09-16,1235,D,0
-17.8266,29.9495,342.4,2023-09-16,1235,D,0
-17.5905,31.109,324.4,2023-09-16,1235,D,0
-17.8917,29.5237,326.0,2023-09-16,1235,D,0
-18.2502,26.2571,332.3,2023-09-16,1235,D,0
-17.5804,29.4359,328.1,2023-09-16,1235,D,0
-17.0878,31.1661,339.6,2023-09-16,1235,D,0
-16.9235,31.8248,330.3,2023-09-16,1235,D,0
-17.0916,31.1592,337.6,2023-09-16,1235,D,0
-16.9321,31.8188,324.7,2023-09-16,1235,D,0
-17.1638,30.5311,327.1,2023-09-16,1235,D,0
-17.5339,28.1474,327.0,2023-09-16,1235,D,0
-16.9195,31.0841,325.4,2023-09-16,1235,D,0
-16.9043,31.0805,324.0,2023-09-16,1235,D,0
-16.9078,31.0737,330.2,2023-09-16,1235,D,0
-16.7365,31.3733,327.2,2023-09-16,1235,D,0
-16.7287,31.3663,326.8,2023-09-16,1235,D,0
-16.9246,30.1816,325.7,2023-09-16,1235,D,0
-16.9362,30.0156,324.8,2023-09-16,1235,D,0
-16.858,29.5544,327.3,2023-09-16,1235,D,0
-16.5963,30.7704,323.2,2023-09-16,1235,D,0
-16.6991,30.0618,335.5,2023-09-16,1235,D,0
-16.7039,30.0358,323.7,2023-09-16,1235,D,0
-16.5042,30.6835,323.6,2023-09-16,1235,D,0
-16.5077,30.6793,325.2,2023-09-16,1235,D,0
-16.4652,29.9176,324.4,2023-09-16,1235,D,0
-16.2255,30.1371,325.4,2023-09-16,1235,D,0
-20.0194,32.9956,308.7,2023-09-16,2029,N,0
-20.4836,28.5349,302.4,2023-09-16,2029,N,0
-19.7464,29.8221,301.4,2023-09-16,2029,N,0
-18.1251,30.6737,304.6,2023-09-16,2029,N,0
-18.1269,30.6678,304.2,2023-09-16,2029,N,0
-18.3673,26.4717,309.6,2023-09-16,2029,N,0
-20.0219,32.991,302.9,2023-09-16,2029,N,0
-16.4907,29.6137,312.9,2023-09-16,2030,N,0
-16.9131,31.0244,303.9,2023-09-16,2030,N,0
-18.0781,30.0651,302.3,2023-09-16,2327,N,0
-16.474,29.5146,300.6,2023-09-16,2327,N,0
-16.9138,31.0288,301.3,2023-09-16,2327,N,0
-17.0833,30.998,300.5,2023-09-16,2327,N,0
-17.1306,30.9779,309.6,2023-09-16,2327,N,0
-17.2652,31.696,301.5,2023-09-16,2327,N,0
-17.6205,30.3465,309.0,2023-09-16,2327,N,0
-17.9134,30.1853,302.1,2023-09-16,2327,N,0
-18.1019,31.3379,302.7,2023-09-16,2327,N,0
-18.2879,31.4675,300.2,2023-09-16,2327,N,0
-19.6534,29.9124,313.1,2023-09-16,2328,N,0
-19.652,29.9069,306.1,2023-09-16,2328,N,0
-19.6541,29.9193,302.8,2023-09-16,2328,N,0
-16.7068,30.0657,323.8,2023-09-17,721,D,0
-16.7126,29.9396,321.5,2023-09-17,721,D,0
-16.7173,29.9315,318.6,2023-09-17,721,D,0
-17.0914,31.5727,330.6,2023-09-17,721,D,0
-17.1149,30.9471,325.2,2023-09-17,721,D,0
-16.4556,31.9905,332.7,2023-09-17,721,D,0
-16.5501,32.1154,323.4,2023-09-17,721,D,0
-16.4795,29.4885,335.9,2023-09-17,721,D,0
-17.4756,30.3871,321.7,2023-09-17,721,D,0
-17.8601,31.4302,321.2,2023-09-17,721,D,0
-17.9303,31.4464,324.0,2023-09-17,721,D,0
-18.2279,30.3868,320.4,2023-09-17,721,D,0
-18.2318,30.408,323.4,2023-09-17,721,D,0
-18.6298,32.137,323.8,2023-09-17,721,D,0
-18.2824,30.0287,319.2,2023-09-17,721,D,0
-17.0951,31.5664,327.6,2023-09-17,721,D,0
-16.7763,31.1182,321.4,2023-09-17,721,D,0
-16.4845,29.5151,338.4,2023-09-17,721,D,0
-16.713,30.331,338.1,2023-09-17,721,D,0
-16.717,30.3529,329.0,2023-09-17,721,D,0
-19.3754,29.871,321.8,2023-09-17,722,D,0
-20.0224,28.4664,335.1,2023-09-17,722,D,0
-20.0238,28.4602,337.5,2023-09-17,722,D,0
-20.4348,29.1042,316.9,2023-09-17,722,D,0
-20.4269,29.0988,318.3,2023-09-17,722,D,0
-20.468,28.5348,325.7,2023-09-17,722,D,0
-20.7133,29.8286,319.4,2023-09-17,722,D,0
-20.4822,28.532,339.9,2023-09-17,722,D,0
-19.3712,29.8656,323.2,2023-09-17,722,D,0
-19.7346,29.8157,356.0,2023-09-17,722,D,0
-19.7385,29.8373,356.1,2023-09-17,722,D,0
-20.0016,31.2457,322.8,2023-09-17,722,D,0
-19.7309,29.8104,327.5,2023-09-17,722,D,0
-19.735,29.8321,353.0,2023-09-17,722,D,0
-19.7391,29.8538,327.6,2023-09-17,722,D,0
-19.9963,31.2409,319.8,2023-09-17,722,D,0
-19.744,29.8076,326.3,2023-09-17,722,D,0
-18.6364,31.5029,324.1,2023-09-17,722,D,0
-18.6395,31.5203,326.8,2023-09-17,722,D,0
-18.645,31.5122,327.3,2023-09-17,722,D,0
-18.5992,30.9807,323.0,2023-09-17,722,D,0
-18.6114,30.9784,329.1,2023-09-17,722,D,0
-18.6856,31.3963,322.4,2023-09-17,722,D,0
-19.3332,30.2219,329.7,2023-09-17,722,D,0
-19.3313,30.2153,330.1,2023-09-17,722,D,0
-19.4722,30.6249,329.9,2023-09-17,722,D,0
-19.7481,29.8295,330.6,2023-09-17,722,D,0
-21.1299,31.3598,316.1,2023-09-17,1138,D,0
-21.1319,31.342,317.8,2023-09-17,1138,D,0
-21.1242,31.352,325.3,2023-09-17,1138,D,0
-20.6623,28.6864,322.1,2023-09-17,1138,D,0
-20.6605,28.6796,323.9,2023-09-17,1138,D,0
-20.5307,28.6357,321.0,2023-09-17,1138,D,0
-20.5161,28.6343,328.8,2023-09-17,1138,D,0
-20.5143,28.6275,324.5,2023-09-17,1138,D,0
-20.4226,29.0963,330.0,2023-09-17,1138,D,0
-20.4033,29.1457,323.2,2023-09-17,1138,D,0
-20.4059,29.12,322.9,2023-09-17,1138,D,0
-20.4642,28.537,327.6,2023-09-17,1138,D,0
-20.4669,28.5093,327.4,2023-09-17,1138,D,0
-20.3281,29.7418,323.7,2023-09-17,1138,D,0
-20.3055,28.791,325.1,2023-09-17,1138,D,0
-20.3081,28.7643,326.4,2023-09-17,1138,D,0
-20.2937,28.7628,350.2,2023-09-17,1138,D,0
-20.3026,28.7836,335.1,2023-09-17,1138,D,0
-20.3053,28.757,330.8,2023-09-17,1138,D,0
-20.2881,28.7824,329.5,2023-09-17,1138,D,0
-20.2909,28.7556,333.2,2023-09-17,1138,D,0
-19.9378,29.8755,326.0,2023-09-17,1138,D,0
-20.0354,28.4602,335.2,2023-09-17,1138,D,0
-19.8849,29.7763,327.7,2023-09-17,1138,D,0
-20.0207,28.4587,333.1,2023-09-17,1138,D,0
-19.8319,29.7701,326.5,2023-09-17,1138,D,0
-19.8328,29.7854,327.9,2023-09-17,1138,D,0
-19.711,30.1798,325.2,2023-09-17,1138,D,0
-19.6295,30.8201,326.8,2023-09-17,1138,D,0
-19.6261,30.8148,331.7,2023-09-17,1138,D,0
-19.6139,30.8134,323.6,2023-09-17,1138,D,0
-19.7261,29.8131,325.0,2023-09-17,1138,D,0
-19.3156,32.7656,328.5,2023-09-17,1138,D,0
-19.3203,32.7593,324.8,2023-09-17,1138,D,0
-19.6825,29.2434,343.8,2023-09-17,1138,D,0
-19.6688,29.2418,372.0,2023-09-17,1138,D,0
-19.6713,29.2178,332.9,2023-09-17,1138,D,0
-19.5025,30.5461,330.8,2023-09-17,1138,D,0
-19.4376,31.0213,323.5,2023-09-17,1138,D,0
-19.4395,31.004,326.8,2023-09-17,1138,D,0
-19.5008,30.5409,328.9,2023-09-17,1138,D,0
-19.4326,31.0155,326.9,2023-09-17,1138,D,0
-19.4046,31.0474,337.2,2023-09-17,1138,D,0
-19.4067,31.0296,339.3,2023-09-17,1138,D,0
-19.4591,30.5746,327.3,2023-09-17,1138,D,0
-19.3846,31.1153,324.8,2023-09-17,1138,D,0
-19.3927,31.046,337.2,2023-09-17,1138,D,0
-19.3947,31.0283,367.8,2023-09-17,1138,D,0
-19.6632,27.9524,340.6,2023-09-17,1138,D,0
-19.6661,27.9218,340.9,2023-09-17,1138,D,0
-19.6652,27.9452,335.4,2023-09-17,1138,D,0
-19.6683,27.9147,326.3,2023-09-17,1138,D,0
-19.65,27.9437,338.7,2023-09-17,1138,D,0
-19.6531,27.9131,327.7,2023-09-17,1138,D,0
-19.3713,30.2002,327.4,2023-09-17,1138,D,0
-19.3586,30.1987,333.3,2023-09-17,1138,D,0
-19.3683,29.862,324.6,2023-09-17,1138,D,0
-19.048,32.6621,326.4,2023-09-17,1138,D,0
-19.3187,30.209,328.8,2023-09-17,1138,D,0
-19.3209,30.1892,326.8,2023-09-17,1138,D,0
-19.11,31.8947,333.7,2023-09-17,1138,D,0
-19.1118,31.8797,328.8,2023-09-17,1138,D,0
-19.0513,32.2875,325.8,2023-09-17,1138,D,0
-19.0989,31.8933,347.9,2023-09-17,1138,D,0
-19.1007,31.8783,347.7,2023-09-17,1138,D,0
-19.3071,29.5824,325.3,2023-09-17,1138,D,0
-19.0704,31.6512,328.6,2023-09-17,1138,D,0
-19.0098,32.0558,327.8,2023-09-17,1138,D,0
-19.2711,29.8163,327.0,2023-09-17,1138,D,0
-18.9486,32.4635,343.5,2023-09-17,1138,D,0
-18.9503,32.4496,324.2,2023-09-17,1138,D,0
-18.9988,32.0548,330.2,2023-09-17,1138,D,0
-18.9964,31.8882,330.6,2023-09-17,1138,D,0
-18.9981,31.8734,354.4,2023-09-17,1138,D,0
-19.1278,30.4163,327.8,2023-09-17,1138,D,0
-19.1299,30.3968,331.5,2023-09-17,1138,D,0
-18.8949,32.3387,330.9,2023-09-17,1138,D,0
-18.9797,31.6509,331.6,2023-09-17,1138,D,0
-19.1264,30.4113,332.7,2023-09-17,1138,D,0
-18.9553,31.6625,330.3,2023-09-17,1138,D,0
-19.1124,30.311,327.2,2023-09-17,1138,D,0
-19.1146,30.2914,326.5,2023-09-17,1138,D,0
-18.8833,32.1658,350.2,2023-09-17,1138,D,0
-18.885,32.1515,357.7,2023-09-17,1138,D,0
-18.968,31.4587,332.9,2023-09-17,1138,D,0
-18.9698,31.4427,332.2,2023-09-17,1138,D,0
-18.8741,32.1501,354.2,2023-09-17,1138,D,0
-18.8758,32.1361,329.8,2023-09-17,1138,D,0
-18.983,31.2295,326.1,2023-09-17,1138,D,0
-18.9849,31.2129,354.5,2023-09-17,1138,D,0
-19.1716,29.5312,336.2,2023-09-17,1138,D,0
-18.9226,31.5486,340.9,2023-09-17,1138,D,0
-19.2662,28.3261,328.5,2023-09-17,1138,D,0
-18.8132,32.3837,330.1,2023-09-17,1138,D,0
-18.8915,31.7182,335.0,2023-09-17,1138,D,0
-18.9223,31.5573,327.5,2023-09-17,1138,D,0
-18.9242,31.5419,332.3,2023-09-17,1138,D,0
-18.8091,32.3765,328.3,2023-09-17,1138,D,0
-18.89,31.7268,328.7,2023-09-17,1138,D,0
-18.8919,31.7113,326.8,2023-09-17,1138,D,0
-19.2621,28.3469,329.5,2023-09-17,1138,D,0
-19.2651,28.3189,326.1,2023-09-17,1138,D,0
-18.7487,32.6848,329.6,2023-09-17,1138,D,0
-18.8786,31.536,326.1,2023-09-17,1138,D,0
-19.0141,30.3707,343.5,2023-09-17,1138,D,0
-19.0163,30.3512,346.3,2023-09-17,1138,D,0
-18.7629,32.3982,331.3,2023-09-17,1138,D,0
-18.8765,31.4562,325.6,2023-09-17,1138,D,0
-18.7223,32.6402,324.6,2023-09-17,1138,D,0
-18.8338,31.7194,324.5,2023-09-17,1138,D,0
-18.7515,32.3133,339.5,2023-09-17,1138,D,0
-18.7407,32.3122,333.7,2023-09-17,1138,D,0
-18.7816,31.9693,328.8,2023-09-17,1138,D,0
-18.7834,31.9547,336.2,2023-09-17,1138,D,0
-18.781,31.9639,331.2,2023-09-17,1138,D,0
-18.6858,32.2856,331.8,2023-09-17,1138,D,0
-18.6875,32.2725,328.0,2023-09-17,1138,D,0
-18.6634,32.3801,325.5,2023-09-17,1138,D,0
-18.665,32.3666,331.0,2023-09-17,1138,D,0
-18.6526,32.3792,337.7,2023-09-17,1138,D,0
-18.6543,32.3658,332.3,2023-09-17,1138,D,0
-18.6475,32.0291,326.4,2023-09-17,1138,D,0
-18.6344,31.9541,347.6,2023-09-17,1138,D,0
-18.6361,31.9395,327.2,2023-09-17,1138,D,0
-18.6887,31.4029,328.5,2023-09-17,1138,D,0
-18.8225,30.1144,331.8,2023-09-17,1138,D,0
-18.8247,30.0944,341.5,2023-09-17,1138,D,0
-18.6437,31.5894,324.6,2023-09-17,1138,D,0
-18.975,28.5237,326.9,2023-09-17,1138,D,0
-18.6024,31.93,324.8,2023-09-17,1138,D,0
-18.8229,30.1094,334.6,2023-09-17,1138,D,0
-18.8252,30.0895,331.4,2023-09-17,1138,D,0
-18.9702,28.5451,328.7,2023-09-17,1138,D,0
-18.6248,31.4701,330.0,2023-09-17,1138,D,0
-18.6115,31.4845,331.7,2023-09-17,1138,D,0
-18.6134,31.4687,352.0,2023-09-17,1138,D,0
-18.6153,31.4529,350.2,2023-09-17,1138,D,0
-18.6125,30.9684,345.3,2023-09-17,1138,D,0
-18.6157,30.9794,342.6,2023-09-17,1138,D,0
-18.6039,30.9778,333.7,2023-09-17,1138,D,0
-18.6059,30.9607,334.8,2023-09-17,1138,D,0
-18.4479,32.165,326.0,2023-09-17,1138,D,0
-18.4496,32.1509,358.1,2023-09-17,1138,D,0
-18.4924,31.8041,327.6,2023-09-17,1138,D,0
-18.5941,30.9591,341.8,2023-09-17,1138,D,0
-17.3938,31.8187,328.6,2023-09-17,1139,D,0
-17.2017,31.5304,327.0,2023-09-17,1139,D,0
-17.2035,31.5159,346.1,2023-09-17,1139,D,0
-17.1593,31.7887,347.1,2023-09-17,1139,D,0
-17.161,31.775,371.5,2023-09-17,1139,D,0
-17.1697,31.7028,349.1,2023-09-17,1139,D,0
-17.2565,30.9716,353.4,2023-09-17,1139,D,0
-17.2755,30.8086,338.6,2023-09-17,1139,D,0
-17.2774,30.792,338.0,2023-09-17,1139,D,0
-17.1588,31.701,349.1,2023-09-17,1139,D,0
-17.1577,31.7832,351.7,2023-09-17,1139,D,0
-17.1594,31.7694,349.6,2023-09-17,1139,D,0
-17.1668,31.7117,333.1,2023-09-17,1139,D,0
-17.1687,31.6973,340.7,2023-09-17,1139,D,0
-17.2606,30.9671,333.1,2023-09-17,1139,D,0
-17.2807,30.8043,340.2,2023-09-17,1139,D,0
-17.2828,30.7877,326.6,2023-09-17,1139,D,0
-17.1559,31.71,332.3,2023-09-17,1139,D,0
-17.1577,31.6956,340.1,2023-09-17,1139,D,0
-17.249,30.9657,330.4,2023-09-17,1139,D,0
-17.1648,31.5501,329.0,2023-09-17,1139,D,0
-17.0852,32.0948,327.1,2023-09-17,1139,D,0
-17.111,31.8905,332.9,2023-09-17,1139,D,0
-17.1128,31.8761,328.4,2023-09-17,1139,D,0
-17.2179,31.0272,329.2,2023-09-17,1139,D,0
-17.102,31.8747,328.5,2023-09-17,1139,D,0
-17.1273,31.3947,331.7,2023-09-17,1139,D,0
-17.0966,31.5554,344.2,2023-09-17,1139,D,0
-17.0839,31.5683,336.2,2023-09-17,1139,D,0
-17.0856,31.5538,344.6,2023-09-17,1139,D,0
-17.0937,31.563,335.8,2023-09-17,1139,D,0
-17.0955,31.5485,336.3,2023-09-17,1139,D,0
-17.0827,31.5614,342.0,2023-09-17,1139,D,0
-17.1243,30.9443,335.5,2023-09-17,1139,D,0
-17.071,31.2889,378.0,2023-09-17,1139,D,0
-17.0729,31.2731,331.4,2023-09-17,1139,D,0
-17.0596,31.1924,351.3,2023-09-17,1139,D,0
-17.0485,31.2014,338.3,2023-09-17,1139,D,0
-17.082,30.9335,327.5,2023-09-17,1139,D,0
-16.9389,31.6254,328.7,2023-09-17,1139,D,0
-17.0483,30.5177,327.5,2023-09-17,1139,D,0
-16.8916,31.6482,333.9,2023-09-17,1139,D,0
-17.097,29.8682,332.0,2023-09-17,1139,D,0
-17.0992,29.8489,335.7,2023-09-17,1139,D,0
-16.8878,31.6557,325.6,2023-09-17,1139,D,0
-16.7678,32.5058,329.8,2023-09-17,1139,D,0
-17.0959,29.8614,340.1,2023-09-17,1139,D,0
-17.0982,29.842,326.6,2023-09-17,1139,D,0
-17.2452,28.4354,328.7,2023-09-17,1139,D,0
-16.7504,32.4782,336.3,2023-09-17,1139,D,0
-16.752,32.4659,330.7,2023-09-17,1139,D,0
-16.9445,30.7236,327.0,2023-09-17,1139,D,0
-17.0996,29.2544,335.2,2023-09-17,1139,D,0
-16.9211,30.6162,331.2,2023-09-17,1139,D,0
-16.7262,32.2881,326.2,2023-09-17,1139,D,0
-16.9084,30.7655,326.7,2023-09-17,1139,D,0
-17.0879,29.27,327.3,2023-09-17,1139,D,0
-17.0905,29.2481,332.1,2023-09-17,1139,D,0
-16.799,31.5505,330.3,2023-09-17,1139,D,0
-16.9154,30.6102,331.9,2023-09-17,1139,D,0
-16.7228,31.98,327.6,2023-09-17,1139,D,0
-16.9421,30.1834,336.6,2023-09-17,1139,D,0
-16.6323,32.6076,346.3,2023-09-17,1139,D,0
-16.6339,32.5954,330.9,2023-09-17,1139,D,0
-16.7121,31.9786,327.1,2023-09-17,1139,D,0
-16.9473,30.0318,327.4,2023-09-17,1139,D,0
-16.7444,31.6307,333.6,2023-09-17,1139,D,0
-16.7334,31.6292,337.8,2023-09-17,1139,D,0
-16.7386,31.5863,330.2,2023-09-17,1139,D,0
-16.7225,31.6277,373.4,2023-09-17,1139,D,0
-16.7242,31.6132,401.4,2023-09-17,1139,D,0
-16.7064,31.6688,340.0,2023-09-17,1139,D,0
-16.7131,31.6775,332.3,2023-09-17,1139,D,0
-16.7204,31.6208,376.6,2023-09-17,1139,D,0
-16.7222,31.6064,344.7,2023-09-17,1139,D,0
-16.7131,31.5906,328.7,2023-09-17,1139,D,0
-16.5655,32.4916,333.5,2023-09-17,1139,D,0
-16.986,28.8847,328.4,2023-09-17,1139,D,0
-16.8432,30.0308,327.5,2023-09-17,1139,D,0
-16.859,29.7814,333.7,2023-09-17,1139,D,0
-16.5618,32.1013,340.8,2023-09-17,1139,D,0
-16.7429,30.5811,331.5,2023-09-17,1139,D,0
-16.8293,29.8173,353.4,2023-09-17,1139,D,0
-16.8315,29.7976,333.8,2023-09-17,1139,D,0
-16.8589,29.7762,328.5,2023-09-17,1139,D,0
-16.5557,32.1082,336.1,2023-09-17,1139,D,0
-16.5574,32.0951,342.1,2023-09-17,1139,D,0
-16.5452,32.1066,334.2,2023-09-17,1139,D,0
-16.735,30.593,333.1,2023-09-17,1139,D,0
-16.7373,30.5746,359.6,2023-09-17,1139,D,0
-16.8108,29.9649,327.7,2023-09-17,1139,D,0
-16.8267,29.8317,327.6,2023-09-17,1139,D,0
-16.829,29.812,354.4,2023-09-17,1139,D,0
-16.528,32.1571,329.9,2023-09-17,1139,D,0
-16.7254,30.5728,335.9,2023-09-17,1139,D,0
-16.4994,32.2971,332.2,2023-09-17,1139,D,0
-16.6329,30.9486,325.2,2023-09-17,1139,D,0
-16.74,30.0321,325.9,2023-09-17,1139,D,0
-16.7997,29.5044,335.9,2023-09-17,1139,D,0
-16.4682,32.1222,333.6,2023-09-17,1139,D,0
-16.7025,30.1412,335.7,2023-09-17,1139,D,0
-16.7371,30.0248,327.8,2023-09-17,1139,D,0
-16.7982,29.5183,330.3,2023-09-17,1139,D,0
-16.8007,29.4976,327.8,2023-09-17,1139,D,0
-16.7853,29.5166,339.7,2023-09-17,1139,D,0
-16.6989,30.1337,329.5,2023-09-17,1139,D,0
-16.4586,31.9793,347.1,2023-09-17,1139,D,0
-16.7156,29.8879,325.6,2023-09-17,1139,D,0
-16.7031,29.8862,342.5,2023-09-17,1139,D,0
-16.7054,29.8671,346.9,2023-09-17,1139,D,0
-16.4717,31.4305,327.8,2023-09-17,1139,D,0
-16.5168,30.9562,348.5,2023-09-17,1139,D,0
-16.5185,30.9416,330.0,2023-09-17,1139,D,0
-16.5199,30.9514,352.0,2023-09-17,1139,D,0
-16.5286,30.6904,325.3,2023-09-17,1139,D,0
-16.4645,30.927,327.9,2023-09-17,1139,D,0
-16.5968,29.6911,348.9,2023-09-17,1139,D,0
-16.599,29.6716,339.6,2023-09-17,1139,D,0
-16.4379,30.9544,326.2,2023-09-17,1139,D,0
-16.6347,29.2341,330.9,2023-09-17,1139,D,0
-16.438,30.9645,326.3,2023-09-17,1139,D,0
-16.5961,29.6841,348.7,2023-09-17,1139,D,0
-16.6375,29.2274,327.2,2023-09-17,1139,D,0
-16.4681,30.4331,325.9,2023-09-17,1139,D,0
-16.4975,29.5292,335.0,2023-09-17,1139,D,0
-16.4235,30.1537,334.2,2023-09-17,1139,D,0
-16.3961,30.2785,328.2,2023-09-17,1139,D,0
-16.4091,30.1703,332.1,2023-09-17,1139,D,0
-16.4113,30.1518,342.1,2023-09-17,1139,D,0
-16.3969,30.1686,327.9,2023-09-17,1139,D,0
-16.3991,30.1503,332.6,2023-09-17,1139,D,0
-16.4532,29.5809,333.0,2023-09-17,1139,D,0
-16.4555,29.5608,328.6,2023-09-17,1139,D,0
-16.4405,29.5791,348.9,2023-09-17,1139,D,0
-16.4054,29.316,328.5,2023-09-17,1139,D,0
-16.1478,30.423,335.6,2023-09-17,1139,D,0
-15.7572,30.3755,330.3,2023-09-17,1139,D,0
-18.4813,31.8027,333.9,2023-09-17,1139,D,0
-18.6736,30.1648,356.3,2023-09-17,1139,D,0
-18.6758,30.145,330.7,2023-09-17,1139,D,0
-18.7125,29.8183,328.3,2023-09-17,1139,D,0
-18.7148,29.7975,325.7,2023-09-17,1139,D,0
-18.6609,30.1633,331.1,2023-09-17,1139,D,0
-18.6277,29.9966,328.8,2023-09-17,1139,D,0
-18.6286,29.9916,327.0,2023-09-17,1139,D,0
-18.6158,29.9901,329.2,2023-09-17,1139,D,0
-18.2334,32.7292,325.5,2023-09-17,1139,D,0
-18.2453,32.5454,332.0,2023-09-17,1139,D,0
-18.2469,32.5324,349.5,2023-09-17,1139,D,0
-18.2499,32.5396,327.3,2023-09-17,1139,D,0
-18.2395,32.538,361.2,2023-09-17,1139,D,0
-18.2411,32.5248,345.6,2023-09-17,1139,D,0
-18.273,32.1007,332.0,2023-09-17,1139,D,0
-18.2162,32.4683,344.8,2023-09-17,1139,D,0
-18.2622,32.0991,332.4,2023-09-17,1139,D,0
-18.2057,32.4668,333.8,2023-09-17,1139,D,0
-18.3188,31.4445,327.5,2023-09-17,1139,D,0
-18.5593,29.1834,326.9,2023-09-17,1139,D,0
-18.5661,29.179,327.2,2023-09-17,1139,D,0
-18.3993,30.291,327.5,2023-09-17,1139,D,0
-18.4016,30.2717,345.4,2023-09-17,1139,D,0
-18.2777,31.2235,334.2,2023-09-17,1139,D,0
-18.3512,30.3815,331.0,2023-09-17,1139,D,0
-18.4993,29.0291,329.0,2023-09-17,1139,D,0
-18.4925,29.0213,328.8,2023-09-17,1139,D,0
-17.9886,32.9022,336.6,2023-09-17,1139,D,0
-17.9902,32.8901,351.9,2023-09-17,1139,D,0
-18.238,30.7831,329.2,2023-09-17,1139,D,0
-18.4533,28.8682,328.0,2023-09-17,1139,D,0
-17.9336,32.8645,326.8,2023-09-17,1139,D,0
-18.0487,31.7007,339.3,2023-09-17,1139,D,0
-18.0505,31.686,346.1,2023-09-17,1139,D,0
-17.9501,31.7553,326.2,2023-09-17,1139,D,0
-18.1761,29.7378,331.4,2023-09-17,1139,D,0
-17.8397,32.2944,327.8,2023-09-17,1139,D,0
-18.0762,30.0547,330.0,2023-09-17,1139,D,0
-18.0759,30.0498,326.9,2023-09-17,1139,D,0
-17.8136,31.762,334.4,2023-09-17,1139,D,0
-17.9524,29.7612,331.3,2023-09-17,1139,D,0
-17.9395,29.7599,332.2,2023-09-17,1139,D,0
-17.9411,29.7553,341.2,2023-09-17,1139,D,0
-17.7429,31.0185,338.7,2023-09-17,1139,D,0
-17.7449,31.002,327.4,2023-09-17,1139,D,0
-17.5849,32.2281,329.9,2023-09-17,1139,D,0
-17.7529,30.8328,329.9,2023-09-17,1139,D,0
-17.8744,29.7675,326.2,2023-09-17,1139,D,0
-17.5743,32.2266,337.4,2023-09-17,1139,D,0
-17.5759,32.2132,332.4,2023-09-17,1139,D,0
-17.8615,29.7664,330.9,2023-09-17,1139,D,0
-17.7714,30.3493,325.9,2023-09-17,1139,D,0
-17.8622,29.759,329.2,2023-09-17,1139,D,0
-17.8187,30.0182,329.9,2023-09-17,1139,D,0
-17.7678,30.3418,325.0,2023-09-17,1139,D,0
-17.5647,31.8257,347.9,2023-09-17,1139,D,0
-17.5664,31.8115,353.3,2023-09-17,1139,D,0
-17.6749,30.9185,331.0,2023-09-17,1139,D,0
-17.6712,30.8497,326.9,2023-09-17,1139,D,0
-17.7417,30.2441,330.8,2023-09-17,1139,D,0
-17.7439,30.2255,336.2,2023-09-17,1139,D,0
-17.5402,31.6601,332.0,2023-09-17,1139,D,0
-17.5419,31.6453,326.2,2023-09-17,1139,D,0
-17.6279,30.8099,345.0,2023-09-17,1139,D,0
-17.6298,30.7927,343.6,2023-09-17,1139,D,0
-17.5399,31.6548,330.2,2023-09-17,1139,D,0
-17.6337,30.8056,333.0,2023-09-17,1139,D,0
-17.6219,30.8042,344.6,2023-09-17,1139,D,0
-17.6239,30.7871,333.4,2023-09-17,1139,D,0
-17.4283,31.7214,331.5,2023-09-17,1139,D,0
-17.4155,31.7346,328.4,2023-09-17,1139,D,0
-17.4173,31.72,341.7,2023-09-17,1139,D,0
-17.4674,31.317,336.5,2023-09-17,1139,D,0
-17.4982,31.0661,326.4,2023-09-17,1139,D,0
-17.5788,30.3993,327.5,2023-09-17,1139,D,0
-17.3956,31.8046,349.2,2023-09-17,1139,D,0
-17.441,31.3448,327.2,2023-09-17,1139,D,0
-17.4275,31.2657,331.7,2023-09-17,1139,D,0
-17.4294,31.2504,333.1,2023-09-17,1139,D,0
-17.3677,31.6683,324.9,2023-09-17,1139,D,0
-17.452,30.9604,326.1,2023-09-17,1139,D,0
-17.4539,30.9443,329.3,2023-09-17,1139,D,0
-17.8051,27.5612,326.6,2023-09-17,1139,D,0
-17.4448,30.9544,327.6,2023-09-17,1139,D,0
-17.1683,32.9528,328.8,2023-09-17,1139,D,0
-17.1698,32.941,329.6,2023-09-17,1139,D,0
-17.8083,27.5568,328.7,2023-09-17,1139,D,0
-17.3617,31.2503,332.9,2023-09-17,1139,D,0
-17.4658,30.3791,377.1,2023-09-17,1139,D,0
-17.4679,30.361,337.2,2023-09-17,1139,D,0
-17.5752,29.4285,327.8,2023-09-17,1139,D,0
-17.3636,31.139,336.9,2023-09-17,1139,D,0
-17.3846,30.9634,332.9,2023-09-17,1139,D,0
-17.3866,30.9464,339.3,2023-09-17,1139,D,0
-17.3187,31.4157,330.2,2023-09-17,1139,D,0
-17.4933,29.9219,340.3,2023-09-17,1139,D,0
-17.3058,31.4289,343.1,2023-09-17,1139,D,0
-17.3075,31.4141,347.0,2023-09-17,1139,D,0
-17.3275,31.2469,330.6,2023-09-17,1139,D,0
-17.2575,31.7369,329.0,2023-09-17,1139,D,0
-17.4131,30.2979,344.8,2023-09-17,1139,D,0
-17.4152,30.2794,344.2,2023-09-17,1139,D,0
-17.2553,31.7306,331.3,2023-09-17,1139,D,0
-17.3176,31.238,328.5,2023-09-17,1139,D,0
-17.4217,30.2922,353.8,2023-09-17,1139,D,0
-17.4623,29.9515,328.9,2023-09-17,1139,D,0
-17.3694,30.523,329.6,2023-09-17,1139,D,0
-17.2136,31.7081,338.4,2023-09-17,1139,D,0
-17.2154,31.6938,327.9,2023-09-17,1139,D,0
-17.5004,29.2806,327.9,2023-09-17,1139,D,0
-17.4678,29.4522,330.0,2023-09-17,1139,D,0
-17.1634,31.846,326.9,2023-09-17,1139,D,0
-17.1651,31.8318,325.4,2023-09-17,1139,D,0
-17.4469,31.6999,313.9,2023-09-17,1932,N,0
-17.4176,31.0588,301.8,2023-09-17,1932,N,0
-17.445,31.6932,309.8,2023-09-17,1932,N,0
-17.9196,31.3274,306.9,2023-09-17,1932,N,0
-17.7301,31.2626,301.7,2023-09-17,1932,N,0
-17.733,31.2336,316.7,2023-09-17,1932,N,0
-17.6658,31.4584,302.0,2023-09-17,1932,N,0
-17.5812,31.9859,305.4,2023-09-17,1932,N,0
-17.5839,31.9606,315.0,2023-09-17,1932,N,0
-17.7238,30.393,313.3,2023-09-17,1932,N,0
-17.7154,30.3868,303.9,2023-09-17,1932,N,0
-17.4202,31.0536,303.8,2023-09-17,1932,N,0
-17.102,31.5271,305.0,2023-09-17,1932,N,0
-17.1008,31.5204,301.2,2023-09-17,1932,N,0
-17.1628,30.6003,302.4,2023-09-17,1932,N,0
-17.0902,30.4203,303.8,2023-09-17,1932,N,0
-16.7438,31.0308,301.6,2023-09-17,1932,N,0
-16.7456,31.0255,303.9,2023-09-17,1932,N,0
-16.7219,30.0764,303.5,2023-09-17,1932,N,0
-16.5488,31.1731,303.5,2023-09-17,1932,N,0
-16.3721,29.5255,308.3,2023-09-18,9,N,0
-16.4181,30.1356,308.7,2023-09-18,9,N,0
-17.1966,30.6802,301.6,2023-09-18,9,N,0
-16.3818,30.1653,306.9,2023-09-18,9,N,0
-16.7833,29.9229,329.0,2023-09-18,9,N,0
-16.6758,29.4268,305.7,2023-09-18,9,N,0
-16.6709,29.4328,304.4,2023-09-18,9,N,0
-18.3696,26.4837,307.4,2023-09-18,9,N,0
-17.4044,30.709,323.8,2023-09-18,9,N,0
-17.192,30.6766,305.6,2023-09-18,9,N,0
-17.9408,25.7877,321.9,2023-09-18,802,D,0
-17.9422,25.7973,333.4,2023-09-18,802,D,0
-18.6781,31.1126,326.2,2023-09-18,802,D,0
-18.6797,31.1262,328.2,2023-09-18,802,D,0
-18.6993,31.11,339.7,2023-09-18,802,D,0
-16.3782,30.3021,317.4,2023-09-18,802,D,0
-16.3879,30.3005,320.4,2023-09-18,802,D,0
-16.2985,29.5519,318.0,2023-09-18,802,D,0
-16.3092,29.5607,317.0,2023-09-18,802,D,0
-16.4107,30.1732,321.2,2023-09-18,802,D,0
-16.4121,30.1842,323.8,2023-09-18,802,D,0
-16.5426,31.1839,321.8,2023-09-18,802,D,0
-16.5443,31.1967,323.0,2023-09-18,802,D,0
-16.3683,29.7849,336.3,2023-09-18,802,D,0
-16.3697,29.7956,329.6,2023-09-18,802,D,0
-16.3777,29.7837,317.2,2023-09-18,802,D,0
-16.4338,30.1258,319.8,2023-09-18,802,D,0
-16.4407,30.1519,317.6,2023-09-18,802,D,0
-16.3665,29.5154,323.1,2023-09-18,802,D,0
-16.3678,29.5255,321.9,2023-09-18,802,D,0
-16.5566,29.9636,319.8,2023-09-18,802,D,0
-16.5581,29.9744,326.0,2023-09-18,802,D,0
-16.6682,30.504,322.0,2023-09-18,802,D,0
-16.7725,31.299,317.3,2023-09-18,802,D,0
-16.6686,30.4981,326.1,2023-09-18,802,D,0
-16.6771,30.4858,327.4,2023-09-18,802,D,0
-16.6785,30.4973,337.2,2023-09-18,802,D,0
-16.7187,30.5742,320.5,2023-09-18,802,D,0
-16.8653,31.3075,318.7,2023-09-18,802,D,0
-16.8933,31.3103,319.1,2023-09-18,802,D,0
-16.7753,30.1535,319.8,2023-09-18,802,D,0
-16.7851,30.1522,327.5,2023-09-18,802,D,0
-16.7878,29.9228,319.4,2023-09-18,802,D,0
-16.7892,29.9336,319.5,2023-09-18,802,D,0
-16.8631,30.5065,323.3,2023-09-18,802,D,0
-16.9247,30.7497,318.7,2023-09-18,802,D,0
-16.9293,30.7852,325.5,2023-09-18,802,D,0
-17.0809,31.9112,318.1,2023-09-18,802,D,0
-16.8856,30.2922,323.6,2023-09-18,802,D,0
-17.0402,31.3244,318.5,2023-09-18,802,D,0
-16.847,29.5308,321.0,2023-09-18,802,D,0
-16.8484,29.5412,328.0,2023-09-18,802,D,0
-16.7944,29.0041,321.3,2023-09-18,802,D,0
-18.7009,31.1235,342.3,2023-09-18,802,D,0
-16.968,30.2976,319.2,2023-09-18,802,D,0
-17.1623,31.4793,323.6,2023-09-18,802,D,0
-16.9342,29.6399,321.0,2023-09-18,802,D,0
-16.9356,29.6504,326.7,2023-09-18,802,D,0
-17.1664,31.4728,317.8,2023-09-18,802,D,0
-16.9185,29.3785,319.4,2023-09-18,802,D,0
-17.163,31.2698,329.1,2023-09-18,802,D,0
-16.9055,29.1438,322.1,2023-09-18,802,D,0
-17.0898,30.4504,321.9,2023-09-18,802,D,0
-17.0913,30.462,325.0,2023-09-18,802,D,0
-16.9721,29.4229,321.0,2023-09-18,802,D,0
-16.9735,29.4332,327.0,2023-09-18,802,D,0
-17.1676,30.891,323.0,2023-09-18,802,D,0
-16.9787,29.4012,319.9,2023-09-18,802,D,0
-16.9801,29.4114,375.1,2023-09-18,802,D,0
-16.9815,29.4217,379.4,2023-09-18,802,D,0
-16.9829,29.432,352.0,2023-09-18,802,D,0
-16.9853,29.4044,367.3,2023-09-18,802,D,0
-16.9866,29.4147,405.1,2023-09-18,802,D,0
-16.988,29.425,352.4,2023-09-18,802,D,0
-17.2378,31.1344,324.2,2023-09-18,802,D,0
-17.1695,30.2812,321.4,2023-09-18,802,D,0
-18.6583,29.8894,371.7,2023-09-18,802,D,0
-17.3066,31.2581,368.2,2023-09-18,802,D,0
-16.9222,28.2027,322.4,2023-09-18,802,D,0
-16.9235,28.2122,321.7,2023-09-18,802,D,0
-17.2205,30.4322,323.3,2023-09-18,802,D,0
-17.0852,29.3217,327.4,2023-09-18,802,D,0
-17.0781,29.199,320.5,2023-09-18,802,D,0
-17.2394,30.1154,327.4,2023-09-18,802,D,0
-17.3049,31.245,319.5,2023-09-18,802,D,0
-18.6598,29.9008,321.9,2023-09-18,802,D,0
-18.5916,29.1654,316.2,2023-09-18,802,D,0
-18.2374,26.2842,321.9,2023-09-18,802,D,0
-18.3678,26.4784,325.5,2023-09-18,802,D,0
-18.3954,26.6654,321.0,2023-09-18,802,D,0
-19.7098,29.8217,315.5,2023-09-18,802,D,0
-17.3491,30.9573,319.7,2023-09-18,802,D,0
-17.3507,30.9698,318.6,2023-09-18,802,D,0
-17.4421,31.6925,333.8,2023-09-18,802,D,0
-17.4438,31.7068,318.3,2023-09-18,802,D,0
-17.3529,30.9054,322.2,2023-09-18,802,D,0
-17.45,31.4585,319.2,2023-09-18,802,D,0
-17.1585,28.707,319.7,2023-09-18,802,D,0
-17.3997,29.4696,321.7,2023-09-18,802,D,0
-17.3948,28.8239,320.5,2023-09-18,802,D,0
-17.3962,28.8337,322.7,2023-09-18,802,D,0
-17.6903,30.7588,317.3,2023-09-18,802,D,0
-17.5482,29.604,327.9,2023-09-18,802,D,0
-17.6685,30.3509,321.5,2023-09-18,802,D,0
-17.7554,30.3933,321.2,2023-09-18,802,D,0
-17.7654,30.3919,325.0,2023-09-18,802,D,0
-17.9933,30.1121,335.5,2023-09-18,802,D,0
-17.9941,30.1056,329.9,2023-09-18,802,D,0
-17.9955,30.117,325.5,2023-09-18,802,D,0
-17.7959,27.5501,322.3,2023-09-18,802,D,0
-17.7973,27.5594,331.7,2023-09-18,802,D,0
-17.8209,27.6607,319.2,2023-09-18,802,D,0
-18.4256,31.5979,347.6,2023-09-18,802,D,0
-18.4274,31.6123,326.0,2023-09-18,802,D,0
-19.6904,28.335,341.4,2023-09-18,803,D,0
-19.689,28.325,321.5,2023-09-18,803,D,0
-19.4897,29.5729,325.8,2023-09-18,1220,D,0
-20.4362,29.1075,329.7,2023-09-18,1220,D,0
-20.5108,28.6322,321.5,2023-09-18,1220,D,0
-20.4072,29.2279,321.5,2023-09-18,1220,D,0
-20.3975,29.2261,322.9,2023-09-18,1220,D,0
-19.7233,31.0684,327.2,2023-09-18,1220,D,0
-19.1987,31.7559,327.4,2023-09-18,1220,D,0
-19.3008,29.8528,323.9,2023-09-18,1220,D,0
-18.6301,30.9808,322.3,2023-09-18,1220,D,0
-18.619,30.9787,330.7,2023-09-18,1220,D,0
-18.7382,30.2111,325.6,2023-09-18,1220,D,0
-18.7404,30.1978,332.5,2023-09-18,1220,D,0
-18.5452,30.8651,351.2,2023-09-18,1220,D,0
-18.5478,30.8502,326.1,2023-09-18,1220,D,0
-18.6682,29.8816,328.4,2023-09-18,1220,D,0
-18.252,32.0232,325.2,2023-09-18,1220,D,0
-18.2552,32.005,322.8,2023-09-18,1220,D,0
-18.1849,32.1857,326.4,2023-09-18,1220,D,0
-18.182,32.178,325.9,2023-09-18,1220,D,0
-18.5942,29.154,340.5,2023-09-18,1220,D,0
-18.5961,29.1423,341.8,2023-09-18,1220,D,0
-18.5949,29.1483,343.8,2023-09-18,1220,D,0
-18.5832,29.1583,330.1,2023-09-18,1220,D,0
-18.585,29.1466,336.0,2023-09-18,1220,D,0
-18.0627,31.7706,329.0,2023-09-18,1220,D,0
-18.0692,31.7648,323.4,2023-09-18,1220,D,0
-18.0696,31.5505,324.7,2023-09-18,1220,D,0
-18.005,31.5038,357.5,2023-09-18,1220,D,0
-18.102,30.9585,334.2,2023-09-18,1220,D,0
-18.1047,30.9431,336.7,2023-09-18,1220,D,0
-18.1042,30.9533,340.5,2023-09-18,1220,D,0
-18.1068,30.9379,324.7,2023-09-18,1220,D,0
-17.9966,31.5143,347.2,2023-09-18,1220,D,0
-17.9996,31.4971,348.2,2023-09-18,1220,D,0
-17.8488,31.4798,328.3,2023-09-18,1220,D,0
-17.8518,31.4629,415.2,2023-09-18,1220,D,0
-17.8549,31.4455,339.1,2023-09-18,1220,D,0
-17.7813,31.7886,327.4,2023-09-18,1220,D,0
-17.8371,31.4775,328.1,2023-09-18,1220,D,0
-17.8401,31.4606,352.9,2023-09-18,1220,D,0
-17.8434,31.4733,344.3,2023-09-18,1220,D,0
-17.8463,31.4562,348.9,2023-09-18,1220,D,0
-17.778,31.7827,332.5,2023-09-18,1220,D,0
-18.4448,27.1866,332.0,2023-09-18,1220,D,0
-18.4463,27.177,326.1,2023-09-18,1220,D,0
-18.4353,27.1884,329.1,2023-09-18,1220,D,0
-18.4368,27.1787,327.2,2023-09-18,1220,D,0
-18.4263,27.1868,324.8,2023-09-18,1220,D,0
-17.8884,30.4499,326.3,2023-09-18,1220,D,0
-17.6509,31.5533,337.0,2023-09-18,1220,D,0
-17.8594,30.357,333.7,2023-09-18,1220,D,0
-17.6435,31.5637,327.8,2023-09-18,1220,D,0
-17.6463,31.5472,326.8,2023-09-18,1220,D,0
-18.4041,26.6591,327.5,2023-09-18,1220,D,0
-17.6287,31.2977,336.5,2023-09-18,1220,D,0
-17.6316,31.2814,338.6,2023-09-18,1220,D,0
-17.741,30.5805,353.4,2023-09-18,1220,D,0
-17.746,30.5514,352.9,2023-09-18,1220,D,0
-17.73,30.5784,330.0,2023-09-18,1220,D,0
-17.7325,30.5639,323.8,2023-09-18,1220,D,0
-17.9608,29.2038,325.9,2023-09-18,1220,D,0
-17.8566,29.7691,325.6,2023-09-18,1220,D,0
-17.6214,31.0056,335.9,2023-09-18,1220,D,0
-17.4553,31.6841,333.7,2023-09-18,1220,D,0
-17.4337,31.7352,334.3,2023-09-18,1220,D,0
-17.4369,31.7177,344.7,2023-09-18,1220,D,0
-17.4432,31.682,331.5,2023-09-18,1220,D,0
-17.4599,31.4513,333.9,2023-09-18,1220,D,0
-17.4628,31.4347,333.5,2023-09-18,1220,D,0
-17.9731,28.4307,331.3,2023-09-18,1220,D,0
-18.1266,27.4544,324.9,2023-09-18,1220,D,0
-17.4308,31.7292,341.0,2023-09-18,1220,D,0
-17.4338,31.7115,330.5,2023-09-18,1220,D,0
-17.455,31.4448,335.1,2023-09-18,1220,D,0
-17.4432,31.4427,328.3,2023-09-18,1220,D,0
-17.4461,31.426,328.7,2023-09-18,1220,D,0
-17.6802,29.9127,323.5,2023-09-18,1220,D,0
-17.2411,31.7791,319.8,2023-09-18,1220,D,0
-17.2483,31.5731,325.5,2023-09-18,1220,D,0
-17.3542,30.9544,322.5,2023-09-18,1220,D,0
-17.3622,30.9072,323.6,2023-09-18,1220,D,0
-17.2273,31.6232,322.9,2023-09-18,1220,D,0
-17.3509,30.9047,323.0,2023-09-18,1220,D,0
-17.2153,31.6207,325.0,2023-09-18,1220,D,0
-17.2723,31.2238,325.9,2023-09-18,1220,D,0
-17.1747,31.4595,322.7,2023-09-18,1220,D,0
-17.1629,31.4571,321.4,2023-09-18,1220,D,0
-17.166,31.4391,320.9,2023-09-18,1220,D,0
-17.3187,30.4106,323.9,2023-09-18,1220,D,0
-17.7801,27.5534,326.3,2023-09-18,1220,D,0
-16.6735,30.4777,331.3,2023-09-18,1221,D,0
-16.7695,31.2812,337.3,2023-09-18,1221,D,0
-16.7724,31.2642,329.6,2023-09-18,1221,D,0
-17.093,29.1831,332.3,2023-09-18,1221,D,0
-17.0829,29.1814,335.6,2023-09-18,1221,D,0
-16.7655,31.0212,323.5,2023-09-18,1221,D,0
-16.754,31.0186,359.4,2023-09-18,1221,D,0
-16.941,29.8511,328.1,2023-09-18,1221,D,0
-16.9259,29.8762,328.8,2023-09-18,1221,D,0
-16.9281,29.8627,359.7,2023-09-18,1221,D,0
-16.9304,29.849,345.1,2023-09-18,1221,D,0
-17.0041,29.4073,346.6,2023-09-18,1221,D,0
-16.9979,29.3806,356.1,2023-09-18,1221,D,0
-16.9856,29.3914,344.9,2023-09-18,1221,D,0
-16.9876,29.379,386.6,2023-09-18,1221,D,0
-16.9897,29.3666,379.2,2023-09-18,1221,D,0
-16.9885,29.3853,348.4,2023-09-18,1221,D,0
-16.9905,29.3729,386.5,2023-09-18,1221,D,0
-16.9925,29.3604,325.7,2023-09-18,1221,D,0
-16.935,29.6511,322.0,2023-09-18,1221,D,0
-16.9371,29.6381,329.3,2023-09-18,1221,D,0
-16.9723,29.4206,327.9,2023-09-18,1221,D,0
-16.9743,29.4082,346.8,2023-09-18,1221,D,0
-16.9763,29.3958,338.5,2023-09-18,1221,D,0
-16.9783,29.3833,337.6,2023-09-18,1221,D,0
-16.7149,30.5679,325.1,2023-09-18,1221,D,0
-16.9167,29.3722,330.8,2023-09-18,1221,D,0
-16.6403,30.8824,326.5,2023-09-18,1221,D,0
-16.7801,29.9065,321.5,2023-09-18,1221,D,0
-16.7263,30.0966,324.9,2023-09-18,1221,D,0
-16.7286,30.0828,323.6,2023-09-18,1221,D,0
-16.5047,30.8534,328.8,2023-09-18,1221,D,0
-16.9225,28.1975,326.2,2023-09-18,1221,D,0
-16.4529,30.9458,322.8,2023-09-18,1221,D,0
-16.5728,30.2537,330.7,2023-09-18,1221,D,0
-16.5705,30.2623,323.9,2023-09-18,1221,D,0
-16.5729,30.248,324.0,2023-09-18,1221,D,0
-16.5519,30.17,323.8,2023-09-18,1221,D,0
-16.5543,30.1558,325.5,2023-09-18,1221,D,0
-16.6574,29.53,341.5,2023-09-18,1221,D,0
-16.6448,29.5412,343.8,2023-09-18,1221,D,0
-16.6469,29.5283,335.9,2023-09-18,1221,D,0
-16.5873,29.6928,322.1,2023-09-18,1221,D,0
-16.5529,29.666,334.4,2023-09-18,1221,D,0
-16.5551,29.6525,329.6,2023-09-18,1221,D,0
-16.4649,30.1333,329.4,2023-09-18,1221,D,0
-16.5423,29.6643,326.6,2023-09-18,1221,D,0
-16.5446,29.6507,328.0,2023-09-18,1221,D,0
-16.4029,30.3004,321.4,2023-09-18,1221,D,0
-16.4226,30.1842,331.9,2023-09-18,1221,D,0
-16.425,30.1698,328.8,2023-09-18,1221,D,0
-16.4321,30.1278,330.9,2023-09-18,1221,D,0
-16.4345,30.114,333.7,2023-09-18,1221,D,0
-16.451,30.0159,323.4,2023-09-18,1221,D,0
-16.4116,30.1825,334.7,2023-09-18,1221,D,0
-16.3942,30.1446,324.9,2023-09-18,1221,D,0
-16.1026,30.511,327.1,2023-09-18,1221,D,0
-17.1659,31.2301,335.5,2023-09-18,1221,D,0
-17.1688,31.2132,326.9,2023-09-18,1221,D,0
-17.9536,26.1503,333.2,2023-09-18,1221,D,0
-17.297,30.195,361.6,2023-09-18,1221,D,0
-17.2993,30.1809,380.4,2023-09-18,1221,D,0
-17.3399,29.9347,323.9,2023-09-18,1221,D,0
-17.169,30.889,327.0,2023-09-18,1221,D,0
-17.0757,31.2924,321.7,2023-09-18,1221,D,0
-17.9419,25.7895,334.5,2023-09-18,1221,D,0
-17.9432,25.7802,335.2,2023-09-18,1221,D,0
-17.2938,29.8846,323.2,2023-09-18,1221,D,0
-17.3458,29.5736,323.8,2023-09-18,1221,D,0
-17.1219,30.4821,327.6,2023-09-18,1221,D,0
-17.1367,30.3947,325.0,2023-09-18,1221,D,0
-17.2625,29.6431,327.6,2023-09-18,1221,D,0
-17.2521,29.6411,345.3,2023-09-18,1221,D,0
-17.3019,28.9035,327.7,2023-09-18,1221,D,0
-16.9986,30.6695,326.0,2023-09-18,1221,D,0
-17.2919,28.9018,336.2,2023-09-18,1221,D,0
-17.2938,28.8901,327.2,2023-09-18,1221,D,0
-17.2395,29.0986,336.1,2023-09-18,1221,D,0
-17.2294,29.0968,346.4,2023-09-18,1221,D,0
-16.8796,31.0987,324.4,2023-09-18,1221,D,0
-16.7861,31.29,322.4,2023-09-18,1221,D,0
-16.7743,31.2875,340.8,2023-09-18,1221,D,0
-16.7655,31.2687,339.6,2023-09-18,1221,D,0
-16.7665,31.2987,333.5,2023-09-18,1221,D,0
-17.1373,30.6516,303.4,2023-09-18,2013,N,0
-18.7521,30.179,303.4,2023-09-18,2013,N,0
-18.7131,29.8034,310.7,2023-09-18,2013,N,0
-18.5431,30.8651,304.6,2023-09-18,2013,N,0
-18.4817,30.6533,307.2,2023-09-18,2013,N,0
-18.5168,30.2825,302.3,2023-09-18,2013,N,0
-18.3287,30.1826,304.6,2023-09-18,2013,N,0
-17.6043,31.4794,324.4,2023-09-18,2013,N,0
-17.6058,31.4693,307.3,2023-09-18,2013,N,0
-17.5017,31.6763,302.3,2023-09-18,2013,N,0
-16.5371,29.1854,309.4,2023-09-18,2013,N,0
-16.3947,30.1874,308.2,2023-09-18,2013,N,0
-16.3769,30.3099,305.3,2023-09-18,2013,N,0
-16.4036,30.1888,317.9,2023-09-18,2013,N,0
-16.3962,30.3031,307.1,2023-09-18,2013,N,0
-16.4333,30.1741,306.7,2023-09-18,2013,N,0
-16.4593,30.1209,330.2,2023-09-18,2013,N,0
-16.4363,30.2804,310.1,2023-09-18,2013,N,0
-16.4683,30.1223,307.7,2023-09-18,2013,N,0
-16.4467,30.2725,304.7,2023-09-18,2013,N,0
-16.4453,30.282,310.6,2023-09-18,2013,N,0
-16.4781,30.1201,315.3,2023-09-18,2013,N,0
-16.4768,30.1294,306.5,2023-09-18,2013,N,0
-16.5745,29.5745,305.3,2023-09-18,2013,N,0
-16.5172,30.04,308.4,2023-09-18,2013,N,0
-16.4488,30.9446,306.7,2023-09-18,2013,N,0
-16.6713,29.6053,305.5,2023-09-18,2013,N,0
-16.67,29.6146,323.3,2023-09-18,2013,N,0
-16.6914,29.6557,313.6,2023-09-18,2013,N,0
-16.7472,29.3244,305.2,2023-09-18,2013,N,0
-16.6725,30.9318,325.8,2023-09-18,2013,N,0
-16.6711,30.9416,321.4,2023-09-18,2013,N,0
-16.9856,29.332,328.9,2023-09-18,2013,N,0
-16.7102,31.6164,303.4,2023-09-18,2013,N,0
-16.8386,30.9915,304.9,2023-09-18,2013,N,0
-16.8656,30.9356,308.6,2023-09-18,2013,N,0
-16.9863,30.9311,303.7,2023-09-18,2013,N,0
-17.2175,29.4527,307.0,2023-09-18,2013,N,0
-17.1224,30.4389,303.1,2023-09-18,2013,N,0
-17.0871,30.7452,321.6,2023-09-18,2013,N,0
-17.0857,30.7548,311.7,2023-09-18,2013,N,0
-18.8337,30.5122,301.8,2023-09-18,2013,N,0
-17.1359,30.6612,306.7,2023-09-18,2013,N,0
-17.2867,30.1918,302.5,2023-09-18,2013,N,0
-17.1544,31.2816,304.2,2023-09-18,2013,N,0
-17.2977,31.128,300.9,2023-09-18,2013,N,0
-17.4128,31.1632,316.4,2023-09-18,2013,N,0
-17.5203,30.5527,308.6,2023-09-18,2013,N,0
-17.6495,30.4248,303.2,2023-09-18,2013,N,0
-18.8427,30.5136,317.7,2023-09-18,2013,N,0
-20.8866,32.3388,358.8,2023-09-19,706,D,0
-20.8921,32.3662,323.2,2023-09-19,706,D,0
-20.8805,32.3186,316.4,2023-09-19,706,D,0
-20.8859,32.3462,358.8,2023-09-19,706,D,0
-20.8912,32.3737,315.3,2023-09-19,706,D,0
-20.0123,30.7158,335.2,2023-09-19,1123,D,0
-16.9483,31.2098,325.1,2023-09-19,1124,D,0
-20.0059,30.7109,331.8,2023-09-19,1124,D,0
-19.7683,29.9744,320.9,2023-09-19,1124,D,0
-19.6806,30.587,326.2,2023-09-19,1124,D,0
-19.7661,29.9704,321.2,2023-09-19,1124,D,0
-19.6746,30.5821,326.0,2023-09-19,1124,D,0
-19.1094,31.8812,324.5,2023-09-19,1124,D,0
-18.9972,31.0067,325.0,2023-09-19,1124,D,0
-19.0028,31.0002,321.5,2023-09-19,1124,D,0
-18.8684,30.184,321.6,2023-09-19,1124,D,0
-18.7621,30.6171,342.7,2023-09-19,1124,D,0
-18.7653,30.5814,320.3,2023-09-19,1124,D,0
-18.8639,30.1795,322.0,2023-09-19,1124,D,0
-18.755,30.612,352.7,2023-09-19,1124,D,0
-18.6309,31.4141,325.7,2023-09-19,1124,D,0
-18.5598,30.8606,324.7,2023-09-19,1124,D,0
-18.5509,30.8556,328.6,2023-09-19,1124,D,0
-18.411,31.941,319.7,2023-09-19,1124,D,0
-18.4782,31.1118,323.5,2023-09-19,1124,D,0
-18.3539,31.8997,330.6,2023-09-19,1124,D,0
-18.2711,31.8308,327.7,2023-09-19,1124,D,0
-18.2563,31.8296,320.1,2023-09-19,1124,D,0
-18.2157,31.9374,319.4,2023-09-19,1124,D,0
-18.2185,31.9092,325.9,2023-09-19,1124,D,0
-18.2139,31.9295,321.0,2023-09-19,1124,D,0
-18.2669,30.1257,320.8,2023-09-19,1124,D,0
-18.0487,31.6516,325.8,2023-09-19,1124,D,0
-18.063,31.5072,322.8,2023-09-19,1124,D,0
-18.1327,30.6161,327.7,2023-09-19,1124,D,0
-18.0486,31.6445,324.5,2023-09-19,1124,D,0
-18.064,31.5,320.1,2023-09-19,1124,D,0
-18.1206,30.642,343.8,2023-09-19,1124,D,0
-18.124,30.6078,324.1,2023-09-19,1124,D,0
-17.7568,32.859,320.3,2023-09-19,1124,D,0
-17.7592,32.8753,321.5,2023-09-19,1124,D,0
-17.8446,31.432,347.4,2023-09-19,1124,D,0
-17.8316,31.4254,326.1,2023-09-19,1124,D,0
-17.6636,31.8562,321.9,2023-09-19,1124,D,0
-17.6196,31.5681,345.8,2023-09-19,1124,D,0
-17.6225,31.5392,324.8,2023-09-19,1124,D,0
-17.6205,31.5631,347.9,2023-09-19,1124,D,0
-17.7052,29.3832,322.3,2023-09-19,1124,D,0
-17.5045,31.5144,348.4,2023-09-19,1124,D,0
-17.6996,29.4179,321.6,2023-09-19,1124,D,0
-17.4776,31.3363,320.5,2023-09-19,1124,D,0
-17.4335,31.6195,331.5,2023-09-19,1124,D,0
-17.4867,31.0939,323.3,2023-09-19,1124,D,0
-17.4187,31.6177,323.7,2023-09-19,1124,D,0
-17.4673,31.4461,321.7,2023-09-19,1124,D,0
-17.4337,31.6148,334.6,2023-09-19,1124,D,0
-17.419,31.6129,322.3,2023-09-19,1124,D,0
-17.3688,31.8027,325.4,2023-09-19,1124,D,0
-17.2211,31.1987,323.2,2023-09-19,1124,D,0
-17.2894,30.1842,320.1,2023-09-19,1124,D,0
-17.2085,30.8577,324.4,2023-09-19,1124,D,0
-17.2232,31.1915,329.6,2023-09-19,1124,D,0
-17.2264,31.1617,325.2,2023-09-19,1124,D,0
-17.2284,30.8532,334.0,2023-09-19,1124,D,0
-17.2316,30.8229,319.5,2023-09-19,1124,D,0
-17.2129,30.8513,326.3,2023-09-19,1124,D,0
-17.0312,31.2874,326.9,2023-09-19,1124,D,0
-17.0324,31.2804,327.2,2023-09-19,1124,D,0
-16.9944,30.9127,321.8,2023-09-19,1124,D,0
-17.1801,29.0282,322.3,2023-09-19,1124,D,0
-17.1809,29.0248,322.7,2023-09-19,1124,D,0
-16.9356,31.2037,325.2,2023-09-19,1124,D,0
-16.7342,30.5022,332.4,2023-09-19,1124,D,0
-16.737,30.5287,319.5,2023-09-19,1124,D,0
-16.7405,30.4958,328.5,2023-09-19,1124,D,0
-16.6735,30.522,319.2,2023-09-19,1124,D,0
-16.6769,30.4884,321.5,2023-09-19,1124,D,0
-16.5016,30.5919,321.5,2023-09-19,1124,D,0
-16.5416,29.1395,325.3,2023-09-19,1124,D,0
-20.4477,28.462,303.9,2023-09-19,2053,N,0
-20.4467,28.4551,306.9,2023-09-19,2053,N,0
-20.4334,28.4586,303.3,2023-09-19,2053,N,0
-16.538,29.1359,309.7,2023-09-19,2354,N,0
-16.6675,29.6768,300.9,2023-09-19,2354,N,0
-17.8018,30.4599,307.3,2023-09-19,2354,N,0
-17.8103,30.4465,323.6,2023-09-19,2354,N,0
-17.8119,30.4585,340.9,2023-09-19,2354,N,0
-17.6342,27.9897,314.0,2023-09-19,2354,N,0
-17.6433,27.9883,301.8,2023-09-19,2354,N,0
-17.6446,27.9977,301.5,2023-09-19,2354,N,0
-17.6356,27.9991,307.0,2023-09-19,2354,N,0
-16.3952,30.0663,304.2,2023-09-19,2354,N,0
-16.379,29.5869,301.0,2023-09-19,2354,N,0
-18.3705,26.4817,309.8,2023-09-19,2355,N,0
-19.588,30.2641,301.5,2023-09-19,2355,N,0
-19.8446,27.1683,302.0,2023-09-19,2355,N,0
-20.4208,28.4602,333.3,2023-09-19,2355,N,0
-20.4222,28.4706,329.9,2023-09-19,2355,N,0
-20.4302,28.4589,311.3,2023-09-19,2355,N,0
-20.4395,28.4575,324.1,2023-09-19,2355,N,0
-20.4409,28.4678,321.1,2023-09-19,2355,N,0
-20.4489,28.4561,315.8,2023-09-19,2355,N,0
-16.7179,31.9556,319.8,2023-09-20,745,D,0
-16.1618,30.3726,324.6,2023-09-20,745,D,0
-16.3842,30.3196,320.5,2023-09-20,745,D,0
-16.3933,30.3182,322.5,2023-09-20,745,D,0
-16.4194,30.1893,321.3,2023-09-20,745,D,0
-16.4209,30.1991,324.6,2023-09-20,745,D,0
-16.7748,31.1423,324.7,2023-09-20,745,D,0
-16.7837,31.1409,328.7,2023-09-20,745,D,0
-17.1182,31.7885,320.8,2023-09-20,745,D,0
-17.1195,31.7977,323.2,2023-09-20,745,D,0
-17.0074,30.7837,327.0,2023-09-20,745,D,0
-17.0088,30.793,335.3,2023-09-20,745,D,0
-17.0164,30.7823,354.2,2023-09-20,745,D,0
-17.0178,30.7916,338.1,2023-09-20,745,D,0
-16.8424,29.5741,321.8,2023-09-20,745,D,0
-17.0253,30.7809,332.7,2023-09-20,745,D,0
-17.3249,32.7993,320.4,2023-09-20,745,D,0
-16.8133,28.9832,324.5,2023-09-20,745,D,0
-17.0797,30.6506,339.7,2023-09-20,745,D,0
-17.2086,30.8348,324.8,2023-09-20,745,D,0
-17.1913,30.0448,322.3,2023-09-20,745,D,0
-17.1928,30.0545,328.6,2023-09-20,745,D,0
-17.3745,30.7103,325.2,2023-09-20,745,D,0
-17.5861,31.5246,333.7,2023-09-20,745,D,0
-17.5329,31.0975,330.3,2023-09-20,745,D,0
-17.6323,31.5932,321.4,2023-09-20,745,D,0
-17.3557,29.2507,323.7,2023-09-20,745,D,0
-17.4663,29.9718,336.7,2023-09-20,745,D,0
-17.4678,29.9816,337.5,2023-09-20,745,D,0
-17.6773,31.2679,320.6,2023-09-20,745,D,0
-17.7893,31.9757,345.7,2023-09-20,745,D,0
-17.7906,31.9851,330.6,2023-09-20,745,D,0
-17.5912,30.4936,323.3,2023-09-20,745,D,0
-17.8509,32.024,330.1,2023-09-20,745,D,0
-17.8522,32.0335,324.3,2023-09-20,745,D,0
-17.8197,31.4797,322.4,2023-09-20,745,D,0
-17.8142,30.4453,336.1,2023-09-20,745,D,0
-17.8156,30.4548,344.0,2023-09-20,745,D,0
-17.8232,30.4439,328.0,2023-09-20,745,D,0
-17.8246,30.4533,338.1,2023-09-20,745,D,0
-17.8611,30.509,321.1,2023-09-20,745,D,0
-18.1618,31.9424,323.0,2023-09-20,745,D,0
-18.0174,30.7558,329.2,2023-09-20,745,D,0
-17.6045,28.033,322.8,2023-09-20,745,D,0
-17.6064,28.0449,324.3,2023-09-20,745,D,0
-17.6344,28.0281,319.1,2023-09-20,745,D,0
-17.9058,29.7682,323.1,2023-09-20,745,D,0
-17.915,29.7667,339.6,2023-09-20,745,D,0
-18.0314,30.5427,322.0,2023-09-20,745,D,0
-20.4019,29.3177,321.5,2023-09-20,746,D,0
-20.4533,28.4597,334.8,2023-09-20,746,D,0
-18.1615,30.056,322.8,2023-09-20,746,D,0
-18.457,31.3659,335.1,2023-09-20,746,D,0
-18.4659,31.3646,321.3,2023-09-20,746,D,0
-17.9183,27.6905,331.6,2023-09-20,746,D,0
-18.5569,31.6177,328.1,2023-09-20,746,D,0
-18.7507,32.2053,323.5,2023-09-20,746,D,0
-18.8124,32.0531,327.6,2023-09-20,746,D,0
-18.7792,31.4313,336.7,2023-09-20,746,D,0
-18.7806,31.4406,346.4,2023-09-20,746,D,0
-18.7819,31.45,326.2,2023-09-20,746,D,0
-18.7895,31.4392,331.9,2023-09-20,746,D,0
-18.9102,30.2518,328.8,2023-09-20,746,D,0
-18.9116,30.2613,339.4,2023-09-20,746,D,0
-18.9204,30.2538,339.3,2023-09-20,746,D,0
-18.9218,30.2633,326.4,2023-09-20,746,D,0
-19.0857,31.2535,339.5,2023-09-20,746,D,0
-19.0871,31.2629,324.2,2023-09-20,746,D,0
-19.0946,31.2521,346.4,2023-09-20,746,D,0
-20.4885,28.5619,318.3,2023-09-20,746,D,0
-21.3706,30.6879,320.8,2023-09-20,746,D,0
-19.096,31.2615,323.7,2023-09-20,746,D,0
-19.1273,30.6573,321.0,2023-09-20,746,D,0
-19.1287,30.6667,324.4,2023-09-20,746,D,0
-19.0091,29.5654,337.7,2023-09-20,746,D,0
-19.0107,29.5752,337.3,2023-09-20,746,D,0
-19.0182,29.5639,342.5,2023-09-20,746,D,0
-19.0198,29.5738,341.9,2023-09-20,746,D,0
-19.2392,30.7294,330.6,2023-09-20,746,D,0
-19.1027,29.6903,329.2,2023-09-20,746,D,0
-19.3896,31.4465,326.9,2023-09-20,746,D,0
-19.3909,31.4559,335.3,2023-09-20,746,D,0
-19.5067,30.7923,323.6,2023-09-20,746,D,0
-19.4795,29.7424,328.5,2023-09-20,746,D,0
-19.6971,31.0852,325.3,2023-09-20,746,D,0
-19.6985,31.0946,329.8,2023-09-20,746,D,0
-19.6895,29.9122,328.1,2023-09-20,746,D,0
-20.2633,28.8328,328.6,2023-09-20,746,D,0
-20.2649,28.843,336.0,2023-09-20,746,D,0
-20.3507,29.4036,320.5,2023-09-20,746,D,0
-20.4978,28.5601,318.4,2023-09-20,746,D,0
-20.3581,29.3958,326.3,2023-09-20,746,D,0
-20.3596,29.4056,330.1,2023-09-20,746,D,0
-20.3944,29.3291,320.3,2023-09-20,746,D,0
-20.4004,29.3078,333.9,2023-09-20,746,D,0
-20.2112,28.1361,335.7,2023-09-20,1205,D,0
-21.1118,31.4504,326.6,2023-09-20,1205,D,0
-21.1133,31.4406,339.4,2023-09-20,1205,D,0
-20.9522,29.0504,328.7,2023-09-20,1205,D,0
-20.3659,31.9344,329.7,2023-09-20,1205,D,0
-20.2625,32.5374,325.0,2023-09-20,1205,D,0
-20.4083,31.2883,330.8,2023-09-20,1205,D,0
-20.5116,30.5962,325.8,2023-09-20,1205,D,0
-20.5013,30.6042,326.5,2023-09-20,1205,D,0
-20.5027,30.5947,326.6,2023-09-20,1205,D,0
-20.4004,29.3116,327.7,2023-09-20,1205,D,0
-20.5027,28.5617,328.9,2023-09-20,1205,D,0
-20.5041,28.5513,334.8,2023-09-20,1205,D,0
-20.3916,29.3144,338.1,2023-09-20,1205,D,0
-20.393,29.3048,359.3,2023-09-20,1205,D,0
-20.3943,29.2952,344.4,2023-09-20,1205,D,0
-20.497,28.5551,339.9,2023-09-20,1205,D,0
-20.3839,29.3034,340.8,2023-09-20,1205,D,0
-20.0632,31.1935,326.5,2023-09-20,1205,D,0
-20.0647,31.1838,324.9,2023-09-20,1205,D,0
-20.4212,28.6978,326.1,2023-09-20,1205,D,0
-20.4527,28.4653,331.7,2023-09-20,1205,D,0
-20.0183,31.3057,325.9,2023-09-20,1205,D,0
-20.4222,28.4814,333.1,2023-09-20,1205,D,0
-20.4235,28.4713,337.4,2023-09-20,1205,D,0
-20.4157,28.4738,330.2,2023-09-20,1205,D,0
-19.9805,31.004,327.1,2023-09-20,1205,D,0
-19.9825,30.2411,326.3,2023-09-20,1205,D,0
-19.9839,30.2316,333.9,2023-09-20,1205,D,0
-20.2192,28.1479,349.0,2023-09-20,1205,D,0
-20.2206,28.1375,328.0,2023-09-20,1205,D,0
-19.7648,31.2728,374.5,2023-09-20,1205,D,0
-19.7663,31.2631,365.9,2023-09-20,1205,D,0
-20.2099,28.1465,327.6,2023-09-20,1205,D,0
-19.7557,31.2713,353.8,2023-09-20,1205,D,0
-19.7572,31.2616,337.9,2023-09-20,1205,D,0
-20.1229,28.7241,337.9,2023-09-20,1205,D,0
-20.1243,28.7142,342.5,2023-09-20,1205,D,0
-20.2019,28.1346,333.0,2023-09-20,1205,D,0
-20.1151,28.7128,333.8,2023-09-20,1205,D,0
-19.9334,29.8211,326.3,2023-09-20,1205,D,0
-19.7029,31.077,332.4,2023-09-20,1205,D,0
-19.6189,31.5053,328.3,2023-09-20,1205,D,0
-19.8017,30.2183,326.0,2023-09-20,1205,D,0
-19.5353,31.3362,328.5,2023-09-20,1205,D,0
-19.5367,31.3263,337.2,2023-09-20,1205,D,0
-19.6917,29.9049,330.4,2023-09-20,1205,D,0
-19.7456,29.5267,339.2,2023-09-20,1205,D,0
-19.3867,31.4562,330.2,2023-09-20,1205,D,0
-19.3882,31.4462,330.7,2023-09-20,1205,D,0
-19.3898,31.4363,328.2,2023-09-20,1205,D,0
-19.4107,31.2376,324.3,2023-09-20,1205,D,0
-19.3585,31.1625,342.1,2023-09-20,1205,D,0
-19.4987,30.0924,332.2,2023-09-20,1205,D,0
-19.5001,30.083,329.6,2023-09-20,1205,D,0
-19.4174,30.2653,330.1,2023-09-20,1205,D,0
-19.4654,29.3602,327.9,2023-09-20,1205,D,0
-19.4537,29.3777,363.0,2023-09-20,1205,D,0
-19.4551,29.3682,345.3,2023-09-20,1205,D,0
-19.2501,30.717,330.8,2023-09-20,1205,D,0
-19.1879,31.0714,329.6,2023-09-20,1205,D,0
-19.2412,30.7155,329.6,2023-09-20,1205,D,0
-19.2556,30.494,326.3,2023-09-20,1205,D,0
-19.1053,31.2474,330.9,2023-09-20,1205,D,0
-19.1379,30.6624,328.1,2023-09-20,1205,D,0
-19.1394,30.6529,328.1,2023-09-20,1205,D,0
-19.0189,31.2663,325.3,2023-09-20,1205,D,0
-19.1463,30.4208,340.8,2023-09-20,1205,D,0
-19.1477,30.4114,332.6,2023-09-20,1205,D,0
-19.0218,31.1863,329.9,2023-09-20,1205,D,0
-19.1637,30.2401,331.1,2023-09-20,1205,D,0
-19.1683,29.831,328.5,2023-09-20,1205,D,0
-18.8618,31.8115,328.6,2023-09-20,1205,D,0
-19.0786,30.259,332.8,2023-09-20,1205,D,0
-19.08,30.2496,330.8,2023-09-20,1205,D,0
-19.0697,30.2575,339.4,2023-09-20,1205,D,0
-19.0711,30.2481,352.4,2023-09-20,1205,D,0
-18.6778,32.7007,326.0,2023-09-20,1205,D,0
-18.7556,32.2057,358.2,2023-09-20,1205,D,0
-18.7573,32.1953,372.7,2023-09-20,1205,D,0
-18.7461,32.2042,335.2,2023-09-20,1205,D,0
-18.7478,32.1935,349.8,2023-09-20,1205,D,0
-18.7316,32.2345,336.8,2023-09-20,1205,D,0
-18.9666,30.6995,337.4,2023-09-20,1205,D,0
-18.968,30.6899,334.8,2023-09-20,1205,D,0
-18.7204,32.2434,332.5,2023-09-20,1205,D,0
-18.7221,32.2326,337.5,2023-09-20,1205,D,0
-18.9576,30.698,346.7,2023-09-20,1205,D,0
-19.4157,27.4328,337.8,2023-09-20,1205,D,0
-18.9486,30.6965,350.8,2023-09-20,1205,D,0
-19.4061,27.4313,345.2,2023-09-20,1205,D,0
-18.6911,32.3051,329.6,2023-09-20,1205,D,0
-18.6928,32.294,349.9,2023-09-20,1205,D,0
-19.0717,29.7319,330.0,2023-09-20,1205,D,0
-18.7727,31.5635,329.7,2023-09-20,1205,D,0
-18.9232,30.25,331.2,2023-09-20,1205,D,0
-18.9575,30.0151,327.0,2023-09-20,1205,D,0
-18.8597,30.6173,333.8,2023-09-20,1205,D,0
-18.9025,30.2659,351.9,2023-09-20,1205,D,0
-18.9039,30.2565,336.5,2023-09-20,1205,D,0
-18.7355,31.0727,340.5,2023-09-20,1205,D,0
-18.737,31.063,339.8,2023-09-20,1205,D,0
-18.7385,31.0533,334.7,2023-09-20,1205,D,0
-18.7399,31.0435,345.7,2023-09-20,1205,D,0
-18.5986,31.9051,328.5,2023-09-20,1205,D,0
-18.7294,31.0517,351.9,2023-09-20,1205,D,0
-17.033,31.8327,326.1,2023-09-20,1206,D,0
-16.4888,29.7644,328.5,2023-09-20,1206,D,0
-16.4354,30.1871,334.6,2023-09-20,1206,D,0
-16.434,30.1965,361.6,2023-09-20,1206,D,0
-16.4458,30.1792,329.4,2023-09-20,1206,D,0
-16.6086,29.1294,335.6,2023-09-20,1206,D,0
-16.4235,30.5761,328.1,2023-09-20,1206,D,0
-16.7431,29.2197,352.4,2023-09-20,1206,D,0
-16.7418,29.229,344.0,2023-09-20,1206,D,0
-16.6908,29.581,331.8,2023-09-20,1206,D,0
-16.6894,29.5902,331.4,2023-09-20,1206,D,0
-16.7507,29.2304,369.1,2023-09-20,1206,D,0
-16.7238,29.6052,329.2,2023-09-20,1206,D,0
-16.8796,28.8484,326.7,2023-09-20,1206,D,0
-16.6546,30.3879,353.7,2023-09-20,1206,D,0
-16.8421,29.1757,356.5,2023-09-20,1206,D,0
-16.851,29.1771,345.7,2023-09-20,1206,D,0
-16.54,29.1604,347.4,2023-09-20,1206,D,0
-16.2417,30.801,328.5,2023-09-20,1206,D,0
-16.2432,30.7912,334.3,2023-09-20,1206,D,0
-16.2587,30.5083,328.0,2023-09-20,1206,D,0
-17.5462,30.7727,348.3,2023-09-20,1206,D,0
-17.5327,30.8002,346.1,2023-09-20,1206,D,0
-17.5341,30.7906,339.5,2023-09-20,1206,D,0
-17.5356,30.7809,379.0,2023-09-20,1206,D,0
-17.5371,30.7712,366.0,2023-09-20,1206,D,0
-17.9131,28.1607,326.6,2023-09-20,1206,D,0
-17.701,29.4043,327.1,2023-09-20,1206,D,0
-17.9124,27.6939,327.4,2023-09-20,1206,D,0
-17.3326,31.558,326.4,2023-09-20,1206,D,0
-17.5641,29.9067,327.9,2023-09-20,1206,D,0
-17.477,30.4313,344.3,2023-09-20,1206,D,0
-17.4784,30.4219,362.7,2023-09-20,1206,D,0
-17.408,30.8368,324.5,2023-09-20,1206,D,0
-17.4695,30.4245,382.6,2023-09-20,1206,D,0
-17.4709,30.415,337.8,2023-09-20,1206,D,0
-17.5306,30.0103,328.4,2023-09-20,1206,D,0
-17.2783,31.6283,327.1,2023-09-20,1206,D,0
-17.4605,30.423,359.8,2023-09-20,1206,D,0
-17.4619,30.4135,350.8,2023-09-20,1206,D,0
-17.3538,30.9481,334.7,2023-09-20,1206,D,0
-17.3553,30.9382,336.0,2023-09-20,1206,D,0
-17.3815,30.7034,334.7,2023-09-20,1206,D,0
-17.383,30.6939,328.6,2023-09-20,1206,D,0
-17.5314,29.6288,327.0,2023-09-20,1206,D,0
-17.5669,29.0557,333.2,2023-09-20,1206,D,0
-17.5683,29.0463,327.1,2023-09-20,1206,D,0
-17.4853,29.4339,332.7,2023-09-20,1206,D,0
-17.4866,29.4246,327.7,2023-09-20,1206,D,0
-17.1201,31.7993,333.4,2023-09-20,1206,D,0
-17.1217,31.7886,325.8,2023-09-20,1206,D,0
-17.1848,31.3836,326.7,2023-09-20,1206,D,0
-17.2327,31.0726,333.4,2023-09-20,1206,D,0
-17.2342,31.0627,333.7,2023-09-20,1206,D,0
-17.2235,31.0711,331.5,2023-09-20,1206,D,0
-17.225,31.0612,335.1,2023-09-20,1206,D,0
-17.152,31.4719,334.0,2023-09-20,1206,D,0
-17.2398,30.842,334.5,2023-09-20,1206,D,0
-17.6374,28.0201,329.9,2023-09-20,1206,D,0
-17.6401,28.0002,326.9,2023-09-20,1206,D,0
-17.6414,27.9902,334.2,2023-09-20,1206,D,0
-17.4135,29.55,327.9,2023-09-20,1206,D,0
-17.6299,28.0234,327.2,2023-09-20,1206,D,0
-17.2498,30.6006,326.3,2023-09-20,1206,D,2
-17.206,30.8305,328.1,2023-09-20,1206,D,0
-17.0262,31.8761,338.5,2023-09-20,1206,D,0
-17.0235,31.8309,330.8,2023-09-20,1206,D,0
-16.8318,29.5627,356.0,2023-09-20,1206,D,0
-16.8304,29.572,380.2,2023-09-20,1206,D,0
-16.8393,29.5734,338.7,2023-09-20,1206,D,0
-16.5229,31.8069,327.2,2023-09-20,1206,D,0
-16.5268,31.8022,328.0,2023-09-20,1206,D,0
-16.5251,31.8128,333.4,2023-09-20,1206,D,0
-16.8521,29.9238,338.7,2023-09-20,1206,D,0
-16.8507,29.9331,337.5,2023-09-20,1206,D,0
-16.8972,30.2452,328.3,2023-09-20,1206,D,0
-16.8958,30.2547,330.5,2023-09-20,1206,D,0
-16.913,30.3254,349.6,2023-09-20,1206,D,0
-16.9115,30.335,343.5,2023-09-20,1206,D,0
-16.7886,31.1512,340.6,2023-09-20,1206,D,0
-16.7871,31.1613,336.2,2023-09-20,1206,D,0
-16.809,31.2432,343.5,2023-09-20,1206,D,0
-16.8075,31.2533,379.4,2023-09-20,1206,D,0
-16.8059,31.2634,331.8,2023-09-20,1206,D,0
-16.8183,31.2447,334.0,2023-09-20,1206,D,0
-16.8167,31.2548,344.2,2023-09-20,1206,D,0
-16.8152,31.265,327.2,2023-09-20,1206,D,0
-16.7827,31.5973,328.3,2023-09-20,1206,D,0
-16.8096,31.5483,342.5,2023-09-20,1206,D,0
-16.8377,31.5917,328.0,2023-09-20,1206,D,0
-17.0979,30.0112,326.6,2023-09-20,1206,D,0
-16.9404,31.0557,328.3,2023-09-20,1206,D,0
-16.845,31.6684,327.1,2023-09-20,1206,D,0
-16.7221,32.4394,332.0,2023-09-20,1206,D,0
-17.1109,29.9846,335.2,2023-09-20,1206,D,0
-16.996,30.7531,328.3,2023-09-20,1206,D,0
-16.9693,30.9896,330.4,2023-09-20,1206,D,0
-16.9678,30.9994,336.5,2023-09-20,1206,D,0
-16.9024,31.5492,334.8,2023-09-20,1206,D,0
-17.3805,28.3603,327.1,2023-09-20,1206,D,0
-17.3791,28.3699,330.9,2023-09-20,1206,D,0
-16.9053,31.5925,330.5,2023-09-20,1206,D,0
-17.0761,30.644,350.8,2023-09-20,1206,D,0
-17.2186,29.7499,327.1,2023-09-20,1206,D,0
-17.0272,31.2711,340.6,2023-09-20,1206,D,0
-17.2033,30.4171,326.3,2023-09-20,1206,D,0
-17.0139,31.8297,329.7,2023-09-20,1206,D,0
-17.2731,30.1961,330.0,2023-09-20,1206,D,0
-17.0252,31.8202,331.2,2023-09-20,1206,D,0
-18.8108,30.3213,324.6,2023-09-20,1206,D,0
-18.7537,30.4611,333.5,2023-09-20,1206,D,0
-18.7607,30.4138,331.1,2023-09-20,1206,D,0
-18.6236,31.2694,350.1,2023-09-20,1206,D,0
-18.6251,31.2595,368.0,2023-09-20,1206,D,0
-18.5625,31.608,339.7,2023-09-20,1206,D,0
-18.5641,31.5978,350.3,2023-09-20,1206,D,0
-18.616,31.2579,324.8,2023-09-20,1206,D,0
-18.6635,30.758,328.4,2023-09-20,1206,D,0
-18.7222,30.0441,327.8,2023-09-20,1206,D,0
-18.6143,30.7137,343.6,2023-09-20,1206,D,0
-19.029,27.7972,348.3,2023-09-20,1206,D,0
-19.0304,27.7868,341.0,2023-09-20,1206,D,0
-19.0196,27.7958,364.5,2023-09-20,1206,D,0
-19.021,27.7854,345.2,2023-09-20,1206,D,0
-18.4672,31.3782,341.2,2023-09-20,1206,D,0
-18.4687,31.3682,333.2,2023-09-20,1206,D,0
-18.458,31.3766,328.0,2023-09-20,1206,D,0
-18.4595,31.3666,328.2,2023-09-20,1206,D,0
-18.5849,30.4166,328.7,2023-09-20,1206,D,0
-18.2808,32.2349,337.1,2023-09-20,1206,D,0
-18.3804,31.4089,334.3,2023-09-20,1206,D,0
-18.3819,31.3988,341.9,2023-09-20,1206,D,0
-18.3727,31.3972,341.3,2023-09-20,1206,D,0
-18.1663,32.5794,345.2,2023-09-20,1206,D,0
-18.1566,32.5778,334.9,2023-09-20,1206,D,0
-18.3307,31.3116,344.5,2023-09-20,1206,D,0
-18.2433,31.8178,331.0,2023-09-20,1206,D,0
-18.3603,31.0545,329.2,2023-09-20,1206,D,0
-18.3736,30.9669,344.5,2023-09-20,1206,D,0
-18.0658,32.8125,324.7,2023-09-20,1206,D,0
-18.0678,32.8003,328.5,2023-09-20,1206,D,0
-18.1618,31.6914,324.2,2023-09-20,1206,D,0
-18.1634,31.6811,346.3,2023-09-20,1206,D,0
-18.1524,31.6899,330.3,2023-09-20,1206,D,0
-18.1431,31.6884,356.4,2023-09-20,1206,D,0
-18.0859,31.7673,328.5,2023-09-20,1206,D,0
-18.0766,31.7657,343.1,2023-09-20,1206,D,0
-18.4795,28.9131,328.1,2023-09-20,1206,D,0
-18.0378,31.7062,355.9,2023-09-20,1206,D,0
-18.0394,31.6958,325.0,2023-09-20,1206,D,0
-17.9098,32.1236,338.3,2023-09-20,1206,D,0
-17.9115,32.1127,333.0,2023-09-20,1206,D,0
-18.2403,29.945,333.4,2023-09-20,1206,D,0
-18.2416,29.9357,333.7,2023-09-20,1206,D,0
-17.9002,32.1219,380.1,2023-09-20,1206,D,0
-17.9019,32.111,380.7,2023-09-20,1206,D,0
-17.9685,31.6252,336.7,2023-09-20,1206,D,0
-18.1362,30.5256,333.7,2023-09-20,1206,D,0
-18.1377,30.5161,330.8,2023-09-20,1206,D,0
-18.1511,29.4784,327.4,2023-09-20,1206,D,0
-17.8232,31.6195,327.9,2023-09-20,1206,D,0
-18.0202,30.252,331.8,2023-09-20,1206,D,0
-17.9156,30.5187,331.8,2023-09-20,1206,D,0
-17.9953,29.9151,331.0,2023-09-20,1206,D,0
-17.7071,31.6461,324.9,2023-09-20,1206,D,0
-17.7434,31.4112,328.7,2023-09-20,1206,D,0
-17.748,31.381,334.4,2023-09-20,1206,D,0
-17.9671,29.9201,328.5,2023-09-20,1206,D,0
-17.7815,30.8047,329.5,2023-09-20,1206,D,0
-17.573,32.1068,339.8,2023-09-20,1206,D,0
-17.5747,32.0959,336.3,2023-09-20,1206,D,0
-17.7724,30.8032,336.3,2023-09-20,1206,D,0
-17.9065,29.7708,330.0,2023-09-20,1206,D,0
-17.9079,29.7615,336.6,2023-09-20,1206,D,0
-17.8546,30.0014,349.8,2023-09-20,1206,D,0
-17.8559,29.9921,337.8,2023-09-20,1206,D,0
-17.8737,29.8706,333.3,2023-09-20,1206,D,0
-17.5624,31.8624,330.5,2023-09-20,1206,D,0
-17.5641,31.8518,343.2,2023-09-20,1206,D,0
-17.8634,29.8785,330.1,2023-09-20,1206,D,0
-17.8648,29.8692,357.0,2023-09-20,1206,D,0
-17.5068,32.1511,327.7,2023-09-20,1206,D,0
-17.5086,32.1402,330.4,2023-09-20,1206,D,0
-17.5007,32.1277,331.5,2023-09-20,1206,D,0
-17.8768,29.6611,333.1,2023-09-20,1206,D,0
-17.5918,31.3836,325.0,2023-09-20,1206,D,0
-17.5416,31.6482,325.1,2023-09-20,1206,D,0
-17.5432,31.6378,329.7,2023-09-20,1206,D,0
-17.4445,32.1449,335.0,2023-09-20,1206,D,0
-17.4462,32.134,353.3,2023-09-20,1206,D,0
-17.3304,32.7947,327.4,2023-09-20,1206,D,0
-17.4366,32.1322,333.2,2023-09-20,1206,D,0
-17.5962,31.1074,330.0,2023-09-20,1206,D,0
-17.4172,32.0066,324.8,2023-09-20,1206,D,0
-17.4133,32.0112,328.4,2023-09-20,1206,D,0
-17.4037,32.0095,351.0,2023-09-20,1206,D,0
-17.4054,31.9987,336.3,2023-09-20,1206,D,0
-17.6268,30.482,328.3,2023-09-20,1206,D,0
-17.9583,28.0362,324.9,2023-09-20,1206,D,0
-17.3846,31.8195,333.2,2023-09-20,1206,D,0
-17.5432,30.7921,337.9,2023-09-20,1206,D,0
-17.5447,30.7824,389.0,2023-09-20,1206,D,0
-16.8811,31.3373,301.7,2023-09-20,1956,N,0
-16.9865,31.0484,320.1,2023-09-20,1956,N,0
-16.9948,31.011,305.7,2023-09-20,1956,N,0
-16.9907,31.0436,307.6,2023-09-20,1956,N,0
-16.9893,31.0547,312.7,2023-09-20,1956,N,0
-17.0376,30.8269,300.4,2023-09-20,1956,N,0
-17.0579,31.0533,302.1,2023-09-20,1956,N,0
-17.2135,30.9644,301.8,2023-09-20,1956,N,0
-17.3973,30.4729,318.4,2023-09-20,1956,N,0
-17.3958,30.4848,301.0,2023-09-20,1956,N,0
-17.3889,30.698,300.2,2023-09-20,1956,N,0
-17.4002,30.6878,307.9,2023-09-20,1956,N,0
-17.3987,30.6993,334.5,2023-09-20,1956,N,0
-17.3899,30.7678,306.7,2023-09-20,1956,N,0
-17.4008,30.6937,333.2,2023-09-20,1956,N,0
-17.3993,30.7053,321.0,2023-09-20,1956,N,0
-17.3909,30.7737,306.0,2023-09-20,1956,N,0
-17.4034,30.8331,319.0,2023-09-20,1956,N,0
-17.402,30.8445,324.4,2023-09-20,1956,N,0
-17.4635,31.0063,302.5,2023-09-20,1956,N,0
-17.5699,30.2259,324.2,2023-09-20,1956,N,0
-17.5684,30.2383,305.4,2023-09-20,1956,N,0
-17.5801,30.2273,304.9,2023-09-20,1956,N,0
-17.4688,32.1179,306.4,2023-09-20,1956,N,0
-18.0326,30.2683,327.3,2023-09-20,1956,N,0
-18.0311,30.2808,308.4,2023-09-20,1956,N,0
-18.0443,30.2572,302.7,2023-09-20,1956,N,0
-18.0428,30.2697,333.0,2023-09-20,1956,N,0
-18.0657,32.8024,308.0,2023-09-20,1956,N,0
-18.0644,32.8118,315.6,2023-09-20,1956,N,0
-18.4969,30.298,301.4,2023-09-20,1956,N,0
-18.5609,31.4139,300.3,2023-09-20,1956,N,0
-18.5719,31.4044,322.6,2023-09-20,1956,N,0
-20.2186,28.1077,309.8,2023-09-20,1956,N,0
-18.5704,31.4153,337.3,2023-09-20,1956,N,0
-18.5685,31.5803,304.9,2023-09-20,1956,N,0
-18.5671,31.591,307.5,2023-09-20,1956,N,0
-18.5722,31.5867,307.4,2023-09-20,1956,N,0
-18.9124,30.2361,303.4,2023-09-20,1956,N,0
-18.9197,30.4113,303.4,2023-09-20,1956,N,0
-18.7803,32.2596,304.0,2023-09-20,1956,N,0
-18.779,32.2697,353.5,2023-09-20,1956,N,0
-18.7776,32.2798,368.3,2023-09-20,1956,N,0
-18.7763,32.2898,319.6,2023-09-20,1956,N,0
-18.7882,32.2711,320.3,2023-09-20,1956,N,0
-18.7869,32.2811,317.6,2023-09-20,1956,N,0
-16.3437,30.3537,311.4,2023-09-20,1957,N,0
-16.8175,31.2681,300.1,2023-09-20,1957,N,0
-16.8189,31.2577,305.5,2023-09-20,1957,N,0
-16.8081,31.2668,301.8,2023-09-20,1957,N,0
-16.9082,30.2298,306.2,2023-09-20,1957,N,0
-16.9081,30.2362,301.0,2023-09-20,1957,N,0
-16.573,31.5173,301.2,2023-09-20,1957,N,0
-16.6919,30.4923,308.8,2023-09-20,1957,N,0
-16.4983,31.1236,307.1,2023-09-20,1957,N,0
-16.3422,30.3658,308.2,2023-09-20,1957,N,0
-16.3423,30.3599,315.4,2023-09-20,1957,N,0
-18.5651,31.4348,303.3,2023-09-20,2258,N,0
-18.5712,31.4383,301.8,2023-09-20,2258,N,0
-16.4139,30.2101,332.0,2023-09-21,826,D,0
-16.4106,30.2055,335.8,2023-09-21,826,D,0
-16.3922,29.7312,320.0,2023-09-21,826,D,0
-16.7919,31.1608,318.6,2023-09-21,826,D,0
-16.9894,29.1083,328.9,2023-09-21,826,D,0
-17.9532,29.6622,321.8,2023-09-21,826,D,0
-17.4021,29.2757,321.4,2023-09-21,826,D,0
-17.5848,31.5369,329.0,2023-09-21,826,D,0
-17.3972,29.2546,323.5,2023-09-21,826,D,0
-17.5821,31.5426,327.7,2023-09-21,826,D,0
-17.3995,30.485,321.6,2023-09-21,826,D,0
-17.4061,30.491,318.0,2023-09-21,826,D,0
-16.9931,29.1027,334.3,2023-09-21,826,D,0
-16.4107,30.1808,322.2,2023-09-21,826,D,0
-18.718,31.7883,319.5,2023-09-21,826,D,0
-18.7179,31.7826,319.2,2023-09-21,826,D,0
-19.2376,30.5302,324.3,2023-09-21,826,D,0
-17.9504,29.6329,318.1,2023-09-21,826,D,0
-17.9546,29.6674,318.3,2023-09-21,826,D,0
-17.9516,29.6381,319.2,2023-09-21,826,D,0
-17.8495,30.4768,319.6,2023-09-21,826,D,0
-17.9533,31.8524,328.2,2023-09-21,826,D,0
-17.9528,31.8574,324.4,2023-09-21,826,D,0
-20.3149,28.7089,323.2,2023-09-21,827,D,0
-20.3169,28.7022,319.3,2023-09-21,827,D,0
-19.4489,30.42,320.2,2023-09-21,827,D,0
-19.4728,30.1391,320.6,2023-09-21,827,D,0
-19.4758,30.1722,323.8,2023-09-21,827,D,0
-19.4573,30.4249,319.9,2023-09-21,827,D,0
-19.4792,30.1442,327.1,2023-09-21,827,D,0
-19.4824,30.1773,323.6,2023-09-21,827,D,0
-18.0622,32.7675,362.0,2023-09-21,1109,D,0
-18.0582,32.8107,355.3,2023-09-21,1109,D,0
-18.0797,32.7731,324.0,2023-09-21,1109,D,0
-18.0756,32.8169,320.8,2023-09-21,1109,D,0
-18.0613,32.776,372.2,2023-09-21,1109,D,0
-18.0577,32.8183,343.3,2023-09-21,1109,D,0
-18.0789,32.7819,336.1,2023-09-21,1109,D,0
-19.6098,30.8929,324.8,2023-09-21,1247,D,0
-19.601,30.9293,320.6,2023-09-21,1247,D,0
-19.9297,30.3181,323.0,2023-09-21,1247,D,0
-19.9331,30.3272,320.8,2023-09-21,1247,D,0
-17.268,30.2119,323.1,2023-09-21,1247,D,0
-17.2651,30.2162,322.2,2023-09-21,1247,D,0
-17.7105,29.2801,321.9,2023-09-21,1247,D,0
-17.7161,29.2895,323.5,2023-09-21,1247,D,0
-19.6104,30.8847,321.2,2023-09-21,1247,D,0
-17.0044,29.0797,323.5,2023-09-21,1248,D,0
-16.4115,29.341,321.8,2023-09-21,1248,D,0
-16.6254,29.1318,322.4,2023-09-21,1248,D,0
-16.9987,29.8121,320.3,2023-09-21,1248,D,0
-19.872,32.7325,302.9,2023-09-21,2036,N,0
-20.1781,28.9811,301.9,2023-09-21,2036,N,0
-19.3244,31.094,309.8,2023-09-21,2036,N,0
-19.3289,31.0883,314.1,2023-09-21,2036,N,0
-19.8728,32.7275,300.6,2023-09-21,2036,N,0
-18.2843,26.3362,305.9,2023-09-21,2037,N,0
-18.3749,26.4725,304.4,2023-09-21,2037,N,0
-18.222,31.3684,304.5,2023-09-21,2037,N,0
-16.6818,29.6612,300.4,2023-09-21,2037,N,0
-16.3998,29.3382,312.5,2023-09-21,2339,N,0
-16.8155,31.5269,302.5,2023-09-21,2339,N,0
-16.6412,30.3573,308.4,2023-09-21,2339,N,0
-16.4548,29.8698,308.8,2023-09-21,2339,N,0
-16.51,31.2697,332.5,2023-09-21,2339,N,0
-16.5087,31.2604,311.9,2023-09-21,2339,N,0
-16.5011,31.271,301.4,2023-09-21,2339,N,0
-16.4997,31.2618,307.9,2023-09-21,2339,N,0
-16.3302,30.3743,309.8,2023-09-21,2339,N,0
-16.3288,30.3649,311.8,2023-09-21,2339,N,0
-17.1232,30.4396,309.2,2023-09-21,2340,N,0
-16.9446,30.1102,305.4,2023-09-21,2340,N,0
-16.8631,30.8581,303.1,2023-09-21,2340,N,0
-16.7475,30.3335,301.6,2023-09-21,2340,N,0
-20.1759,28.9905,300.6,2023-09-21,2340,N,0
-16.9161,29.6255,301.8,2023-09-21,2340,N,0
-17.7188,27.6523,307.6,2023-09-21,2340,N,0
-19.8632,32.7356,300.5,2023-09-21,2340,N,0
-17.7087,27.6533,307.4,2023-09-21,2340,N,0
-18.2608,31.4626,302.6,2023-09-21,2340,N,0
-17.4575,30.0917,306.8,2023-09-21,2340,N,0
-17.4561,30.0822,363.1,2023-09-21,2340,N,0
-17.4547,30.0728,304.7,2023-09-21,2340,N,0
-17.4471,30.0837,314.0,2023-09-21,2340,N,0
-17.1246,30.449,329.6,2023-09-21,2340,N,0
-16.4906,31.799,322.2,2023-09-22,728,D,0
-18.738,32.6966,337.4,2023-09-22,729,D,0
-18.379,31.3821,357.0,2023-09-22,729,D,0
-18.3768,31.3693,346.5,2023-09-22,729,D,0
-18.3835,31.3874,322.6,2023-09-22,729,D,0
-18.3814,31.3745,324.3,2023-09-22,729,D,0
-18.3731,31.3893,335.0,2023-09-22,729,D,0
-18.371,31.3764,366.0,2023-09-22,729,D,0
-18.35,32.2551,351.9,2023-09-22,729,D,0
-18.2352,31.6763,320.5,2023-09-22,729,D,0
-18.2332,31.6638,336.1,2023-09-22,729,D,0
-17.8034,30.1275,321.6,2023-09-22,729,D,0
-17.8066,30.1329,321.5,2023-09-22,729,D,0
-17.8893,31.3192,331.7,2023-09-22,729,D,0
-18.0576,32.7913,320.5,2023-09-22,729,D,0
-17.8535,31.6647,324.6,2023-09-22,729,D,0
-17.8515,31.6521,321.4,2023-09-22,729,D,0
-17.7537,31.3202,323.4,2023-09-22,729,D,0
-17.509,29.963,320.3,2023-09-22,729,D,0
-17.5061,29.9462,321.0,2023-09-22,729,D,0
-16.3339,30.3677,325.7,2023-09-22,729,D,0
-16.5065,31.2642,327.8,2023-09-22,729,D,0
-16.7221,31.1628,342.1,2023-09-22,729,D,0
-16.9743,31.5017,321.4,2023-09-22,729,D,0
-17.6193,30.6621,342.4,2023-09-22,729,D,0
-16.8715,29.6614,322.3,2023-09-22,729,D,0
-16.878,29.6718,318.7,2023-09-22,729,D,0
-16.5087,31.2577,323.4,2023-09-22,729,D,0
-17.2774,31.1694,323.7,2023-09-22,729,D,0
-17.2837,30.7949,323.2,2023-09-22,729,D,0
-17.475,31.4769,321.6,2023-09-22,729,D,0
-17.617,30.654,331.6,2023-09-22,729,D,0
-17.6195,30.669,335.5,2023-09-22,729,D,0
-16.5111,31.2717,324.7,2023-09-22,729,D,0
-18.2969,26.3414,323.9,2023-09-22,729,D,0
-18.3001,26.3477,318.1,2023-09-22,729,D,0
-18.285,26.3509,319.4,2023-09-22,729,D,0
-18.2794,26.3214,317.8,2023-09-22,729,D,0
-18.9572,31.3323,327.6,2023-09-22,729,D,0
-18.9551,31.3195,322.2,2023-09-22,729,D,0
-18.963,31.5449,320.3,2023-09-22,729,D,0
-18.8199,31.066,320.0,2023-09-22,729,D,0
-18.8176,31.0524,328.4,2023-09-22,729,D,0
-18.9642,32.5013,325.5,2023-09-22,729,D,0
-18.4968,30.8607,322.3,2023-09-22,729,D,0
-18.4944,30.8466,331.3,2023-09-22,729,D,0
-18.6056,31.6293,327.3,2023-09-22,729,D,0
-18.6083,31.6348,324.9,2023-09-22,729,D,0
-18.6063,31.6225,323.8,2023-09-22,729,D,0
-18.7397,32.7074,343.8,2023-09-22,729,D,0
-19.9008,30.4219,325.9,2023-09-22,729,D,0
-19.8726,32.7425,333.7,2023-09-22,729,D,0
-19.4496,30.4221,322.3,2023-09-22,729,D,0
-16.9195,30.1526,320.7,2023-09-22,729,D,0
-19.9492,28.7823,335.4,2023-09-22,730,D,0
-20.9778,28.2483,323.2,2023-09-22,730,D,0
-20.9764,28.2547,322.1,2023-09-22,730,D,0
-19.9559,28.7946,342.4,2023-09-22,730,D,0
-19.9526,28.8011,337.5,2023-09-22,730,D,0
-21.1511,31.7382,347.9,2023-09-22,1150,D,0
-21.1578,31.7612,340.1,2023-09-22,1150,D,0
-21.1592,31.7504,341.6,2023-09-22,1150,D,0
-21.1483,31.7598,346.0,2023-09-22,1150,D,0
-21.1497,31.749,359.9,2023-09-22,1150,D,0
-21.1525,31.7273,353.2,2023-09-22,1150,D,0
-21.1539,31.7165,373.5,2023-09-22,1150,D,0
-21.1429,31.7259,355.7,2023-09-22,1150,D,0
-21.1444,31.715,371.9,2023-09-22,1150,D,0
-20.8665,30.5245,333.7,2023-09-22,1150,D,0
-20.8681,30.5121,339.7,2023-09-22,1150,D,0
-20.6384,31.0401,327.1,2023-09-22,1150,D,0
-20.6399,31.0286,326.5,2023-09-22,1150,D,0
-20.6208,30.9427,335.0,2023-09-22,1150,D,0
-20.6109,30.9414,346.2,2023-09-22,1150,D,0
-20.3603,32.6509,328.5,2023-09-22,1150,D,0
-20.3512,32.6495,331.5,2023-09-22,1150,D,0
-20.3526,32.6396,329.5,2023-09-22,1150,D,0
-20.3222,32.7251,333.7,2023-09-22,1150,D,0
-20.5901,30.5432,328.6,2023-09-22,1150,D,0
-20.6233,30.1906,337.3,2023-09-22,1150,D,0
-20.6249,30.1776,341.0,2023-09-22,1150,D,0
-20.288,32.573,329.2,2023-09-22,1150,D,0
-20.2775,32.5814,330.7,2023-09-22,1150,D,0
-20.2789,32.5716,334.7,2023-09-22,1150,D,0
-20.2606,32.5689,326.3,2023-09-22,1150,D,0
-20.2266,32.6137,330.8,2023-09-22,1150,D,0
-20.266,31.3846,326.5,2023-09-22,1150,D,0
-20.283,30.9538,327.3,2023-09-22,1150,D,0
-20.5251,28.797,323.2,2023-09-22,1150,D,0
-20.5269,28.7813,328.8,2023-09-22,1150,D,0
-20.1275,31.6655,330.7,2023-09-22,1150,D,0
-20.4973,28.557,332.3,2023-09-22,1150,D,0
-20.4993,28.5407,346.2,2023-09-22,1150,D,0
-20.1523,31.1832,334.3,2023-09-22,1150,D,0
-20.1426,31.1816,330.9,2023-09-22,1150,D,0
-18.4098,32.135,324.4,2023-09-22,1151,D,0
-19.8695,30.3687,340.7,2023-09-22,1151,D,0
-19.871,30.3564,336.7,2023-09-22,1151,D,0
-19.7841,30.7154,332.3,2023-09-22,1151,D,0
-19.7856,30.7037,329.6,2023-09-22,1151,D,0
-19.8849,29.9276,330.8,2023-09-22,1151,D,0
-19.836,30.0653,329.1,2023-09-22,1151,D,0
-19.8376,30.0525,329.8,2023-09-22,1151,D,0
-19.9454,28.7805,339.3,2023-09-22,1151,D,0
-19.8048,29.9248,328.6,2023-09-22,1151,D,0
-19.9453,28.7915,334.3,2023-09-22,1151,D,0
-19.9472,28.7757,333.2,2023-09-22,1151,D,0
-19.7944,29.9234,328.9,2023-09-22,1151,D,0
-19.9359,28.7743,343.9,2023-09-22,1151,D,0
-19.9378,28.7584,325.6,2023-09-22,1151,D,0
-19.9246,28.7728,351.5,2023-09-22,1151,D,0
-19.9265,28.757,351.3,2023-09-22,1151,D,0
-19.6487,30.902,327.2,2023-09-22,1151,D,0
-19.6502,30.8906,329.8,2023-09-22,1151,D,0
-19.9151,28.7555,333.1,2023-09-22,1151,D,0
-19.5722,31.2635,338.9,2023-09-22,1151,D,0
-19.5736,31.2526,330.4,2023-09-22,1151,D,0
-19.9255,28.2588,331.5,2023-09-22,1151,D,0
-19.9274,28.2417,351.1,2023-09-22,1151,D,0
-19.9156,28.2401,342.8,2023-09-22,1151,D,0
-19.9301,28.2522,328.8,2023-09-22,1151,D,0
-19.9183,28.2506,341.6,2023-09-22,1151,D,0
-19.9204,28.2335,352.4,2023-09-22,1151,D,0
-19.3022,32.7845,330.0,2023-09-22,1151,D,0
-19.6384,30.0145,325.5,2023-09-22,1151,D,0
-19.6399,30.0017,325.0,2023-09-22,1151,D,0
-19.4928,31.0892,347.0,2023-09-22,1151,D,0
-19.4942,31.0783,328.4,2023-09-22,1151,D,0
-19.6281,30.0127,328.1,2023-09-22,1151,D,0
-19.2344,32.7479,326.7,2023-09-22,1151,D,0
-19.5804,30.1665,325.1,2023-09-22,1151,D,0
-19.582,30.154,328.2,2023-09-22,1151,D,0
-19.4396,31.0988,327.1,2023-09-22,1151,D,0
-19.4411,31.0876,328.7,2023-09-22,1151,D,0
-19.5336,30.3724,328.3,2023-09-22,1151,D,0
-19.5743,30.0504,352.5,2023-09-22,1151,D,0
-19.4029,31.3035,327.1,2023-09-22,1151,D,0
-19.4044,31.2928,335.7,2023-09-22,1151,D,0
-19.3948,31.2913,340.7,2023-09-22,1151,D,0
-19.5631,29.9722,341.3,2023-09-22,1151,D,0
-19.2848,32.0456,330.9,2023-09-22,1151,D,0
-19.4562,30.4167,328.6,2023-09-22,1151,D,0
-19.4625,30.3683,326.0,2023-09-22,1151,D,0
-19.4524,30.367,337.1,2023-09-22,1151,D,0
-19.4774,30.1714,332.5,2023-09-22,1151,D,0
-19.4625,30.2068,325.8,2023-09-22,1151,D,0
-19.4641,30.1946,359.5,2023-09-22,1151,D,0
-19.4524,30.2055,343.9,2023-09-22,1151,D,0
-19.4539,30.1933,377.6,2023-09-22,1151,D,0
-19.4944,29.6085,327.8,2023-09-22,1151,D,0
-19.4632,29.8149,330.4,2023-09-22,1151,D,2
-19.4552,29.3603,335.1,2023-09-22,1151,D,0
-19.2239,31.1216,327.1,2023-09-22,1151,D,0
-19.0581,32.2931,331.9,2023-09-22,1151,D,0
-19.294,30.4968,336.7,2023-09-22,1151,D,0
-18.9545,32.5085,330.0,2023-09-22,1151,D,0
-19.3064,29.8258,360.9,2023-09-22,1151,D,0
-19.3079,29.8129,334.0,2023-09-22,1151,D,0
-18.9995,32.0448,330.7,2023-09-22,1151,D,0
-19.0472,31.6179,328.6,2023-09-22,1151,D,0
-18.96,32.1448,340.9,2023-09-22,1151,D,0
-18.9614,32.1349,353.2,2023-09-22,1151,D,0
-18.9509,32.1434,337.8,2023-09-22,1151,D,0
-18.9522,32.1336,334.5,2023-09-22,1151,D,0
-19.0239,31.609,328.6,2023-09-22,1151,D,0
-19.2608,29.5446,376.2,2023-09-22,1151,D,0
-19.2625,29.5311,341.5,2023-09-22,1151,D,0
-19.1058,30.6942,330.1,2023-09-22,1151,D,0
-18.9717,31.6433,342.7,2023-09-22,1151,D,0
-19.1004,30.6584,332.3,2023-09-22,1151,D,0
-18.8048,32.4632,331.4,2023-09-22,1151,D,0
-18.8061,32.4535,332.1,2023-09-22,1151,D,0
-18.7913,32.2929,342.1,2023-09-22,1151,D,0
-18.7926,32.2832,355.6,2023-09-22,1151,D,0
-19.0315,30.4762,334.7,2023-09-22,1151,D,0
-19.033,30.4644,339.2,2023-09-22,1151,D,0
-18.7822,32.2915,326.2,2023-09-22,1151,D,0
-18.8837,31.5395,332.6,2023-09-22,1151,D,0
-18.885,31.5292,365.7,2023-09-22,1151,D,0
-18.8864,31.5189,335.9,2023-09-22,1151,D,0
-18.8757,31.5278,338.7,2023-09-22,1151,D,0
-18.877,31.5175,342.1,2023-09-22,1151,D,0
-18.8852,31.418,331.0,2023-09-22,1151,D,0
-18.9199,30.9414,330.9,2023-09-22,1151,D,0
-18.7274,32.2279,326.5,2023-09-22,1151,D,0
-19.0841,29.4945,340.5,2023-09-22,1151,D,0
-19.0907,29.4403,331.2,2023-09-22,1151,D,0
-19.0801,29.4389,337.7,2023-09-22,1151,D,0
-19.0818,29.4252,332.3,2023-09-22,1151,D,0
-18.9191,30.6434,329.0,2023-09-22,1151,D,0
-18.7405,31.9271,340.9,2023-09-22,1151,D,0
-18.7418,31.917,331.5,2023-09-22,1151,D,0
-18.9885,29.861,329.8,2023-09-22,1151,D,0
-18.6828,32.084,341.1,2023-09-22,1151,D,0
-18.8209,31.0655,347.9,2023-09-22,1151,D,0
-18.8224,31.0546,346.6,2023-09-22,1151,D,0
-18.5808,32.7484,338.3,2023-09-22,1151,D,0
-18.6736,32.0826,361.0,2023-09-22,1151,D,0
-18.675,32.0727,374.7,2023-09-22,1151,D,0
-18.8128,31.0532,341.0,2023-09-22,1151,D,0
-18.8143,31.0422,331.0,2023-09-22,1151,D,0
-18.5718,32.747,325.9,2023-09-22,1151,D,0
-18.8663,30.5706,339.3,2023-09-22,1151,D,0
-18.9134,30.2043,334.2,2023-09-22,1151,D,0
-18.9033,30.2028,334.6,2023-09-22,1151,D,0
-18.7601,31.2314,327.0,2023-09-22,1151,D,0
-18.8868,30.0886,328.4,2023-09-22,1151,D,0
-18.6027,32.1922,341.9,2023-09-22,1151,D,0
-18.7498,31.088,327.5,2023-09-22,1151,D,0
-18.8976,29.7775,326.4,2023-09-22,1151,D,0
-18.5595,32.18,337.8,2023-09-22,1151,D,0
-18.7857,30.4112,330.5,2023-09-22,1151,D,0
-18.4988,32.418,332.0,2023-09-22,1151,D,0
-19.0537,27.8034,327.9,2023-09-22,1151,D,0
-19.0557,27.7854,327.2,2023-09-22,1151,D,0
-18.6101,31.4112,332.6,2023-09-22,1151,D,0
-18.6115,31.4008,333.9,2023-09-22,1151,D,0
-18.6022,31.3994,348.6,2023-09-22,1151,D,0
-18.6036,31.389,357.7,2023-09-22,1151,D,0
-18.605,31.3785,333.2,2023-09-22,1151,D,0
-18.759,30.2191,333.2,2023-09-22,1151,D,0
-18.5194,31.9361,331.0,2023-09-22,1151,D,0
-18.5942,31.3875,354.0,2023-09-22,1151,D,0
-18.5956,31.3771,352.7,2023-09-22,1151,D,0
-18.6836,30.7177,328.2,2023-09-22,1151,D,0
-19.0484,27.7959,336.7,2023-09-22,1151,D,0
-18.4251,32.5474,331.6,2023-09-22,1151,D,0
-18.6724,30.7276,333.0,2023-09-22,1151,D,0
-18.4726,32.1403,325.9,2023-09-22,1151,D,0
-18.4739,32.1305,331.8,2023-09-22,1151,D,0
-18.4888,32.0226,326.9,2023-09-22,1151,D,0
-18.501,31.9333,329.6,2023-09-22,1151,D,0
-18.538,31.6623,336.9,2023-09-22,1151,D,0
-18.5393,31.6521,333.6,2023-09-22,1151,D,0
-18.6597,30.7486,327.1,2023-09-22,1151,D,0
-18.4648,32.1291,342.8,2023-09-22,1151,D,0
-18.5194,31.6595,354.3,2023-09-22,1151,D,0
-18.4158,32.3499,326.4,2023-09-22,1151,D,0
-18.6306,30.7442,337.6,2023-09-22,1151,D,0
-18.3827,32.5213,328.4,2023-09-22,1151,D,0
-18.4054,32.3583,334.8,2023-09-22,1151,D,0
-18.4067,32.3486,345.7,2023-09-22,1151,D,0
-18.6194,30.7542,347.8,2023-09-22,1151,D,0
-18.6209,30.7428,335.5,2023-09-22,1151,D,0
-18.3724,32.5295,332.8,2023-09-22,1151,D,0
-18.3737,32.52,355.0,2023-09-22,1151,D,0
-18.5361,31.2129,343.7,2023-09-22,1151,D,0
-18.5375,31.2023,330.2,2023-09-22,1151,D,0
-18.4007,32.1336,374.1,2023-09-22,1151,D,0
-18.4021,32.1239,355.1,2023-09-22,1151,D,0
-18.5266,31.2114,356.0,2023-09-22,1151,D,0
-18.5281,31.2009,346.6,2023-09-22,1151,D,0
-18.5031,31.3153,353.6,2023-09-22,1151,D,0
-18.5172,31.2101,348.8,2023-09-22,1151,D,0
-18.5186,31.1995,349.0,2023-09-22,1151,D,0
-18.6348,30.3172,332.2,2023-09-22,1151,D,0
-18.4936,31.3139,364.2,2023-09-22,1151,D,0
-18.3546,32.2656,323.5,2023-09-22,1151,D,0
-18.3559,32.2559,368.1,2023-09-22,1151,D,0
-18.3573,32.2461,376.0,2023-09-22,1151,D,0
-18.4772,31.3648,340.4,2023-09-22,1151,D,0
-18.4568,31.4464,329.0,2023-09-22,1151,D,0
-18.5328,30.8714,330.9,2023-09-22,1151,D,0
-18.5404,30.7368,330.9,2023-09-22,1151,D,0
-18.3207,32.3098,334.6,2023-09-22,1151,D,0
-18.5642,30.4738,334.2,2023-09-22,1151,D,0
-18.5657,30.4622,344.1,2023-09-22,1151,D,0
-18.3337,32.0168,328.9,2023-09-22,1151,D,0
-18.8461,27.7583,337.2,2023-09-22,1151,D,0
-18.382,31.3866,344.1,2023-09-22,1151,D,0
-18.3834,31.3763,333.4,2023-09-22,1151,D,0
-18.834,27.7569,325.6,2023-09-22,1151,D,0
-18.3754,31.3646,334.7,2023-09-22,1151,D,0
-18.3767,31.3542,340.9,2023-09-22,1151,D,0
-18.5018,30.1581,331.3,2023-09-22,1151,D,0
-18.5477,29.7875,330.1,2023-09-22,1151,D,0
-18.5019,30.1647,330.1,2023-09-22,1151,D,0
-18.1642,32.5756,332.2,2023-09-22,1151,D,0
-18.1655,32.5661,331.1,2023-09-22,1151,D,0
-18.2194,32.1824,334.4,2023-09-22,1151,D,0
-18.2207,32.1728,341.5,2023-09-22,1151,D,0
-18.5669,29.4132,328.2,2023-09-22,1151,D,0
-18.3082,31.3278,337.5,2023-09-22,1151,D,0
-18.2988,31.3264,365.0,2023-09-22,1151,D,0
-18.3002,31.3159,347.4,2023-09-22,1151,D,0
-18.061,32.9162,341.9,2023-09-22,1151,D,0
-18.0623,32.9068,330.2,2023-09-22,1151,D,0
-18.4066,30.2722,331.5,2023-09-22,1151,D,0
-18.2964,30.7955,347.0,2023-09-22,1151,D,0
-18.1577,31.7558,334.2,2023-09-22,1151,D,0
-18.1485,31.7544,326.2,2023-09-22,1151,D,0
-18.0668,32.2808,335.0,2023-09-22,1151,D,0
-18.0681,32.2711,339.5,2023-09-22,1151,D,0
-18.2824,30.6004,339.7,2023-09-22,1151,D,0
-18.2727,30.599,332.3,2023-09-22,1151,D,0
-18.3786,29.6738,335.7,2023-09-22,1151,D,0
-18.3831,29.6689,332.5,2023-09-22,1151,D,0
-18.2438,30.4269,349.2,2023-09-22,1151,D,0
-18.4397,28.8751,327.6,2023-09-22,1151,D,0
-18.147,30.7908,331.6,2023-09-22,1151,D,0
-18.1426,30.7946,334.7,2023-09-22,1151,D,0
-18.133,30.7933,334.3,2023-09-22,1151,D,0
-18.0365,31.4366,328.5,2023-09-22,1151,D,0
-17.9238,32.1872,336.6,2023-09-22,1151,D,0
-17.9134,32.1954,343.4,2023-09-22,1151,D,0
-17.9147,32.1858,344.7,2023-09-22,1151,D,0
-17.9482,31.599,331.3,2023-09-22,1151,D,0
-17.9496,31.5889,334.6,2023-09-22,1151,D,0
-17.9428,31.5926,328.0,2023-09-22,1151,D,0
-18.1087,30.2893,327.5,2023-09-22,1151,D,0
-18.1102,30.2777,333.9,2023-09-22,1151,D,0
-17.9631,31.3051,343.6,2023-09-22,1151,D,0
-17.9645,31.2947,356.6,2023-09-22,1151,D,0
-17.8569,31.9438,341.5,2023-09-22,1151,D,0
-17.9099,31.5566,331.5,2023-09-22,1151,D,0
-18.1041,30.0106,329.9,2023-09-22,1151,D,0
-18.094,30.0092,340.7,2023-09-22,1151,D,0
-18.1355,29.596,328.3,2023-09-22,1151,D,0
-18.1927,29.1307,325.5,2023-09-22,1151,D,0
-17.8501,31.6502,327.0,2023-09-22,1151,D,0
-17.8948,31.3161,328.1,2023-09-22,1151,D,0
-18.0244,29.6648,336.3,2023-09-22,1151,D,0
-18.0165,29.6713,336.6,2023-09-22,1151,D,0
-17.7243,31.6392,327.0,2023-09-22,1151,D,0
-17.7151,31.6378,326.2,2023-09-22,1151,D,0
-17.7233,31.5778,328.2,2023-09-22,1151,D,0
-17.6511,31.9,331.6,2023-09-22,1151,D,0
-17.7258,31.2779,327.9,2023-09-22,1151,D,0
-18.3046,26.3218,338.1,2023-09-22,1151,D,0
-17.6321,31.8408,332.1,2023-09-22,1151,D,0
-17.6335,31.831,327.7,2023-09-22,1151,D,0
-17.5892,32.0821,353.5,2023-09-22,1151,D,0
-17.5905,32.0725,360.6,2023-09-22,1151,D,0
-17.5919,32.0627,332.9,2023-09-22,1151,D,0
-17.5734,32.1287,333.9,2023-09-22,1151,D,0
-17.6288,31.7297,329.8,2023-09-22,1151,D,0
-18.2952,26.3142,338.4,2023-09-22,1151,D,0
-17.8062,30.2635,333.3,2023-09-22,1151,D,0
-18.2819,26.3126,335.0,2023-09-22,1151,D,0
-17.5824,31.8631,327.6,2023-09-22,1151,D,0
-17.6647,31.1151,328.9,2023-09-22,1151,D,0
-17.8036,30.0471,338.8,2023-09-22,1151,D,0
-17.8051,30.0351,352.2,2023-09-22,1151,D,0
-17.8389,29.7677,330.8,2023-09-22,1151,D,0
-17.8406,29.7547,326.4,2023-09-22,1151,D,0
-17.7936,30.0457,339.8,2023-09-22,1151,D,0
-17.7951,30.0337,390.3,2023-09-22,1151,D,0
-17.7966,30.0217,328.3,2023-09-22,1151,D,0
-17.5699,31.2843,326.2,2023-09-22,1151,D,0
-17.6352,30.6467,333.4,2023-09-22,1151,D,0
-17.6256,30.6453,327.1,2023-09-22,1151,D,0
-17.6432,30.4326,341.9,2023-09-22,1151,D,0
-17.6446,30.4213,359.8,2023-09-22,1151,D,0
-17.7038,29.9547,343.4,2023-09-22,1151,D,0
-17.4186,32.0531,332.1,2023-09-22,1151,D,0
-17.4675,31.7028,337.1,2023-09-22,1151,D,0
-17.4688,31.693,341.5,2023-09-22,1151,D,0
-17.4702,31.683,332.4,2023-09-22,1151,D,0
-17.4716,31.6731,339.9,2023-09-22,1151,D,0
-17.6399,30.4371,334.3,2023-09-22,1151,D,0
-17.6429,30.4145,333.7,2023-09-22,1151,D,0
-17.7032,29.9603,341.2,2023-09-22,1151,D,0
-17.7047,29.9484,335.8,2023-09-22,1151,D,0
-17.4624,31.6717,330.9,2023-09-22,1151,D,0
-17.4898,31.4727,357.9,2023-09-22,1151,D,0
-17.4912,31.4626,357.3,2023-09-22,1151,D,0
-17.4926,31.4525,328.9,2023-09-22,1151,D,0
-17.4806,31.4713,350.2,2023-09-22,1151,D,0
-17.482,31.4611,400.4,2023-09-22,1151,D,0
-17.4834,31.451,360.0,2023-09-22,1151,D,0
-17.585,30.6997,354.2,2023-09-22,1151,D,0
-17.5865,30.6888,348.0,2023-09-22,1151,D,0
-17.2767,32.8608,328.4,2023-09-22,1151,D,0
-17.47,31.4799,327.8,2023-09-22,1151,D,0
-17.4713,31.4698,328.8,2023-09-22,1151,D,0
-17.4727,31.4596,357.6,2023-09-22,1151,D,0
-17.4741,31.4496,341.6,2023-09-22,1151,D,0
-17.6506,30.0497,346.3,2023-09-22,1151,D,0
-17.4679,31.3559,333.8,2023-09-22,1151,D,0
-17.6406,30.0484,361.6,2023-09-22,1151,D,0
-17.6422,30.0364,338.0,2023-09-22,1151,D,0
-17.4742,31.0951,330.6,2023-09-22,1151,D,0
-17.4756,31.0846,326.5,2023-09-22,1151,D,0
-17.3682,31.6921,338.4,2023-09-22,1151,D,0
-17.3696,31.6822,334.0,2023-09-22,1151,D,0
-17.3751,31.6428,346.2,2023-09-22,1151,D,0
-17.3764,31.6332,332.2,2023-09-22,1151,D,0
-17.3499,31.6891,335.2,2023-09-22,1151,D,0
-17.5673,29.9105,331.2,2023-09-22,1151,D,0
-17.5688,29.8987,342.1,2023-09-22,1151,D,0
-17.5587,29.8973,330.9,2023-09-22,1151,D,0
-17.6059,29.5246,329.7,2023-09-22,1151,D,0
-17.632,29.1418,326.4,2023-09-22,1151,D,0
-17.2892,31.6632,334.6,2023-09-22,1151,D,0
-17.2906,31.6533,336.6,2023-09-22,1151,D,0
-17.3343,30.9125,327.6,2023-09-22,1151,D,0
-17.3357,30.902,328.9,2023-09-22,1151,D,0
-17.5324,29.3769,329.3,2023-09-22,1151,D,0
-17.9043,26.197,327.0,2023-09-22,1151,D,0
-17.2465,31.4949,330.4,2023-09-22,1151,D,0
-17.315,30.9845,326.0,2023-09-22,1151,D,0
-17.0671,32.7203,346.3,2023-09-22,1151,D,0
-17.1783,31.9254,327.4,2023-09-22,1151,D,0
-17.2184,31.6326,326.2,2023-09-22,1151,D,0
-17.1865,31.798,327.7,2023-09-22,1151,D,0
-17.4118,30.0877,354.1,2023-09-22,1151,D,0
-17.4163,30.0526,332.0,2023-09-22,1151,D,0
-17.4403,29.8616,334.6,2023-09-22,1151,D,0
-17.411,30.094,340.1,2023-09-22,1151,D,0
-17.4126,30.0823,332.5,2023-09-22,1151,D,0
-17.4424,29.8564,331.4,2023-09-22,1151,D,0
-17.2506,31.2121,330.6,2023-09-22,1151,D,0
-17.4057,30.0575,335.7,2023-09-22,1151,D,0
-17.1324,31.9326,329.7,2023-09-22,1151,D,0
-17.1837,31.5617,327.9,2023-09-22,1151,D,0
-17.1247,31.9215,328.3,2023-09-22,1151,D,0
-17.4744,29.284,326.6,2023-09-22,1151,D,0
-17.1065,31.9187,328.9,2023-09-22,1151,D,0
-17.1575,31.5473,338.7,2023-09-22,1151,D,0
-17.0567,32.0777,328.5,2023-09-22,1151,D,0
-17.058,32.0683,331.7,2023-09-22,1151,D,0
-17.1918,30.9652,340.6,2023-09-22,1151,D,0
-17.1933,30.9548,362.5,2023-09-22,1151,D,0
-17.1947,30.9444,360.3,2023-09-22,1151,D,0
-17.1961,30.9339,328.5,2023-09-22,1151,D,0
-17.1975,30.9235,325.4,2023-09-22,1151,D,0
-17.2512,30.5258,328.6,2023-09-22,1151,D,0
-17.1102,31.4929,332.3,2023-09-22,1151,D,0
-17.1838,30.9535,359.9,2023-09-22,1151,D,0
-17.1852,30.9431,412.3,2023-09-22,1151,D,0
-17.2847,30.1991,334.1,2023-09-22,1151,D,0
-17.1009,31.4914,331.1,2023-09-22,1151,D,0
-17.1529,30.896,330.4,2023-09-22,1151,D,0
-17.1543,30.8854,339.6,2023-09-22,1151,D,0
-17.0051,31.9158,330.9,2023-09-22,1151,D,0
-17.0536,31.3772,325.8,2023-09-22,1151,D,0
-17.1907,30.2955,328.9,2023-09-22,1151,D,0
-17.0823,31.0286,337.1,2023-09-22,1151,D,0
-17.2596,29.6949,331.8,2023-09-22,1151,D,0
-17.2612,29.6827,329.2,2023-09-22,1151,D,0
-17.215,29.9585,326.9,2023-09-22,1151,D,0
-16.8173,32.7964,338.0,2023-09-22,1151,D,0
-17.1471,30.3236,339.7,2023-09-22,1151,D,0
-17.1486,30.3124,328.4,2023-09-22,1151,D,0
-17.0544,30.9506,328.0,2023-09-22,1151,D,0
-17.0558,30.9402,348.2,2023-09-22,1151,D,0
-17.1374,30.3222,333.1,2023-09-22,1151,D,0
-16.9874,31.3777,360.6,2023-09-22,1151,D,0
-16.9888,31.3677,342.2,2023-09-22,1151,D,0
-17.1232,30.3544,334.4,2023-09-22,1151,D,0
-17.1841,29.8816,327.7,2023-09-22,1151,D,0
-17.2529,29.0309,333.0,2023-09-22,1151,D,0
-16.7044,32.8101,326.1,2023-09-22,1151,D,0
-17.1738,29.317,329.0,2023-09-22,1151,D,0
-16.8694,31.566,333.3,2023-09-22,1151,D,0
-16.8602,31.5647,332.6,2023-09-22,1151,D,0
-17.2116,28.5487,332.8,2023-09-22,1151,D,0
-17.2134,28.5342,341.8,2023-09-22,1151,D,0
-17.2153,28.5194,335.2,2023-09-22,1151,D,0
-16.6419,32.6712,328.6,2023-09-22,1151,D,0
-16.633,32.6698,336.4,2023-09-22,1151,D,0
-16.8455,31.1386,333.7,2023-09-22,1151,D,0
-16.8225,31.2383,342.4,2023-09-22,1151,D,0
-16.8239,31.2283,328.5,2023-09-22,1151,D,0
-17.0056,29.8442,332.7,2023-09-22,1151,D,0
-16.7827,31.3382,327.1,2023-09-22,1151,D,0
-16.7841,31.3283,326.6,2023-09-22,1151,D,0
-16.6549,32.1211,335.2,2023-09-22,1151,D,0
-17.0062,29.1088,337.7,2023-09-22,1151,D,0
-16.7303,31.1667,336.6,2023-09-22,1151,D,0
-16.7317,31.1566,335.2,2023-09-22,1151,D,0
-16.7331,31.1464,331.8,2023-09-22,1151,D,0
-16.7161,31.1588,349.3,2023-09-22,1151,D,0
-16.7175,31.1487,354.7,2023-09-22,1151,D,0
-16.6975,31.1562,345.6,2023-09-22,1151,D,0
-16.6989,31.1461,359.5,2023-09-22,1151,D,0
-16.7002,31.1359,344.8,2023-09-22,1151,D,0
-16.6895,31.1446,332.2,2023-09-22,1151,D,0
-16.6909,31.1345,356.1,2023-09-22,1151,D,0
-16.5795,31.6739,335.2,2023-09-22,1151,D,0
-16.5808,31.6642,343.9,2023-09-22,1151,D,0
-16.7236,30.5297,331.8,2023-09-22,1151,D,0
-16.7251,30.5188,331.5,2023-09-22,1151,D,0
-16.6336,31.1364,328.0,2023-09-22,1151,D,0
-16.635,31.1261,340.3,2023-09-22,1151,D,0
-16.6269,31.0663,326.8,2023-09-22,1151,D,0
-16.9012,28.918,328.8,2023-09-22,1151,D,0
-16.4941,31.89,335.5,2023-09-22,1151,D,0
-16.4955,31.8804,335.2,2023-09-22,1151,D,0
-16.6089,30.9174,326.7,2023-09-22,1151,D,0
-16.7197,30.0819,335.2,2023-09-22,1151,D,0
-16.4802,31.7901,350.2,2023-09-22,1151,D,0
-16.5915,30.0576,324.7,2023-09-22,1151,D,0
-20.1048,31.3226,327.3,2023-09-22,1151,D,0
-19.8688,32.7434,352.3,2023-09-22,1151,D,0
-19.8701,32.7337,381.9,2023-09-22,1151,D,0
-19.8597,32.7422,360.4,2023-09-22,1151,D,0
-19.861,32.7325,394.8,2023-09-22,1151,D,0
-20.0193,31.5679,345.8,2023-09-22,1151,D,0
-20.0207,31.5575,333.1,2023-09-22,1151,D,0
-20.0607,31.2536,345.8,2023-09-22,1151,D,0
-20.0621,31.2426,331.0,2023-09-22,1151,D,0
-20.3483,28.6474,330.4,2023-09-22,1151,D,0
-20.1174,30.4959,333.7,2023-09-22,1151,D,0
-19.7945,32.8797,343.1,2023-09-22,1151,D,0
-19.7958,32.8702,353.0,2023-09-22,1151,D,0
-19.7971,32.8605,354.4,2023-09-22,1151,D,0
-19.7855,32.8826,348.5,2023-09-22,1151,D,0
-19.7869,32.8731,341.9,2023-09-22,1151,D,0
-19.7882,32.8634,338.6,2023-09-22,1151,D,0
-20.0812,30.5471,328.0,2023-09-22,1151,D,0
-19.7693,32.8011,337.8,2023-09-22,1151,D,0
-19.7707,32.7914,362.8,2023-09-22,1151,D,0
-19.6964,32.7928,329.8,2023-09-22,1151,D,0
-20.1956,28.9817,327.9,2023-09-22,1151,D,0
-20.1844,28.9803,333.2,2023-09-22,1151,D,0
-19.92,30.3757,344.1,2023-09-22,1151,D,0
-19.9216,30.3634,332.5,2023-09-22,1151,D,0
-19.9037,30.4233,327.7,2023-09-22,1151,D,0
-19.9099,30.3742,357.6,2023-09-22,1151,D,0
-19.9115,30.362,340.5,2023-09-22,1151,D,0
-16.5944,29.3061,344.9,2023-09-22,1152,D,0
-16.596,29.2931,331.9,2023-09-22,1152,D,0
-16.5988,29.3011,338.5,2023-09-22,1152,D,0
-16.4123,30.4051,333.4,2023-09-22,1152,D,0
-16.4137,30.3944,344.3,2023-09-22,1152,D,0
-16.4288,30.2064,327.9,2023-09-22,1152,D,0
-16.4302,30.1952,326.0,2023-09-22,1152,D,0
-16.3465,30.7525,328.5,2023-09-22,1152,D,0
-16.3353,30.3642,332.1,2023-09-22,1152,D,0
-16.3368,30.3531,341.5,2023-09-22,1152,D,0
-16.3258,30.3623,329.4,2023-09-22,1152,D,0
-16.3875,29.7383,328.5,2023-09-22,1152,D,0
-16.3551,29.9106,335.4,2023-09-22,1152,D,0
-16.4287,29.335,326.4,2023-09-22,1152,D,0
-16.3823,29.4742,329.9,2023-09-22,1152,D,0
-16.4002,29.3377,345.2,2023-09-22,1152,D,0
-16.4019,29.3251,332.3,2023-09-22,1152,D,0
-16.3159,29.9001,325.0,2023-09-22,1152,D,0
-16.3174,29.8884,328.7,2023-09-22,1152,D,0
-16.3883,29.349,341.6,2023-09-22,1152,D,0
-16.3524,29.5447,328.5,2023-09-22,1152,D,0
-15.9975,30.1454,327.7,2023-09-22,1152,D,0
-16.6259,29.1379,328.2,2023-09-22,1152,D,0
-20.1029,30.9194,300.0,2023-09-22,1939,N,0
-19.7843,32.8771,304.5,2023-09-22,1939,N,0
-19.7796,32.8829,322.9,2023-09-22,1939,N,0
-19.8774,32.647,300.7,2023-09-22,1939,N,0
-19.8753,32.6656,319.7,2023-09-22,1939,N,0
-19.8676,32.7351,310.4,2023-09-22,1939,N,0
-20.1055,30.8951,308.4,2023-09-22,1939,N,0
-19.9194,32.5977,329.0,2023-09-22,1939,N,0
-19.9124,32.6029,308.9,2023-09-22,1939,N,0
-19.9266,32.5841,306.9,2023-09-22,1939,N,0
-19.9243,32.605,321.4,2023-09-22,1939,N,0
-19.7825,32.8923,300.4,2023-09-22,1939,N,0
-19.7725,32.8757,302.8,2023-09-22,1939,N,0
-19.9547,31.2061,302.6,2023-09-22,1939,N,0
-19.7707,32.7863,300.4,2023-09-22,1939,N,0
-19.7031,32.7902,301.9,2023-09-22,1939,N,0
-20.112,30.9011,307.4,2023-09-22,1939,N,0
-17.17,30.0036,312.5,2023-09-22,1940,N,0
-17.6186,30.9491,302.1,2023-09-22,1940,N,0
-17.6197,30.9649,302.6,2023-09-22,1940,N,0
-17.1316,31.8448,308.3,2023-09-22,1940,N,0
-17.1632,30.0218,300.9,2023-09-22,1940,N,0
-17.1659,29.9964,306.1,2023-09-22,1940,N,0
-17.6457,31.3158,300.1,2023-09-22,1940,N,0
-16.4532,31.1729,309.1,2023-09-22,1940,N,0
-17.8506,31.9302,303.7,2023-09-22,1940,N,0
-17.0282,29.2094,304.6,2023-09-23,21,N,0
-17.7652,31.868,317.4,2023-09-23,809,D,0
-17.5579,29.896,320.3,2023-09-23,809,D,0
-16.4131,30.83,320.1,2023-09-23,809,D,0
-16.5374,31.4823,322.0,2023-09-23,809,D,0
-16.5396,31.5009,322.7,2023-09-23,809,D,0
-16.6221,31.8816,319.9,2023-09-23,809,D,0
-16.583,30.0589,322.9,2023-09-23,809,D,0
-16.5848,30.0728,328.3,2023-09-23,809,D,0
-16.5862,30.0673,331.1,2023-09-23,809,D,0
-16.5592,29.1551,333.0,2023-09-23,809,D,0
-16.689,30.084,324.0,2023-09-23,809,D,0
-16.6899,30.0775,323.6,2023-09-23,809,D,0
-17.1469,31.2352,319.3,2023-09-23,809,D,0
-17.2324,31.6465,324.4,2023-09-23,809,D,0
-16.9918,29.4586,321.8,2023-09-23,809,D,0
-17.2499,31.5592,323.7,2023-09-23,809,D,0
-17.0121,29.1138,344.1,2023-09-23,809,D,0
-17.0208,29.0998,337.0,2023-09-23,809,D,0
-17.0225,29.1124,346.4,2023-09-23,809,D,0
-17.0204,29.1197,328.4,2023-09-23,809,D,0
-17.0188,29.1071,354.0,2023-09-23,809,D,0
-17.0329,29.2219,321.2,2023-09-23,809,D,0
-17.173,30.0143,320.7,2023-09-23,809,D,0
-17.3662,31.5582,318.6,2023-09-23,809,D,0
-17.0792,28.6912,328.8,2023-09-23,809,D,0
-17.1272,29.0737,322.0,2023-09-23,809,D,0
-17.2255,29.6952,319.7,2023-09-23,809,D,0
-17.2791,29.6543,321.8,2023-09-23,809,D,0
-17.2899,29.6533,326.8,2023-09-23,809,D,0
-17.7532,31.9981,320.5,2023-09-23,809,D,0
-18.708,30.7526,326.3,2023-09-23,810,D,0
-20.4981,28.4319,327.0,2023-09-23,810,D,0
-20.5956,30.5299,325.7,2023-09-23,810,D,0
-20.3356,28.6816,322.7,2023-09-23,810,D,0
-20.3339,28.668,323.8,2023-09-23,810,D,0
-20.297,31.2623,319.3,2023-09-23,810,D,0
-20.1307,30.7825,328.6,2023-09-23,810,D,0
-20.1275,30.7884,325.8,2023-09-23,810,D,0
-20.1254,30.7694,320.1,2023-09-23,810,D,0
-20.1031,30.9073,325.2,2023-09-23,810,D,0
-19.9396,30.3607,325.2,2023-09-23,810,D,0
-19.9278,30.3621,349.6,2023-09-23,810,D,0
-19.9215,30.3686,338.4,2023-09-23,810,D,0
-19.8958,30.354,328.6,2023-09-23,810,D,0
-19.4393,27.632,325.9,2023-09-23,810,D,0
-19.9331,32.6244,318.3,2023-09-23,810,D,0
-19.9306,32.5994,338.0,2023-09-23,810,D,0
-19.9165,32.6011,325.3,2023-09-23,810,D,0
-19.7788,32.8918,317.1,2023-09-23,810,D,0
-19.4295,30.1916,324.0,2023-09-23,810,D,0
-19.4313,30.1812,323.7,2023-09-23,810,D,0
-19.4769,31.239,325.1,2023-09-23,810,D,0
-19.3222,30.0465,326.4,2023-09-23,810,D,0
-19.0547,27.8029,338.0,2023-09-23,810,D,0
-19.0533,27.7915,370.6,2023-09-23,810,D,0
-19.0518,27.7802,371.1,2023-09-23,810,D,0
-19.4759,31.2451,324.1,2023-09-23,810,D,0
-19.0517,27.7975,356.2,2023-09-23,810,D,0
-19.0502,27.7862,383.4,2023-09-23,810,D,0
-19.0487,27.7749,339.8,2023-09-23,810,D,0
-19.3227,30.036,321.7,2023-09-23,810,D,0
-19.0405,27.7875,334.4,2023-09-23,810,D,0
-19.2395,29.5327,327.6,2023-09-23,810,D,0
-19.2378,29.5181,324.8,2023-09-23,810,D,0
-18.8485,27.7233,323.7,2023-09-23,810,D,0
-18.847,27.7122,324.6,2023-09-23,810,D,0
-18.8432,27.7583,327.6,2023-09-23,810,D,0
-18.8335,27.7596,326.3,2023-09-23,810,D,0
-18.3665,26.4759,324.6,2023-09-23,810,D,0
-18.8336,30.4628,325.1,2023-09-23,810,D,0
-18.8383,30.4681,324.6,2023-09-23,810,D,0
-18.4975,28.0742,324.2,2023-09-23,810,D,0
-18.9439,32.4967,329.7,2023-09-23,810,D,0
-18.9378,32.5035,333.1,2023-09-23,810,D,0
-18.9354,32.4803,324.1,2023-09-23,810,D,0
-18.2246,30.0205,327.1,2023-09-23,810,D,0
-18.7665,32.3418,321.9,2023-09-23,810,D,0
-18.4207,30.4249,326.2,2023-09-23,810,D,0
-18.4188,30.4086,324.5,2023-09-23,810,D,0
-18.5119,32.17,318.0,2023-09-23,810,D,0
-18.3105,30.3624,331.3,2023-09-23,810,D,0
-18.3086,30.3461,337.3,2023-09-23,810,D,0
-17.8874,29.8748,323.1,2023-09-23,810,D,0
-17.8892,29.8897,324.3,2023-09-23,810,D,0
-17.9174,29.6648,323.8,2023-09-23,810,D,0
-17.9194,29.6581,320.5,2023-09-23,810,D,0
-17.7057,27.6351,323.5,2023-09-23,810,D,0
-17.7152,27.6334,325.0,2023-09-23,810,D,0
-18.108,30.0014,324.8,2023-09-23,810,D,0
-18.1084,29.4352,321.1,2023-09-23,810,D,0
-17.8576,27.3971,323.6,2023-09-23,810,D,0
-18.3768,31.5265,325.8,2023-09-23,810,D,0
-18.2233,30.011,325.9,2023-09-23,810,D,0
-18.2252,30.0263,323.1,2023-09-23,810,D,0
-20.3851,29.6264,346.0,2023-09-23,1232,D,0
-21.1471,31.7513,329.0,2023-09-23,1232,D,0
-21.4563,29.4258,339.5,2023-09-23,1232,D,0
-21.0597,31.4363,324.1,2023-09-23,1232,D,0
-21.4413,29.4406,327.2,2023-09-23,1232,D,0
-21.4445,29.4233,362.1,2023-09-23,1232,D,0
-21.4477,29.4061,326.3,2023-09-23,1232,D,0
-21.4467,29.4348,348.1,2023-09-23,1232,D,0
-21.4497,29.4176,349.9,2023-09-23,1232,D,0
-21.0629,31.4552,323.3,2023-09-23,1232,D,0
-20.6158,30.5229,328.2,2023-09-23,1232,D,0
-20.6347,30.2827,323.3,2023-09-23,1232,D,0
-20.594,30.5118,327.9,2023-09-23,1232,D,0
-20.4482,30.8497,326.9,2023-09-23,1232,D,0
-20.4527,30.8262,332.2,2023-09-23,1232,D,0
-20.4531,30.843,331.2,2023-09-23,1232,D,0
-20.4575,30.8193,323.9,2023-09-23,1232,D,0
-20.9263,28.0401,328.9,2023-09-23,1232,D,0
-20.9155,28.0379,337.8,2023-09-23,1232,D,0
-20.3048,31.2543,324.6,2023-09-23,1232,D,0
-19.9097,32.9151,345.9,2023-09-23,1232,D,0
-19.9167,32.8818,345.6,2023-09-23,1232,D,0
-19.9021,32.9067,348.6,2023-09-23,1232,D,0
-19.9086,32.8747,333.9,2023-09-23,1232,D,0
-20.1109,31.3008,328.2,2023-09-23,1232,D,0
-20.4113,29.6371,329.0,2023-09-23,1232,D,0
-20.4776,29.2748,325.5,2023-09-23,1232,D,0
-20.4807,29.2575,328.6,2023-09-23,1232,D,0
-20.3956,29.6534,342.2,2023-09-23,1232,D,0
-20.4026,29.6157,345.5,2023-09-23,1232,D,0
-20.3869,29.632,339.2,2023-09-23,1232,D,0
-20.3904,29.6132,334.4,2023-09-23,1232,D,0
-20.4602,29.2353,328.9,2023-09-23,1232,D,0
-20.3747,29.6296,334.8,2023-09-23,1232,D,0
-20.3783,29.6107,328.7,2023-09-23,1232,D,0
-20.3817,29.6454,334.2,2023-09-23,1232,D,0
-20.0984,30.89,326.2,2023-09-23,1232,D,0
-20.3942,29.1622,331.5,2023-09-23,1232,D,0
-20.2978,29.0447,325.6,2023-09-23,1232,D,0
-20.358,28.7138,352.6,2023-09-23,1232,D,0
-20.3609,28.6978,333.4,2023-09-23,1232,D,0
-20.3041,29.0404,326.4,2023-09-23,1232,D,0
-20.3591,28.725,333.8,2023-09-23,1232,D,0
-20.3619,28.7088,350.5,2023-09-23,1232,D,0
-20.3249,28.7181,325.0,2023-09-23,1232,D,0
-20.3335,28.6691,335.2,2023-09-23,1232,D,0
-19.9643,30.3368,334.5,2023-09-23,1232,D,0
-20.3593,28.1951,334.5,2023-09-23,1232,D,0
-20.362,28.1802,352.7,2023-09-23,1232,D,0
-20.3582,28.1881,348.4,2023-09-23,1232,D,0
-20.3607,28.1732,341.9,2023-09-23,1232,D,0
-19.9317,30.2999,349.8,2023-09-23,1232,D,0
-20.1729,28.3331,327.5,2023-09-23,1232,D,0
-20.178,28.0948,332.5,2023-09-23,1232,D,0
-20.1696,28.078,331.5,2023-09-23,1232,D,0
-20.1721,28.0633,331.8,2023-09-23,1232,D,0
-19.6513,30.8062,322.5,2023-09-23,1232,D,0
-19.6557,30.783,323.9,2023-09-23,1232,D,0
-19.7981,29.388,355.9,2023-09-23,1232,D,0
-19.8015,29.3695,340.9,2023-09-23,1232,D,0
-19.786,29.3856,339.3,2023-09-23,1232,D,0
-19.7894,29.3671,333.4,2023-09-23,1232,D,0
-19.7908,29.3988,327.2,2023-09-23,1232,D,0
-19.7941,29.3803,357.7,2023-09-23,1232,D,0
-19.5396,30.3466,324.3,2023-09-23,1232,D,0
-19.6839,29.5706,350.1,2023-09-23,1232,D,0
-19.6874,29.5515,375.8,2023-09-23,1232,D,0
-19.5265,30.3436,327.0,2023-09-23,1232,D,0
-19.675,29.5491,336.9,2023-09-23,1232,D,0
-19.5005,30.3371,325.6,2023-09-23,1232,D,0
-19.5312,30.3396,328.3,2023-09-23,1232,D,0
-19.5011,30.3554,325.5,2023-09-23,1232,D,0
-19.32,31.0955,349.4,2023-09-23,1232,D,0
-19.3249,31.0703,325.9,2023-09-23,1232,D,0
-19.4772,30.1924,327.8,2023-09-23,1232,D,0
-19.2498,31.1259,325.9,2023-09-23,1232,D,0
-18.9978,32.2667,322.1,2023-09-23,1232,D,0
-19.2578,30.5231,324.5,2023-09-23,1232,D,0
-19.4446,29.368,327.3,2023-09-23,1232,D,0
-19.2221,30.492,333.6,2023-09-23,1232,D,0
-19.2917,30.0528,324.0,2023-09-23,1232,D,0
-19.1277,30.8364,325.7,2023-09-23,1232,D,0
-19.1351,30.8302,326.7,2023-09-23,1232,D,0
-19.128,30.2284,324.4,2023-09-23,1232,D,0
-19.2429,29.5305,329.1,2023-09-23,1232,D,0
-19.2464,29.5114,329.1,2023-09-23,1232,D,0
-19.3799,28.106,338.8,2023-09-23,1232,D,0
-19.3825,28.091,333.9,2023-09-23,1232,D,0
-18.8446,30.4594,326.2,2023-09-23,1232,D,0
-18.8456,30.4758,327.3,2023-09-23,1232,D,0
-18.8754,30.0899,326.1,2023-09-23,1232,D,0
-19.0653,27.7901,339.7,2023-09-23,1232,D,0
-17.7195,29.9302,324.8,2023-09-23,1233,D,0
-17.7239,29.5384,328.4,2023-09-23,1233,D,0
-17.7278,29.5178,325.8,2023-09-23,1233,D,0
-18.2756,26.3333,331.5,2023-09-23,1233,D,0
-16.6992,29.4502,324.7,2023-09-23,1233,D,0
-18.0605,29.4966,327.0,2023-09-23,1233,D,0
-17.8977,29.8905,326.1,2023-09-23,1233,D,0
-17.9017,29.8684,324.5,2023-09-23,1233,D,0
-17.8898,29.6405,323.0,2023-09-23,1233,D,0
-17.5744,30.8141,327.7,2023-09-23,1233,D,0
-18.3017,26.3007,333.6,2023-09-23,1233,D,0
-16.5299,29.4965,330.6,2023-09-23,1233,D,0
-16.5344,29.4919,327.2,2023-09-23,1233,D,0
-16.1194,30.7011,326.0,2023-09-23,1233,D,0
-16.1195,30.6958,328.2,2023-09-23,1233,D,0
-16.257,29.63,329.0,2023-09-23,1233,D,0
-17.1968,29.8836,327.7,2023-09-23,1233,D,0
-17.7068,27.637,335.0,2023-09-23,1233,D,0
-17.8637,27.3875,331.5,2023-09-23,1233,D,0
-17.5857,29.201,328.4,2023-09-23,1233,D,0
-17.6048,29.3971,326.7,2023-09-23,1233,D,0
-17.6649,29.352,326.0,2023-09-23,1233,D,0
-17.7248,29.5311,333.1,2023-09-23,1233,D,0
-16.9609,29.0145,341.5,2023-09-23,1233,D,0
-18.2768,26.3266,334.0,2023-09-23,1233,D,0
-18.2776,26.3211,338.6,2023-09-23,1233,D,0
-16.8895,28.818,327.7,2023-09-23,1233,D,0
-17.2027,29.8799,331.2,2023-09-23,1233,D,0
-17.2697,28.517,328.0,2023-09-23,1233,D,0
-16.7377,31.0887,323.0,2023-09-23,1233,D,0
-17.0551,29.2281,328.0,2023-09-23,1233,D,0
-17.055,29.2207,329.9,2023-09-23,1233,D,0
-16.8737,29.9345,330.1,2023-09-23,1233,D,0
-16.9575,29.0337,345.7,2023-09-23,1233,D,0
-19.0569,27.7735,344.2,2023-09-23,1233,D,0
-19.0433,27.7801,339.7,2023-09-23,1233,D,0
-18.3916,31.0451,326.2,2023-09-23,1233,D,0
-18.4919,30.1672,324.6,2023-09-23,1233,D,0
-18.8507,27.7606,336.9,2023-09-23,1233,D,0
-18.8581,27.717,336.6,2023-09-23,1233,D,0
-18.8398,27.7584,339.9,2023-09-23,1233,D,0
-18.2783,30.7469,326.8,2023-09-23,1233,D,0
-17.9655,32.1989,325.2,2023-09-23,1233,D,0
-18.6489,27.9926,327.1,2023-09-23,1233,D,0
-18.6508,27.9873,329.0,2023-09-23,1233,D,0
-18.3005,29.3326,325.9,2023-09-23,1233,D,0
-18.1126,30.2974,323.0,2023-09-23,1233,D,0
-18.0458,30.3552,326.3,2023-09-23,1233,D,0
-18.5356,27.4392,333.8,2023-09-23,1233,D,0
-18.5379,27.4252,328.0,2023-09-23,1233,D,0
-21.4174,29.4263,314.4,2023-09-23,2019,N,0
-21.416,29.436,314.6,2023-09-23,2019,N,0
-21.425,29.4375,310.7,2023-09-23,2019,N,0
-21.4373,29.416,311.4,2023-09-23,2019,N,0
-21.4359,29.4257,315.9,2023-09-23,2019,N,0
-21.4345,29.4354,320.6,2023-09-23,2019,N,0
-17.6227,30.506,314.7,2023-09-23,2020,N,0
-17.6501,30.1395,315.7,2023-09-23,2020,N,0
-17.6389,30.1486,303.1,2023-09-23,2020,N,0
-17.8505,27.3912,308.9,2023-09-23,2020,N,0
-19.9075,32.9173,309.1,2023-09-23,2020,N,0
-19.91,32.9026,316.0,2023-09-23,2020,N,0
-19.9124,32.8881,309.5,2023-09-23,2020,N,0
-19.8967,32.914,311.7,2023-09-23,2020,N,0
-19.8991,32.8998,314.6,2023-09-23,2020,N,0
-19.9016,32.8853,323.2,2023-09-23,2020,N,0
-19.9266,32.6063,303.2,2023-09-23,2020,N,0
-19.9238,32.6002,305.7,2023-09-23,2020,N,0
-19.88,32.6644,326.5,2023-09-23,2020,N,0
-19.8823,32.6506,333.7,2023-09-23,2020,N,0
-19.7724,32.8919,305.1,2023-09-23,2020,N,0
-19.775,32.8759,301.8,2023-09-23,2020,N,0
-20.0661,28.8412,300.6,2023-09-23,2020,N,0
-20.1722,28.0944,306.0,2023-09-23,2020,N,0
-20.1735,28.0849,302.4,2023-09-23,2020,N,0
-20.1646,28.0835,303.9,2023-09-23,2020,N,0
-19.5715,30.1762,313.3,2023-09-23,2020,N,0
-18.6184,30.6899,302.2,2023-09-23,2020,N,0
-18.6201,30.6787,301.5,2023-09-23,2020,N,0
-18.4677,31.1931,302.2,2023-09-23,2020,N,0
-18.3621,31.5283,301.6,2023-09-23,2020,N,0
-18.3417,31.2757,316.3,2023-09-23,2020,N,0
-18.3236,30.2101,310.8,2023-09-23,2020,N,0
-18.0543,31.4088,307.2,2023-09-23,2020,N,0
-18.201,30.4726,307.5,2023-09-23,2020,N,0
-18.1584,30.6829,302.2,2023-09-23,2020,N,0
-18.0589,30.729,309.6,2023-09-23,2020,N,0
-18.0491,30.7272,300.5,2023-09-23,2020,N,0
-17.9731,30.0276,305.9,2023-09-23,2020,N,0
-17.9595,29.7632,304.1,2023-09-23,2020,N,0
-17.7289,30.7475,302.4,2023-09-23,2020,N,0
-17.5101,32.1313,304.3,2023-09-23,2020,N,0
-17.7269,30.7524,303.9,2023-09-23,2020,N,0
-16.7215,29.1605,307.2,2023-09-23,2021,N,0
-16.5773,31.351,352.0,2023-09-23,2021,N,0
-16.9294,29.6163,303.5,2023-09-23,2021,N,0
-16.9262,29.7007,304.6,2023-09-23,2021,N,0
-16.9247,29.7112,305.1,2023-09-23,2021,N,0
-16.99,29.5317,306.4,2023-09-23,2021,N,0
-17.0292,29.4405,324.6,2023-09-23,2021,N,0
-17.0276,29.4506,303.6,2023-09-23,2021,N,0
-17.0137,29.7328,306.7,2023-09-23,2021,N,0
-16.8594,31.0539,316.8,2023-09-23,2021,N,0
-16.8574,31.0662,312.5,2023-09-23,2021,N,0
-17.0761,30.1207,307.2,2023-09-23,2021,N,0
-17.2407,29.3232,309.7,2023-09-23,2021,N,0
-16.249,29.7835,305.5,2023-09-23,2021,N,0
-16.2474,29.7945,306.4,2023-09-23,2021,N,0
-16.5794,31.3379,358.8,2023-09-23,2021,N,0
-16.5751,30.0614,312.6,2023-09-23,2021,N,0
-16.8246,29.764,312.3,2023-09-23,2021,N,0
-16.5669,31.3492,323.7,2023-09-23,2021,N,0
-16.569,31.3361,339.6,2023-09-23,2021,N,0
-16.7141,29.2103,306.4,2023-09-23,2021,N,0
-16.7155,29.2003,306.2,2023-09-23,2021,N,0
-17.0403,29.1756,319.6,2023-09-23,2325,N,0
-18.501,31.2705,313.3,2023-09-23,2325,N,0
-18.4991,31.2591,307.3,2023-09-23,2325,N,0
-17.9844,30.3432,302.4,2023-09-23,2325,N,0
-17.7007,29.9873,300.7,2023-09-23,2325,N,0
-17.6898,29.9892,302.2,2023-09-23,2325,N,0
-17.6107,30.2562,306.6,2023-09-23,2325,N,0
-17.0519,29.1733,312.0,2023-09-23,2325,N,0
-17.0489,29.1565,310.7,2023-09-23,2325,N,0
-17.0372,29.1587,313.0,2023-09-23,2325,N,0
-17.0289,29.4374,325.3,2023-09-23,2325,N,0
-16.8436,29.5014,303.7,2023-09-23,2325,N,0
-16.5714,30.0625,302.5,2023-09-23,2325,N,0
-16.5717,31.3433,303.2,2023-09-23,2325,N,0
-16.5697,31.3314,306.5,2023-09-23,2325,N,0
-19.8737,32.6684,302.4,2023-09-23,2326,N,0
-19.7693,32.8928,300.8,2023-09-23,2326,N,0
-19.7707,32.9022,302.0,2023-09-23,2326,N,0
-19.3625,30.0469,303.1,2023-09-23,2326,N,0
-19.8935,32.9153,324.7,2023-09-23,2326,N,0
-19.8995,32.8942,304.7,2023-09-23,2326,N,0
-19.9025,32.9137,318.5,2023-09-23,2326,N,0
-19.8721,32.6583,308.1,2023-09-23,2326,N,0
-20.4087,29.6155,305.9,2023-09-23,2326,N,0
-19.8828,32.6667,321.8,2023-09-23,2326,N,0
-19.8812,32.6569,321.5,2023-09-23,2326,N,0
-19.9085,32.8925,322.9,2023-09-23,2326,N,0
-17.8844,29.974,319.2,2023-09-24,712,D,0
-18.047,31.7493,315.1,2023-09-24,712,D,0
-17.929,31.4618,333.7,2023-09-24,712,D,0
-17.9147,31.4642,316.7,2023-09-24,712,D,0
-17.9264,31.4692,334.8,2023-09-24,712,D,0
-17.9217,31.4432,318.9,2023-09-24,712,D,0
-17.5722,29.926,317.1,2023-09-24,712,D,0
-17.8363,31.4598,320.6,2023-09-24,712,D,0
-17.8336,31.4664,320.8,2023-09-24,712,D,0
-17.6502,31.373,315.3,2023-09-24,712,D,0
-17.5559,32.0824,321.7,2023-09-24,712,D,0
-17.5495,32.0899,319.2,2023-09-24,712,D,0
-17.5451,32.0658,318.4,2023-09-24,712,D,0
-16.5692,30.064,317.8,2023-09-24,712,D,0
-16.7831,32.6723,317.7,2023-09-24,712,D,0
-17.8916,29.9784,320.2,2023-09-24,712,D,0
-19.7912,31.3119,323.1,2023-09-24,713,D,0
-19.8847,32.668,315.1,2023-09-24,713,D,0
-19.7965,31.305,317.4,2023-09-24,713,D,0
-17.7727,30.9408,331.0,2023-09-24,1136,D,0
-21.4426,29.4077,330.3,2023-09-24,1136,D,0
-21.4253,29.4345,325.3,2023-09-24,1136,D,0
-21.428,29.4063,334.8,2023-09-24,1136,D,0
-21.4423,29.4029,328.5,2023-09-24,1136,D,0
-21.4248,29.4297,328.8,2023-09-24,1136,D,0
-21.4276,29.4014,328.1,2023-09-24,1136,D,0
-21.1382,31.7674,331.3,2023-09-24,1136,D,0
-21.1403,31.749,327.9,2023-09-24,1136,D,0
-20.5612,30.7275,325.4,2023-09-24,1136,D,0
-20.5619,30.7446,323.7,2023-09-24,1136,D,0
-20.4571,29.3285,332.7,2023-09-24,1136,D,0
-20.4524,29.347,330.9,2023-09-24,1136,D,0
-20.4551,29.3209,325.6,2023-09-24,1136,D,0
-20.3819,29.6089,327.8,2023-09-24,1136,D,0
-20.3845,29.5831,324.1,2023-09-24,1136,D,0
-19.8965,32.6656,328.0,2023-09-24,1136,D,0
-19.8981,32.6513,325.8,2023-09-24,1136,D,0
-19.8962,32.6591,346.2,2023-09-24,1136,D,0
-19.7777,32.8992,324.1,2023-09-24,1136,D,0
-19.7793,32.8862,328.9,2023-09-24,1136,D,0
-19.7766,32.8944,340.1,2023-09-24,1136,D,0
-20.1822,28.9022,324.1,2023-09-24,1136,D,0
-20.1238,28.7176,326.4,2023-09-24,1136,D,0
-20.1224,28.7405,327.3,2023-09-24,1136,D,0
-19.6932,30.8461,324.0,2023-09-24,1136,D,0
-19.6765,29.5632,325.3,2023-09-24,1136,D,0
-19.5852,30.1631,328.8,2023-09-24,1136,D,0
-19.5394,30.3404,326.4,2023-09-24,1136,D,0
-19.5438,30.3358,323.5,2023-09-24,1136,D,0
-19.1312,32.002,328.4,2023-09-24,1136,D,0
-19.2742,30.0172,327.0,2023-09-24,1136,D,0
-19.2798,30.0112,326.8,2023-09-24,1136,D,0
-18.9952,31.9779,331.4,2023-09-24,1136,D,0
-18.997,31.9619,343.1,2023-09-24,1136,D,0
-18.9873,31.9439,352.4,2023-09-24,1136,D,0
-19.0413,31.4656,327.1,2023-09-24,1136,D,0
-19.2238,29.614,334.8,2023-09-24,1136,D,0
-18.9917,31.9392,337.8,2023-09-24,1136,D,0
-18.978,31.9541,330.1,2023-09-24,1136,D,0
-18.98,31.9376,329.7,2023-09-24,1136,D,0
-19.2192,29.6084,332.2,2023-09-24,1136,D,0
-18.9687,31.7327,365.2,2023-09-24,1136,D,0
-18.9707,31.7154,367.7,2023-09-24,1136,D,0
-18.9226,29.7027,345.4,2023-09-24,1136,D,0
-18.9088,29.701,339.2,2023-09-24,1136,D,0
-18.7772,29.4993,326.8,2023-09-24,1136,D,0
-18.5611,31.315,330.4,2023-09-24,1136,D,0
-18.5632,31.2971,324.9,2023-09-24,1136,D,0
-18.6856,29.5636,325.1,2023-09-24,1136,D,0
-18.692,29.5843,326.6,2023-09-24,1136,D,0
-18.6947,29.5598,324.0,2023-09-24,1136,D,0
-18.4258,31.4914,330.5,2023-09-24,1136,D,0
-18.4278,31.4741,329.0,2023-09-24,1136,D,0
-18.4298,31.4568,343.0,2023-09-24,1136,D,0
-18.2376,32.8916,339.0,2023-09-24,1136,D,0
-18.2319,32.8977,327.8,2023-09-24,1136,D,0
-18.2335,32.8848,322.2,2023-09-24,1136,D,0
-18.5754,29.2538,323.2,2023-09-24,1136,D,0
-18.3474,30.2091,331.2,2023-09-24,1136,D,0
-18.3502,30.2024,327.7,2023-09-24,1136,D,0
-18.5876,27.3372,324.6,2023-09-24,1136,D,0
-18.598,27.3336,326.8,2023-09-24,1136,D,0
-18.1777,30.5805,325.8,2023-09-24,1136,D,0
-18.1538,30.6793,325.8,2023-09-24,1136,D,0
-18.0539,29.8097,335.7,2023-09-24,1136,D,0
-18.0592,29.8035,329.5,2023-09-24,1136,D,0
-18.0102,29.7505,331.2,2023-09-24,1136,D,0
-17.952,29.8314,325.0,2023-09-24,1136,D,0
-17.7604,30.9392,341.3,2023-09-24,1136,D,0
-17.3274,29.5572,323.9,2023-09-24,1137,D,0
-17.0718,29.2118,328.7,2023-09-24,1137,D,0
-16.7339,31.346,328.5,2023-09-24,1137,D,0
-16.736,31.3293,348.8,2023-09-24,1137,D,0
-16.9631,29.2425,331.9,2023-09-24,1137,D,0
-16.9658,29.218,328.2,2023-09-24,1137,D,0
-16.8241,29.5599,322.9,2023-09-24,1137,D,0
-16.816,29.5514,328.6,2023-09-24,1137,D,0
-16.5417,31.4262,328.4,2023-09-24,1137,D,0
-16.6503,30.4057,331.8,2023-09-24,1137,D,0
-16.5631,30.7258,349.9,2023-09-24,1137,D,0
-16.5652,30.7074,362.0,2023-09-24,1137,D,0
-16.5606,30.7205,373.2,2023-09-24,1137,D,0
-16.5628,30.7019,350.6,2023-09-24,1137,D,0
-16.5483,30.7184,332.6,2023-09-24,1137,D,0
-16.575,30.0445,327.2,2023-09-24,1137,D,0
-16.5766,30.0374,327.7,2023-09-24,1137,D,0
-16.3712,30.8118,328.5,2023-09-24,1137,D,0
-16.4327,29.9289,323.6,2023-09-24,1137,D,0
-16.3717,30.2347,322.5,2023-09-24,1137,D,0
-16.374,30.2143,322.7,2023-09-24,1137,D,0
-16.4243,29.6447,322.9,2023-09-24,1137,D,0
-16.3716,30.2274,325.1,2023-09-24,1137,D,0
-16.4285,29.6385,325.9,2023-09-24,1137,D,0
-16.3817,29.8082,326.4,2023-09-24,1137,D,0
-16.3675,29.6983,327.5,2023-09-24,1137,D,0
-16.3542,29.6962,328.7,2023-09-24,1137,D,0
-16.3566,29.6747,324.5,2023-09-24,1137,D,0
-16.2536,29.7874,326.8,2023-09-24,1137,D,0
-16.2559,29.7667,322.5,2023-09-24,1137,D,0
-17.3337,29.5511,326.1,2023-09-24,1137,D,0
-17.2149,29.8837,324.3,2023-09-24,1137,D,0
-17.2061,29.8772,324.9,2023-09-24,1137,D,0
-16.953,31.7061,322.0,2023-09-24,1137,D,0
-17.0561,30.389,334.7,2023-09-24,1137,D,0
-17.0559,30.382,328.7,2023-09-24,1137,D,0
-16.839,31.7942,334.4,2023-09-24,1137,D,0
-17.0827,29.2932,326.6,2023-09-24,1137,D,0
-17.0852,29.2687,326.6,2023-09-24,1137,D,0
-17.0776,29.2874,336.6,2023-09-24,1137,D,0
-17.0803,29.263,328.8,2023-09-24,1137,D,0
-17.754,30.416,347.2,2023-09-24,1137,D,0
-17.7563,30.3954,335.2,2023-09-24,1137,D,0
-17.6789,30.9598,333.9,2023-09-24,1137,D,0
-17.5951,29.9746,332.1,2023-09-24,1137,D,0
-17.6625,29.2192,332.5,2023-09-24,1137,D,0
-17.6651,29.1944,332.9,2023-09-24,1137,D,0
-17.4937,30.6549,341.9,2023-09-24,1137,D,0
-17.4958,30.6355,381.8,2023-09-24,1137,D,0
-17.4811,30.6532,326.6,2023-09-24,1137,D,0
-17.4832,30.634,362.9,2023-09-24,1137,D,0
-17.6726,29.2156,326.1,2023-09-24,1137,D,0
-17.4929,30.6496,370.0,2023-09-24,1137,D,0
-17.4952,30.6304,378.3,2023-09-24,1137,D,0
-17.6586,29.2138,328.8,2023-09-24,1137,D,0
-17.6613,29.189,326.9,2023-09-24,1137,D,0
-17.4233,31.1286,329.3,2023-09-24,1137,D,0
-17.4804,30.6481,324.0,2023-09-24,1137,D,0
-17.4826,30.6289,327.1,2023-09-24,1137,D,0
-17.424,31.0194,326.7,2023-09-24,1137,D,0
-17.4294,30.7589,333.4,2023-09-24,1137,D,0
-17.4316,30.7403,332.0,2023-09-24,1137,D,0
-17.3793,30.9776,325.2,2023-09-24,1137,D,0
-17.3814,30.9597,331.9,2023-09-24,1137,D,0
-17.4086,30.1379,327.3,2023-09-24,1137,D,0
-17.3795,29.5872,331.6,2023-09-24,1137,D,0
-17.3821,29.5637,324.2,2023-09-24,1137,D,0
-17.3175,29.6511,335.8,2023-09-24,1137,D,0
-17.32,29.6278,341.0,2023-09-24,1137,D,0
-17.0691,29.2364,332.5,2023-09-24,1137,D,0
-17.323,29.6446,342.7,2023-09-24,1137,D,0
-17.3257,29.6216,329.7,2023-09-24,1137,D,0
-17.5365,32.0384,305.9,2023-09-24,1923,N,0
-17.5309,32.0327,305.5,2023-09-24,1923,N,0
-17.9083,30.4011,301.6,2023-09-25,7,N,0
-18.3697,26.478,309.6,2023-09-25,7,N,0
-18.4216,26.4258,306.1,2023-09-25,7,N,2
-17.2292,29.501,306.0,2023-09-25,7,N,0
-17.6387,29.2062,310.7,2023-09-25,7,N,0
-17.6406,29.2223,301.5,2023-09-25,7,N,0
-17.5389,32.0363,300.1,2023-09-25,7,N,0
-15.9405,30.3943,322.4,2023-09-25,752,D,0
-16.042,30.8518,323.4,2023-09-25,752,D,0
-17.9839,30.0014,326.1,2023-09-25,753,D,0
-17.6917,27.8931,324.4,2023-09-25,753,D,0
-17.6932,27.9029,324.9,2023-09-25,753,D,0
-18.1719,30.9625,328.3,2023-09-25,753,D,0
-18.2309,30.9133,328.1,2023-09-25,753,D,0
-18.2322,30.9233,350.9,2023-09-25,753,D,0
-18.3456,31.5067,328.7,2023-09-25,753,D,0
-18.2359,30.4858,321.6,2023-09-25,753,D,0
-17.8549,27.631,322.7,2023-09-25,753,D,0
-18.4326,31.5428,326.1,2023-09-25,753,D,0
-18.0392,27.5675,322.4,2023-09-25,753,D,0
-18.6406,31.4361,331.0,2023-09-25,753,D,0
-18.642,31.4467,331.0,2023-09-25,753,D,0
-18.65,31.4348,330.9,2023-09-25,753,D,0
-18.7336,31.1603,323.6,2023-09-25,753,D,0
-18.8883,32.2457,322.7,2023-09-25,753,D,0
-18.8884,32.2399,324.3,2023-09-25,753,D,0
-19.0107,31.0533,323.5,2023-09-25,753,D,0
-18.9063,29.6928,322.1,2023-09-25,753,D,0
-18.5825,27.3307,323.1,2023-09-25,753,D,0
-18.5917,27.3291,322.9,2023-09-25,753,D,0
-19.3835,29.8112,322.8,2023-09-25,753,D,0
-19.8794,32.9122,325.8,2023-09-25,753,D,0
-19.5174,30.1083,330.2,2023-09-25,753,D,0
-19.5583,30.4018,321.7,2023-09-25,753,D,0
-19.8883,32.8977,319.7,2023-09-25,753,D,0
-19.89,32.9112,342.9,2023-09-25,753,D,0
-19.8847,32.9058,337.3,2023-09-25,753,D,0
-19.8864,32.9198,324.2,2023-09-25,753,D,0
-19.8953,32.905,326.9,2023-09-25,753,D,0
-19.5813,30.172,323.0,2023-09-25,753,D,0
-19.6965,29.6799,323.0,2023-09-25,753,D,0
-19.6979,29.6895,321.5,2023-09-25,753,D,0
-19.9127,30.7876,326.6,2023-09-25,753,D,0
-19.9141,30.798,328.9,2023-09-25,753,D,0
-19.8538,30.2828,325.4,2023-09-25,753,D,0
-18.6514,31.4454,328.6,2023-09-25,753,D,0
-16.1878,30.3196,336.8,2023-09-25,753,D,0
-16.1967,30.3182,323.6,2023-09-25,753,D,0
-16.2564,29.7683,327.0,2023-09-25,753,D,0
-16.264,29.7578,321.0,2023-09-25,753,D,0
-16.2653,29.767,321.4,2023-09-25,753,D,0
-16.2667,29.7762,320.0,2023-09-25,753,D,0
-16.3498,29.7763,320.8,2023-09-25,753,D,0
-16.6406,31.8786,321.4,2023-09-25,753,D,0
-16.364,29.8118,340.2,2023-09-25,753,D,0
-16.4307,29.8959,321.9,2023-09-25,753,D,0
-16.4391,29.8287,322.2,2023-09-25,753,D,0
-16.5618,30.2953,328.6,2023-09-25,753,D,0
-16.6399,30.7838,327.0,2023-09-25,753,D,0
-16.6412,30.7933,323.0,2023-09-25,753,D,0
-16.5656,30.0671,323.1,2023-09-25,753,D,0
-16.677,30.5883,337.7,2023-09-25,753,D,0
-16.5366,29.4814,328.0,2023-09-25,753,D,0
-16.8188,31.4112,338.2,2023-09-25,753,D,0
-16.8922,31.8094,323.8,2023-09-25,753,D,0
-16.9002,31.7976,330.6,2023-09-25,753,D,0
-16.7745,30.1689,327.3,2023-09-25,753,D,0
-16.7758,30.1782,328.5,2023-09-25,753,D,0
-16.7834,30.1675,404.2,2023-09-25,753,D,0
-16.7847,30.1768,346.8,2023-09-25,753,D,0
-16.7134,29.5547,328.1,2023-09-25,753,D,0
-16.7148,29.5639,328.5,2023-09-25,753,D,0
-16.9571,31.2157,323.6,2023-09-25,753,D,0
-16.9826,31.334,335.1,2023-09-25,753,D,0
-16.984,31.344,353.9,2023-09-25,753,D,0
-16.9854,31.354,325.9,2023-09-25,753,D,0
-16.9939,31.2103,345.4,2023-09-25,753,D,0
-16.9952,31.2202,332.5,2023-09-25,753,D,0
-16.8775,30.1184,331.9,2023-09-25,753,D,0
-16.9305,30.4934,322.8,2023-09-25,753,D,0
-16.758,29.2301,325.0,2023-09-25,753,D,0
-16.9109,30.1609,362.3,2023-09-25,753,D,0
-16.9123,30.1702,330.2,2023-09-25,753,D,0
-16.9761,30.6221,322.8,2023-09-25,753,D,0
-16.9774,30.6316,323.8,2023-09-25,753,D,0
-17.0538,31.1143,336.2,2023-09-25,753,D,0
-17.0551,31.1242,331.2,2023-09-25,753,D,0
-17.063,31.113,353.8,2023-09-25,753,D,0
-17.0643,31.1229,325.1,2023-09-25,753,D,0
-16.8709,29.4333,330.6,2023-09-25,753,D,0
-16.8723,29.4425,334.3,2023-09-25,753,D,0
-16.8102,28.9597,328.5,2023-09-25,753,D,0
-17.0721,30.3892,335.3,2023-09-25,753,D,0
-16.9625,29.1195,337.6,2023-09-25,753,D,0
-16.9638,29.1288,324.7,2023-09-25,753,D,0
-16.9714,29.1181,334.5,2023-09-25,753,D,0
-17.0195,29.1899,334.3,2023-09-25,753,D,0
-17.1971,30.4256,322.4,2023-09-25,753,D,0
-17.0284,29.1885,322.9,2023-09-25,753,D,0
-17.1331,29.9096,342.4,2023-09-25,753,D,0
-17.1345,29.9188,373.5,2023-09-25,753,D,0
-17.3418,30.7385,322.1,2023-09-25,753,D,0
-17.3093,30.3735,323.1,2023-09-25,753,D,0
-17.2677,29.8258,322.0,2023-09-25,753,D,0
-17.2464,29.2936,325.2,2023-09-25,753,D,0
-17.409,30.3623,322.3,2023-09-25,753,D,0
-17.3228,29.6316,325.5,2023-09-25,753,D,0
-17.2833,29.2973,324.1,2023-09-25,753,D,0
-17.3317,29.6302,337.1,2023-09-25,753,D,0
-17.3573,29.6105,331.1,2023-09-25,753,D,0
-17.2026,28.5012,327.3,2023-09-25,753,D,0
-17.4743,29.9816,334.7,2023-09-25,753,D,0
-17.2555,28.3017,323.4,2023-09-25,753,D,0
-17.77,31.7949,328.1,2023-09-25,753,D,0
-17.427,29.0823,327.4,2023-09-25,753,D,0
-17.4812,29.4529,324.3,2023-09-25,753,D,0
-17.7067,30.386,333.6,2023-09-25,753,D,0
-17.7081,30.3955,321.8,2023-09-25,753,D,0
-17.6976,29.9294,323.1,2023-09-25,753,D,0
-17.9572,31.8217,328.4,2023-09-25,753,D,0
-17.8514,30.7619,351.0,2023-09-25,753,D,0
-17.9911,31.3164,323.4,2023-09-25,753,D,0
-17.9457,30.7116,324.6,2023-09-25,753,D,0
-17.9106,30.3958,328.4,2023-09-25,753,D,0
-17.9831,30.4535,327.5,2023-09-25,753,D,0
-17.9845,30.4631,341.3,2023-09-25,753,D,0
-18.0118,30.4625,320.7,2023-09-25,753,D,0
-18.0131,30.4721,326.7,2023-09-25,753,D,0
-20.0667,30.5655,320.6,2023-09-25,754,D,0
-20.2723,31.9946,327.2,2023-09-25,754,D,0
-20.2528,30.9859,320.2,2023-09-25,754,D,0
-20.1562,28.9044,326.9,2023-09-25,754,D,0
-20.1651,28.903,353.2,2023-09-25,754,D,0
-20.1665,28.9124,330.5,2023-09-25,754,D,0
-20.5398,30.5277,331.1,2023-09-25,754,D,0
-20.5411,30.5379,320.7,2023-09-25,754,D,0
-20.5101,28.5464,319.5,2023-09-25,754,D,0
-20.5115,28.5558,318.3,2023-09-25,754,D,0
-20.6811,28.3319,318.9,2023-09-25,754,D,0
-19.8686,29.1415,329.6,2023-09-25,754,D,0
-19.8597,29.1429,334.1,2023-09-25,754,D,0
-19.6988,28.2991,328.7,2023-09-25,754,D,0
-19.6974,28.2896,347.3,2023-09-25,754,D,0
-19.696,28.2801,334.7,2023-09-25,754,D,0
-19.6885,28.291,328.1,2023-09-25,754,D,0
-19.863,30.2814,329.8,2023-09-25,754,D,0
-20.5389,30.519,339.3,2023-09-25,1217,D,0
-20.3489,32.619,323.8,2023-09-25,1217,D,0
-22.3516,31.2259,329.0,2023-09-25,1217,D,0
-20.2589,30.7263,328.7,2023-09-25,1217,D,0
-20.2599,30.9747,324.4,2023-09-25,1217,D,0
-20.4641,30.8561,330.3,2023-09-25,1217,D,0
-20.462,30.8686,326.4,2023-09-25,1217,D,0
-20.5408,30.5138,330.1,2023-09-25,1217,D,0
-20.5389,30.5258,330.1,2023-09-25,1217,D,0
-18.3964,30.3227,341.3,2023-09-25,1218,D,0
-17.4401,31.0115,335.7,2023-09-25,1218,D,0
-17.451,30.8817,328.0,2023-09-25,1218,D,0
-17.4875,30.1722,328.7,2023-09-25,1218,D,0
-17.5411,29.7197,331.4,2023-09-25,1218,D,0
-17.2387,31.3111,341.5,2023-09-25,1218,D,0
-17.2412,31.296,356.2,2023-09-25,1218,D,0
-17.5474,29.3021,324.7,2023-09-25,1218,D,0
-17.1803,31.3154,348.4,2023-09-25,1218,D,0
-17.1691,31.3131,325.6,2023-09-25,1218,D,0
-17.178,31.3238,335.3,2023-09-25,1218,D,0
-17.1805,31.3087,333.5,2023-09-25,1218,D,0
-17.415,29.8683,325.0,2023-09-25,1218,D,0
-17.0204,31.5109,323.6,2023-09-25,1218,D,0
-17.3007,29.817,327.5,2023-09-25,1218,D,0
-17.2906,29.8151,349.1,2023-09-25,1218,D,0
-17.4906,28.5529,324.4,2023-09-25,1218,D,0
-17.0038,31.2681,345.2,2023-09-25,1218,D,0
-17.0064,31.2534,328.7,2023-09-25,1218,D,0
-17.0141,31.2087,328.5,2023-09-25,1218,D,0
-17.0671,30.9006,333.7,2023-09-25,1218,D,0
-17.0695,30.8863,353.8,2023-09-25,1218,D,0
-17.072,30.872,367.4,2023-09-25,1218,D,0
-17.0744,30.8579,345.4,2023-09-25,1218,D,0
-16.9926,31.2661,336.0,2023-09-25,1218,D,0
-16.9952,31.2514,335.2,2023-09-25,1218,D,0
-17.0587,30.8842,348.4,2023-09-25,1218,D,0
-17.0611,30.8701,344.6,2023-09-25,1218,D,0
-17.0015,31.2765,326.2,2023-09-25,1218,D,0
-17.004,31.2616,333.5,2023-09-25,1218,D,0
-17.0648,30.8934,345.6,2023-09-25,1218,D,0
-17.0671,30.8791,352.6,2023-09-25,1218,D,0
-17.0694,30.8648,350.8,2023-09-25,1218,D,0
-17.0718,30.8507,324.7,2023-09-25,1218,D,0
-16.9928,31.2596,343.5,2023-09-25,1218,D,0
-17.0539,30.8913,327.4,2023-09-25,1218,D,0
-17.0563,30.8771,358.7,2023-09-25,1218,D,0
-17.1452,30.0729,346.6,2023-09-25,1218,D,0
-17.1472,30.0604,331.4,2023-09-25,1218,D,0
-17.1012,30.2747,327.5,2023-09-25,1218,D,0
-17.1035,30.2612,328.3,2023-09-25,1218,D,0
-17.1019,29.9698,334.2,2023-09-25,1218,D,0
-16.9834,30.6304,328.3,2023-09-25,1218,D,0
-17.0917,29.9681,327.9,2023-09-25,1218,D,0
-17.0937,29.9558,329.9,2023-09-25,1218,D,0
-16.7813,31.3515,332.9,2023-09-25,1218,D,0
-17.261,28.3056,327.8,2023-09-25,1218,D,0
-17.2626,28.2956,325.2,2023-09-25,1218,D,0
-16.9796,29.7027,331.0,2023-09-25,1218,D,0
-16.9798,29.7097,330.7,2023-09-25,1218,D,0
-16.9645,29.3587,321.8,2023-09-25,1218,D,0
-16.9097,29.4367,327.2,2023-09-25,1218,D,0
-16.6432,30.3229,332.9,2023-09-25,1218,D,0
-16.7992,29.3646,330.8,2023-09-25,1218,D,0
-16.6011,30.3156,348.1,2023-09-25,1218,D,0
-16.6043,30.323,338.9,2023-09-25,1218,D,0
-16.6065,30.3096,334.3,2023-09-25,1218,D,0
-19.9208,30.7923,326.4,2023-09-25,1218,D,0
-20.2229,28.8972,363.5,2023-09-25,1218,D,0
-20.2244,28.887,352.3,2023-09-25,1218,D,0
-19.9105,30.7902,335.7,2023-09-25,1218,D,0
-20.1642,28.9077,339.6,2023-09-25,1218,D,0
-20.0111,29.6575,325.7,2023-09-25,1218,D,0
-20.1702,28.0915,326.2,2023-09-25,1218,D,0
-19.7145,30.8591,325.0,2023-09-25,1218,D,0
-19.7041,30.857,332.6,2023-09-25,1218,D,0
-19.952,29.3282,333.3,2023-09-25,1218,D,0
-19.9409,29.3371,325.9,2023-09-25,1218,D,0
-19.9426,29.3265,338.9,2023-09-25,1218,D,0
-19.5798,31.0432,329.0,2023-09-25,1218,D,0
-19.8859,29.158,344.0,2023-09-25,1218,D,0
-19.7224,30.1185,326.6,2023-09-25,1218,D,0
-19.8765,29.1563,332.5,2023-09-25,1218,D,0
-19.8782,29.1458,333.6,2023-09-25,1218,D,0
-19.7967,29.2663,328.5,2023-09-25,1218,D,0
-19.9315,28.2681,329.7,2023-09-25,1218,D,0
-19.5654,30.3914,332.2,2023-09-25,1218,D,0
-19.6335,29.9167,342.6,2023-09-25,1218,D,0
-19.6354,29.9054,349.1,2023-09-25,1218,D,0
-19.5814,30.1714,331.8,2023-09-25,1218,D,0
-19.6237,29.9149,339.2,2023-09-25,1218,D,0
-19.6256,29.9036,331.1,2023-09-25,1218,D,0
-19.5795,30.1765,326.6,2023-09-25,1218,D,0
-19.6187,29.9307,327.3,2023-09-25,1218,D,0
-19.6205,29.9193,328.1,2023-09-25,1218,D,0
-19.5246,30.3892,328.0,2023-09-25,1218,D,0
-19.4479,30.4756,344.9,2023-09-25,1218,D,0
-19.4499,30.4633,327.7,2023-09-25,1218,D,0
-19.0257,32.1903,327.0,2023-09-25,1218,D,0
-19.4065,29.9149,349.5,2023-09-25,1218,D,0
-19.4083,29.9034,324.2,2023-09-25,1218,D,0
-19.3967,29.9132,350.4,2023-09-25,1218,D,0
-19.3985,29.9016,325.3,2023-09-25,1218,D,0
-18.9854,31.9624,333.8,2023-09-25,1218,D,0
-18.9008,32.2446,331.9,2023-09-25,1218,D,0
-18.9037,32.2282,341.5,2023-09-25,1218,D,0
-19.0834,30.932,330.7,2023-09-25,1218,D,0
-18.9926,31.3054,325.9,2023-09-25,1218,D,0
-19.2349,29.5241,328.3,2023-09-25,1218,D,0
-18.8789,30.4561,332.7,2023-09-25,1218,D,0
-18.8809,30.4436,366.6,2023-09-25,1218,D,0
-18.8707,30.4417,338.0,2023-09-25,1218,D,0
-18.6738,31.5572,341.0,2023-09-25,1218,D,0
-18.6763,31.5425,332.1,2023-09-25,1218,D,0
-18.6475,31.4453,344.0,2023-09-25,1218,D,0
-18.6366,31.4431,333.4,2023-09-25,1218,D,0
-18.6391,31.4285,330.7,2023-09-25,1218,D,0
-18.8604,30.0628,328.1,2023-09-25,1218,D,0
-18.9215,29.6916,341.8,2023-09-25,1218,D,0
-19.2938,27.2951,338.7,2023-09-25,1218,D,0
-18.6352,31.4361,332.5,2023-09-25,1218,D,0
-18.918,29.6959,328.1,2023-09-25,1218,D,0
-19.0695,27.8109,332.0,2023-09-25,1218,D,0
-18.7492,29.801,332.1,2023-09-25,1218,D,0
-18.751,29.7895,330.2,2023-09-25,1218,D,0
-18.8948,27.8085,332.2,2023-09-25,1218,D,0
-18.3734,30.8882,327.9,2023-09-25,1218,D,0
-18.3981,30.5054,333.4,2023-09-25,1218,D,0
-18.4066,30.3246,328.9,2023-09-25,1218,D,0
-18.3943,30.3352,330.2,2023-09-25,1218,D,0
-18.1385,31.117,331.5,2023-09-25,1218,D,0
-18.1409,31.1029,326.9,2023-09-25,1218,D,0
-18.2064,30.7199,327.8,2023-09-25,1218,D,0
-18.1359,31.1097,330.4,2023-09-25,1218,D,0
-18.1692,30.775,326.9,2023-09-25,1218,D,0
-18.4391,29.0965,326.6,2023-09-25,1218,D,0
-18.3068,29.6783,325.9,2023-09-25,1218,D,0
-18.085,30.885,325.6,2023-09-25,1218,D,0
-18.0874,30.8713,327.2,2023-09-25,1218,D,0
-18.0824,30.879,329.6,2023-09-25,1218,D,0
-18.5942,27.3527,329.9,2023-09-25,1218,D,0
-18.5956,27.3433,342.2,2023-09-25,1218,D,0
-18.5894,27.3229,333.5,2023-09-25,1218,D,0
-18.0021,30.4735,328.4,2023-09-25,1218,D,0
-18.0042,30.4606,327.9,2023-09-25,1218,D,0
-17.9843,30.1531,327.4,2023-09-25,1218,D,0
-18.3526,27.7985,325.4,2023-09-25,1218,D,0
-17.8039,31.176,356.3,2023-09-25,1218,D,0
-17.8063,31.1614,328.3,2023-09-25,1218,D,0
-17.7929,31.174,341.6,2023-09-25,1218,D,0
-17.9701,30.1125,330.2,2023-09-25,1218,D,0
-17.9879,30.0034,327.3,2023-09-25,1218,D,0
-18.4349,26.9962,335.1,2023-09-25,1218,D,0
-17.9497,30.0462,336.3,2023-09-25,1218,D,0
-18.0936,28.946,327.7,2023-09-25,1218,D,0
-17.8564,30.1106,342.0,2023-09-25,1218,D,0
-17.8584,30.0983,335.0,2023-09-25,1218,D,0
-17.9445,29.449,328.5,2023-09-25,1218,D,0
-17.9441,29.4434,327.1,2023-09-25,1218,D,0
-18.3721,26.4755,334.3,2023-09-25,1218,D,0
-17.7373,30.3409,336.0,2023-09-25,1218,D,0
-17.7394,30.3281,326.9,2023-09-25,1218,D,0
-17.7081,30.3878,328.8,2023-09-25,1218,D,0
-18.3246,26.2889,334.6,2023-09-25,1218,D,0
-18.3157,26.2874,331.3,2023-09-25,1218,D,0
-17.5023,31.1169,331.5,2023-09-25,1218,D,0
-17.5049,31.1021,351.2,2023-09-25,1218,D,0
-17.8222,29.1864,327.1,2023-09-25,1218,D,0
-17.3672,31.5052,323.8,2023-09-25,1218,D,0
-17.451,31.0134,331.2,2023-09-25,1218,D,0
-16.1149,30.5205,335.5,2023-09-25,1219,D,0
-16.1109,30.5284,337.4,2023-09-25,1219,D,0
-16.3268,29.6874,338.8,2023-09-25,1219,D,0
-16.3287,29.6752,330.0,2023-09-25,1219,D,0
-16.2539,29.7504,335.0,2023-09-25,1219,D,0
-16.1125,30.5344,336.2,2023-09-25,1219,D,0
-19.9889,30.9813,301.0,2023-09-25,2003,N,0
-18.9728,31.9629,307.9,2023-09-25,2003,N,0
-19.8857,32.6658,310.0,2023-09-25,2003,N,0
-18.9798,32.5641,304.2,2023-09-25,2003,N,0
-19.5032,30.1441,304.4,2023-09-25,2003,N,0
-19.5194,30.093,305.3,2023-09-25,2003,N,0
-19.5617,30.1801,309.8,2023-09-25,2003,N,0
-19.5711,30.1814,321.6,2023-09-25,2003,N,0
-17.9211,31.3915,327.1,2023-09-25,2004,N,0
-17.1035,29.4738,304.7,2023-09-25,2004,N,0
-17.1048,29.4634,307.9,2023-09-25,2004,N,0
-17.0819,29.4921,307.2,2023-09-25,2004,N,0
-17.0833,29.4817,345.6,2023-09-25,2004,N,0
-17.0725,29.4908,310.3,2023-09-25,2004,N,0
-17.0738,29.4804,315.8,2023-09-25,2004,N,0
-16.7856,29.938,300.5,2023-09-25,2004,N,0
-16.525,31.1751,310.8,2023-09-25,2004,N,0
-16.5263,31.1658,318.1,2023-09-25,2004,N,0
-16.6308,30.2682,304.8,2023-09-25,2004,N,0
-18.0642,30.7463,307.9,2023-09-25,2004,N,0
-18.1626,30.698,303.6,2023-09-25,2004,N,0
-18.0791,31.4473,317.7,2023-09-25,2004,N,0
-18.2906,31.5112,306.3,2023-09-25,2004,N,0
-18.2457,32.0284,305.1,2023-09-25,2004,N,0
-18.4624,31.0615,323.3,2023-09-25,2004,N,0
-18.4611,31.071,303.3,2023-09-25,2004,N,0
-18.5582,31.5707,341.3,2023-09-25,2004,N,0
-18.5569,31.5801,319.2,2023-09-25,2004,N,0
-17.1127,29.5495,304.2,2023-09-25,2004,N,0
-17.6073,31.923,301.7,2023-09-25,2004,N,0
-17.5984,31.9216,305.4,2023-09-25,2004,N,0
-17.6507,31.4171,307.1,2023-09-25,2004,N,0
-17.7421,30.7481,300.3,2023-09-25,2004,N,0
-17.4601,30.9299,301.8,2023-09-25,2004,N,0
-17.648,29.2169,304.5,2023-09-25,2004,N,0
-17.1782,30.9743,305.7,2023-09-25,2004,N,0
-17.1013,31.2676,307.9,2023-09-25,2004,N,0
-17.1717,30.6163,310.7,2023-09-25,2004,N,0
-17.0616,31.3506,301.0,2023-09-25,2004,N,0
-17.0601,30.6942,316.8,2023-09-25,2004,N,0
-17.231,29.3472,317.3,2023-09-25,2004,N,0
-17.2437,28.7079,304.5,2023-09-25,2004,N,0
-17.0759,29.4866,301.2,2023-09-25,2310,N,0
-17.1059,29.4796,301.1,2023-09-25,2310,N,0
-17.1043,29.475,303.5,2023-09-25,2310,N,0
-18.9097,31.5152,300.2,2023-09-25,2311,N,0
-17.0691,28.7286,322.8,2023-09-26,833,D,0
-17.0608,28.7358,329.1,2023-09-26,833,D,0
-17.053,28.7296,320.8,2023-09-26,833,D,0
-20.317,28.7065,315.8,2023-09-26,834,D,0
-16.9392,31.4974,322.6,2023-09-26,1122,D,0
-17.1512,30.2828,321.5,2023-09-26,1122,D,0
-16.8917,30.922,324.0,2023-09-26,1122,D,0
-16.9285,29.7887,331.5,2023-09-26,1122,D,0
-16.9285,29.7846,327.7,2023-09-26,1122,D,0
-16.6582,31.4484,343.2,2023-09-26,1122,D,0
-16.6614,31.4167,337.3,2023-09-26,1122,D,0
-16.6426,31.4468,326.8,2023-09-26,1122,D,0
-16.6624,31.4419,341.2,2023-09-26,1122,D,0
-16.6659,31.4099,327.8,2023-09-26,1122,D,0
-16.6468,31.4404,328.0,2023-09-26,1122,D,0
-16.7389,29.479,300.5,2023-09-26,2352,N,0
-17.2833,30.4802,304.1,2023-09-26,2352,N,0
-17.2986,29.6737,304.7,2023-09-26,2352,N,0
-16.7403,29.4888,306.0,2023-09-26,2352,N,0
-16.6549,31.8697,315.2,2023-09-26,2352,N,0
-16.4833,31.0826,324.2,2023-09-27,736,D,0
-16.4851,31.0934,323.4,2023-09-27,736,D,0
-16.2771,29.7649,320.6,2023-09-27,736,D,0
-16.4929,30.9565,319.5,2023-09-27,736,D,0
-16.6149,31.668,323.4,2023-09-27,736,D,0
-16.6649,31.8676,323.3,2023-09-27,736,D,0
-16.6742,31.8661,321.3,2023-09-27,736,D,0
-16.351,29.3246,319.8,2023-09-27,736,D,0
-16.3533,29.3385,321.0,2023-09-27,736,D,0
-16.5556,30.0741,330.9,2023-09-27,736,D,0
-16.5093,29.6584,318.7,2023-09-27,736,D,0
-16.7642,31.2557,326.0,2023-09-27,736,D,0
-16.6546,29.9853,323.7,2023-09-27,736,D,0
-16.7254,30.4261,352.1,2023-09-27,736,D,0
-16.7273,30.4379,332.3,2023-09-27,736,D,0
-17.1209,32.9314,353.0,2023-09-27,736,D,0
-16.8516,31.0748,320.7,2023-09-27,736,D,0
-16.8612,31.0732,321.2,2023-09-27,736,D,0
-16.8629,31.084,320.2,2023-09-27,736,D,0
-16.9749,31.792,331.1,2023-09-27,736,D,0
-16.9765,31.8021,320.9,2023-09-27,736,D,0
-16.9358,31.4205,322.9,2023-09-27,736,D,0
-16.9436,31.4086,327.8,2023-09-27,736,D,0
-16.9453,31.4191,326.5,2023-09-27,736,D,0
-16.9706,31.4576,326.1,2023-09-27,736,D,0
-16.9722,31.4679,349.5,2023-09-27,736,D,0
-16.92,30.8653,319.7,2023-09-27,736,D,0
-16.9218,30.8764,325.7,2023-09-27,736,D,0
-16.7724,29.901,324.4,2023-09-27,736,D,0
-16.7447,29.4729,332.8,2023-09-27,736,D,0
-16.747,29.4866,350.5,2023-09-27,736,D,0
-16.7554,29.4712,319.1,2023-09-27,736,D,0
-16.7577,29.4849,330.2,2023-09-27,736,D,0
-17.1712,32.0387,327.9,2023-09-27,736,D,0
-17.1917,31.8162,339.1,2023-09-27,736,D,0
-17.1524,31.2532,332.7,2023-09-27,736,D,0
-17.1666,31.1902,327.6,2023-09-27,736,D,0
-17.2354,31.6262,320.9,2023-09-27,736,D,0
-17.3684,31.3594,333.0,2023-09-27,736,D,0
-17.3701,31.3697,339.5,2023-09-27,736,D,0
-17.4104,31.5646,323.0,2023-09-27,736,D,0
-17.3295,30.8051,343.8,2023-09-27,736,D,0
-17.16,29.5198,315.2,2023-09-27,736,D,0
-17.4026,30.9325,323.5,2023-09-27,736,D,0
-17.4236,30.9402,328.0,2023-09-27,736,D,0
-17.4739,30.8015,321.0,2023-09-27,736,D,0
-17.6446,31.2312,322.6,2023-09-27,736,D,0
-17.6452,31.1122,320.9,2023-09-27,736,D,0
-17.8127,31.4094,323.2,2023-09-27,736,D,0
-17.8143,31.4198,323.1,2023-09-27,736,D,0
-17.3277,30.7941,321.8,2023-09-27,736,D,0
-16.1341,30.6405,327.7,2023-09-27,736,D,0
-16.1352,30.6457,327.1,2023-09-27,736,D,0
-16.4442,30.9809,321.5,2023-09-27,736,D,0
-16.481,31.0891,329.1,2023-09-27,736,D,0
-19.9491,32.6714,320.8,2023-09-27,737,D,0
-20.4907,29.1845,319.3,2023-09-27,1203,D,0
-18.2983,26.2311,356.9,2023-09-27,1203,D,0
-18.3089,26.2327,331.0,2023-09-27,1203,D,0
-18.4153,27.0768,324.2,2023-09-27,1203,D,0
-18.4135,27.0822,326.0,2023-09-27,1203,D,0
-19.3306,28.7927,322.9,2023-09-27,1203,D,0
-16.6482,31.3942,328.8,2023-09-27,1204,D,0
-16.9494,31.4123,328.5,2023-09-27,1204,D,0
-17.1512,29.9816,348.7,2023-09-27,1204,D,0
-16.8619,31.0771,326.2,2023-09-27,1204,D,0
-16.8007,31.2369,326.9,2023-09-27,1204,D,0
-16.6777,31.8615,332.3,2023-09-27,1204,D,0
-16.6793,31.8514,326.2,2023-09-27,1204,D,0
-16.7706,31.2517,336.9,2023-09-27,1204,D,0
-16.6669,31.87,331.7,2023-09-27,1204,D,0
-16.6684,31.86,362.2,2023-09-27,1204,D,0
-16.67,31.8499,355.5,2023-09-27,1204,D,0
-16.6576,31.8685,331.1,2023-09-27,1204,D,0
-17.0094,29.3017,320.2,2023-09-27,1204,D,0
-16.6372,31.7766,331.9,2023-09-27,1204,D,0
-16.6387,31.7667,325.7,2023-09-27,1204,D,0
-16.6588,31.3861,363.0,2023-09-27,1204,D,0
-16.6468,31.404,326.2,2023-09-27,1204,D,0
-16.6376,31.4024,331.5,2023-09-27,1204,D,0
-16.6391,31.3927,333.3,2023-09-27,1204,D,0
-16.6791,31.0058,331.2,2023-09-27,1204,D,0
-16.4688,32.3336,325.5,2023-09-27,1204,D,0
-16.7342,30.3176,340.1,2023-09-27,1204,D,0
-16.7356,30.3083,355.1,2023-09-27,1204,D,0
-16.7266,30.3069,355.1,2023-09-27,1204,D,0
-16.728,30.2976,374.6,2023-09-27,1204,D,0
-16.7293,30.2884,358.0,2023-09-27,1204,D,0
-16.7177,30.3055,337.5,2023-09-27,1204,D,0
-16.7191,30.2962,341.1,2023-09-27,1204,D,0
-16.7204,30.2869,337.8,2023-09-27,1204,D,0
-16.4735,31.8665,332.1,2023-09-27,1204,D,0
-16.475,31.8564,327.7,2023-09-27,1204,D,0
-16.4642,31.865,328.5,2023-09-27,1204,D,0
-16.4657,31.8549,328.1,2023-09-27,1204,D,0
-16.8124,29.4566,320.7,2023-09-27,1204,D,0
-16.727,29.9885,328.7,2023-09-27,1204,D,0
-16.5943,30.7092,331.3,2023-09-27,1204,D,0
-16.5839,30.7171,326.5,2023-09-27,1204,D,0
-16.5853,30.7077,327.3,2023-09-27,1204,D,0
-16.7645,29.4721,340.1,2023-09-27,1204,D,0
-16.7658,29.4627,324.6,2023-09-27,1204,D,0
-16.7529,29.4894,323.2,2023-09-27,1204,D,0
-16.7542,29.4801,327.3,2023-09-27,1204,D,0
-16.5004,31.091,328.1,2023-09-27,1204,D,0
-16.7284,29.5332,326.0,2023-09-27,1204,D,0
-16.7297,29.5239,323.0,2023-09-27,1204,D,0
-16.4899,31.0991,326.7,2023-09-27,1204,D,0
-16.4914,31.0896,325.3,2023-09-27,1204,D,0
-16.7194,29.5318,346.3,2023-09-27,1204,D,0
-16.7208,29.5225,328.8,2023-09-27,1204,D,0
-16.4431,31.1637,327.8,2023-09-27,1204,D,0
-16.4445,31.1542,326.7,2023-09-27,1204,D,0
-16.4575,31.0673,325.2,2023-09-27,1204,D,0
-16.4846,30.637,353.6,2023-09-27,1204,D,0
-16.486,30.6277,344.4,2023-09-27,1204,D,0
-16.4589,30.7482,332.9,2023-09-27,1204,D,0
-16.4757,30.6356,326.2,2023-09-27,1204,D,0
-16.3591,30.8041,331.6,2023-09-27,1204,D,0
-16.2794,30.5924,331.9,2023-09-27,1204,D,0
-16.2308,30.7999,334.2,2023-09-27,1204,D,0
-16.1561,30.1795,340.4,2023-09-27,1204,D,0
-17.4383,31.7116,326.2,2023-09-27,1204,D,0
-17.4058,31.5695,333.5,2023-09-27,1204,D,0
-17.4073,31.5597,334.5,2023-09-27,1204,D,0
-17.4678,31.1554,330.9,2023-09-27,1204,D,0
-17.174,32.0451,327.1,2023-09-27,1204,D,0
-17.2497,31.3824,331.9,2023-09-27,1204,D,0
-17.4374,29.9792,334.3,2023-09-27,1204,D,0
-17.1216,31.7931,323.3,2023-09-27,1204,D,0
-17.1231,31.7831,327.4,2023-09-27,1204,D,0
-17.1293,31.7432,338.6,2023-09-27,1204,D,0
-17.1369,31.6939,337.6,2023-09-27,1204,D,0
-17.1384,31.684,343.2,2023-09-27,1204,D,0
-17.0004,32.1608,337.1,2023-09-27,1204,D,0
-17.002,32.1504,328.9,2023-09-27,1204,D,0
-17.0729,31.5053,358.9,2023-09-27,1204,D,0
-17.0744,31.4956,364.3,2023-09-27,1204,D,0
-16.8585,32.6081,331.2,2023-09-27,1204,D,0
-16.8489,32.6065,350.2,2023-09-27,1204,D,0
-16.8506,32.5956,327.9,2023-09-27,1204,D,0
-16.9745,31.7966,328.9,2023-09-27,1204,D,0
-16.9653,31.795,328.1,2023-09-27,1204,D,0
-16.9668,31.785,335.7,2023-09-27,1204,D,0
-16.9683,31.7751,323.7,2023-09-27,1204,D,0
-17.0427,31.2858,328.6,2023-09-27,1204,D,0
-17.0307,31.3037,342.4,2023-09-27,1204,D,0
-17.017,31.2717,337.3,2023-09-27,1204,D,0
-16.9479,31.4221,336.3,2023-09-27,1204,D,0
-17.9182,31.8979,313.2,2023-09-27,1947,N,0
-17.485,31.8772,301.7,2023-09-27,1947,N,0
-17.4352,31.7132,302.5,2023-09-27,1947,N,0
-17.4146,31.7932,310.3,2023-09-27,1947,N,0
-17.3365,31.222,301.7,2023-09-27,1947,N,0
-17.1153,31.2486,304.9,2023-09-27,1947,N,0
-17.0225,30.9766,308.7,2023-09-27,1947,N,0
-17.5205,31.6754,304.7,2023-09-27,1947,N,0
-17.5188,31.6893,302.2,2023-09-27,1947,N,0
-17.5285,32.0085,303.0,2023-09-27,1947,N,0
-17.956,31.1939,300.9,2023-09-27,1947,N,0
-17.9808,31.2733,300.2,2023-09-27,1947,N,0
-17.9791,31.2883,300.1,2023-09-27,1947,N,0
-17.6192,30.8539,306.2,2023-09-27,1947,N,0
-16.2983,29.5649,306.3,2023-09-27,1948,N,0
-16.6622,31.8708,305.7,2023-09-27,1948,N,0
-16.7735,30.9569,305.7,2023-09-27,1948,N,0
-16.777,30.9276,303.4,2023-09-27,1948,N,0
-16.6765,31.3967,310.1,2023-09-27,1948,N,0
-16.4903,31.1255,306.4,2023-09-27,1948,N,0
-16.4921,31.1107,303.8,2023-09-27,1948,N,0
-16.3926,29.7934,303.5,2023-09-27,1948,N,0
-17.4448,30.794,321.7,2023-09-28,817,D,0
-17.1505,29.8067,333.1,2023-09-28,817,D,0
-17.1507,29.8001,334.4,2023-09-28,817,D,0
-17.2327,30.5656,324.6,2023-09-28,817,D,0
-17.4373,30.7883,320.9,2023-09-28,817,D,0
-17.4908,30.2755,328.3,2023-09-28,817,D,0
-17.5007,30.2688,338.0,2023-09-28,817,D,0
-17.5031,30.2904,329.4,2023-09-28,817,D,0
-17.2993,28.0122,321.3,2023-09-28,817,D,0
-17.3017,28.0203,324.4,2023-09-28,817,D,0
-17.6403,30.7283,320.1,2023-09-28,817,D,0
-17.7053,29.995,327.9,2023-09-28,817,D,0
-17.7035,29.9888,323.9,2023-09-28,817,D,0
-17.9327,31.2406,316.3,2023-09-28,817,D,0
-17.8285,29.3417,318.7,2023-09-28,817,D,0
-16.3572,31.3243,324.3,2023-09-28,817,D,0
-16.543,30.0648,317.7,2023-09-28,817,D,0
-16.7743,30.9863,317.5,2023-09-28,817,D,0
-17.0853,30.5031,318.5,2023-09-28,817,D,0
-17.2656,31.2052,324.8,2023-09-28,817,D,0
-17.2683,31.2307,321.3,2023-09-28,817,D,0
-17.2222,30.5506,328.4,2023-09-28,817,D,0
-17.1482,29.787,320.5,2023-09-28,817,D,0
-16.88,29.0259,321.0,2023-09-28,1245,D,0
-16.4629,30.0909,324.4,2023-09-28,1245,D,0
-16.4603,30.0815,325.8,2023-09-28,1245,D,0
-17.866,27.4222,325.1,2023-09-28,1245,D,0
-17.0988,30.8345,319.3,2023-09-28,1245,D,0
-17.4164,30.5488,300.9,2023-09-28,2028,N,0
-16.9099,30.4731,303.7,2023-09-28,2028,N,0
-17.0241,30.959,302.7,2023-09-28,2028,N,0
-18.4523,27.2044,305.1,2023-09-28,2028,N,0
-16.9074,30.4881,311.9,2023-09-28,2028,N,0
-18.3656,26.4739,306.6,2023-09-28,2028,N,0
-17.5415,30.142,306.7,2023-09-28,2028,N,0
-16.69,31.3111,302.5,2023-09-28,2337,N,0
-16.6914,31.3203,313.4,2023-09-28,2337,N,0
-16.8032,30.2647,319.4,2023-09-29,720,D,0
-16.722,31.3789,317.7,2023-09-29,720,D,0
-16.7404,30.9646,314.9,2023-09-29,720,D,0
-16.9288,31.5091,316.8,2023-09-29,720,D,0
-16.9321,31.5282,325.1,2023-09-29,720,D,0
-16.9331,31.521,328.1,2023-09-29,720,D,0
-16.8074,30.2884,318.3,2023-09-29,720,D,0
-16.8091,30.2574,317.3,2023-09-29,720,D,0
-16.8135,30.2813,325.1,2023-09-29,720,D,0
-16.6995,29.5087,314.2,2023-09-29,720,D,0
-16.7946,29.8416,317.0,2023-09-29,720,D,0
-17.2343,30.921,327.5,2023-09-29,720,D,0
-17.238,30.9417,319.3,2023-09-29,720,D,0
-17.2473,30.9186,322.0,2023-09-29,720,D,0
-17.2511,30.94,315.9,2023-09-29,720,D,0
-17.2359,30.7028,319.2,2023-09-29,720,D,0
-17.236,30.7189,317.6,2023-09-29,720,D,0
-17.389,30.9722,315.9,2023-09-29,720,D,0
-17.3499,30.6887,316.2,2023-09-29,720,D,0
-21.0972,31.798,311.7,2023-09-29,1148,D,0
-20.0445,31.2763,346.0,2023-09-29,1148,D,0
-20.043,31.2883,324.7,2023-09-29,1148,D,0
-18.8237,31.9094,326.8,2023-09-29,1148,D,0
-20.0345,31.2749,333.7,2023-09-29,1148,D,0
-19.2727,31.0999,321.4,2023-09-29,1148,D,0
-19.2742,31.088,321.5,2023-09-29,1148,D,0
-17.9227,31.3804,320.9,2023-09-29,1149,D,0
-17.8453,31.8919,342.4,2023-09-29,1149,D,0
-17.6005,32.1352,349.0,2023-09-29,1149,D,0
-17.5897,30.7342,335.7,2023-09-29,1149,D,0
-17.8673,28.4459,324.6,2023-09-29,1149,D,0
-17.3501,31.2321,323.5,2023-09-29,1149,D,0
-17.4154,30.588,323.9,2023-09-29,1149,D,0
-17.1061,31.7848,325.2,2023-09-29,1149,D,0
-17.1075,31.7746,324.9,2023-09-29,1149,D,0
-17.2372,30.702,336.1,2023-09-29,1149,D,0
-17.2366,30.7082,330.4,2023-09-29,1149,D,0
-17.2381,30.6967,324.5,2023-09-29,1149,D,0
-17.0197,31.4192,341.3,2023-09-29,1149,D,0
-17.0559,30.687,326.3,2023-09-29,1149,D,0
-17.1136,30.229,331.3,2023-09-29,1149,D,0
-16.9449,31.1491,337.1,2023-09-29,1149,D,0
-16.8645,31.6796,329.6,2023-09-29,1149,D,0
-17.0191,30.4213,332.7,2023-09-29,1149,D,0
-17.2268,28.5297,328.9,2023-09-29,1149,D,0
-16.9114,30.8546,324.9,2023-09-29,1149,D,0
-16.9129,30.8434,326.1,2023-09-29,1149,D,0
-17.2133,28.4702,331.5,2023-09-29,1149,D,0
-17.2015,28.4692,338.9,2023-09-29,1149,D,0
-16.7307,31.3806,341.8,2023-09-29,1149,D,0
-16.7321,31.37,342.9,2023-09-29,1149,D,0
-16.7212,31.3792,335.2,2023-09-29,1149,D,0
-16.8359,29.9455,331.2,2023-09-29,1149,D,0
-16.7965,29.8353,325.2,2023-09-29,1149,D,0
-16.8022,29.8306,323.7,2023-09-29,1149,D,0
-16.4865,31.8999,322.0,2023-09-29,1149,D,0
-16.614,30.0839,324.4,2023-09-29,1149,D,0
-16.6448,29.6687,327.9,2023-09-29,1149,D,0
-16.6465,29.6552,324.5,2023-09-29,1149,D,0
-16.5392,30.2801,328.4,2023-09-29,1149,D,0
-16.3939,29.36,328.3,2023-09-29,1149,D,0
-16.0649,30.0811,325.1,2023-09-29,1149,D,0
-15.9933,30.0914,333.4,2023-09-29,1149,D,0
-15.9949,30.079,345.3,2023-09-29,1149,D,0
-16.6408,29.6625,327.2,2023-09-29,1149,D,0
-18.6222,31.3364,328.6,2023-09-29,1149,D,0
-18.6236,31.3251,342.5,2023-09-29,1149,D,0
-18.6214,31.3307,345.4,2023-09-29,1149,D,0
-18.6229,31.3194,324.1,2023-09-29,1149,D,0
-18.1174,32.5961,329.6,2023-09-29,1149,D,0
-17.8951,32.7413,321.7,2023-09-29,1149,D,0
-17.8864,27.3968,306.4,2023-09-30,19,N,0
-17.0501,30.2525,320.6,2023-09-30,800,D,0
-16.0552,30.5357,327.7,2023-09-30,800,D,0
-16.4574,32.2056,323.2,2023-09-30,800,D,0
-16.4609,32.2132,322.5,2023-09-30,800,D,0
-16.4375,31.2768,331.6,2023-09-30,800,D,0
-16.4391,31.2894,325.4,2023-09-30,800,D,0
-16.4476,31.2742,320.5,2023-09-30,800,D,0
-16.3718,29.8387,321.5,2023-09-30,800,D,0
-16.4009,29.9834,326.8,2023-09-30,800,D,0
-16.456,30.1045,325.4,2023-09-30,800,D,0
-16.4597,30.098,328.6,2023-09-30,800,D,0
-16.3692,29.3497,362.3,2023-09-30,800,D,0
-16.3705,29.3596,325.9,2023-09-30,800,D,0
-16.377,29.3386,348.2,2023-09-30,800,D,0
-16.3784,29.3484,355.5,2023-09-30,800,D,0
-16.3797,29.3582,326.9,2023-09-30,800,D,0
-16.3811,29.3682,337.3,2023-09-30,800,D,0
-16.4781,29.9454,322.9,2023-09-30,800,D,0
-16.6574,30.0572,347.4,2023-09-30,800,D,0
-16.6588,30.0679,329.6,2023-09-30,800,D,0
-17.0206,31.3781,328.7,2023-09-30,800,D,0
-16.9976,31.1128,321.4,2023-09-30,800,D,0
-17.1046,31.6216,322.0,2023-09-30,800,D,0
-16.77,29.0477,324.5,2023-09-30,800,D,0
-16.9898,30.4952,324.0,2023-09-30,800,D,0
-17.0143,30.2302,326.2,2023-09-30,800,D,0
-17.0515,30.2638,328.6,2023-09-30,800,D,0
-17.1219,30.575,324.1,2023-09-30,800,D,0
-17.3106,31.1667,334.6,2023-09-30,800,D,0
-17.4469,31.35,324.0,2023-09-30,800,D,0
-17.4527,31.3427,353.0,2023-09-30,800,D,0
-17.4543,31.3556,346.1,2023-09-30,800,D,0
-17.2245,29.2113,322.5,2023-09-30,800,D,0
-17.4534,30.9324,323.7,2023-09-30,800,D,0
-17.2747,29.4397,334.8,2023-09-30,800,D,0
-17.4345,30.0856,326.6,2023-09-30,800,D,0
-17.7964,31.3844,337.7,2023-09-30,800,D,0
-17.7981,31.3977,341.6,2023-09-30,800,D,0
-18.0428,31.5927,319.8,2023-09-30,800,D,0
-17.9784,30.8995,329.5,2023-09-30,800,D,0
-19.0557,32.8256,355.2,2023-09-30,801,D,0
-18.3708,26.4782,328.7,2023-09-30,801,D,0
-18.6438,27.9776,320.9,2023-09-30,801,D,0
-19.7805,31.2363,319.6,2023-09-30,801,D,0
-17.866,27.5562,322.4,2023-09-30,801,D,0
-21.1047,31.8144,325.3,2023-09-30,1229,D,2
-21.0985,31.8081,329.8,2023-09-30,1229,D,0
-21.1119,31.811,323.3,2023-09-30,1229,D,0
-17.0292,31.3872,323.7,2023-09-30,1230,D,0
-17.867,27.549,331.0,2023-09-30,1230,D,0
-17.6352,30.0566,326.3,2023-09-30,1230,D,0
-16.7243,31.5208,329.4,2023-09-30,1231,D,0
-16.7102,31.5224,339.1,2023-09-30,1231,D,0
-16.7099,31.5174,334.1,2023-09-30,1231,D,0
-17.0099,29.7193,329.4,2023-09-30,1231,D,0
-16.7466,30.1571,337.5,2023-09-30,1231,D,0
-16.5737,30.295,343.9,2023-09-30,1231,D,0
-16.5788,30.2906,328.2,2023-09-30,1231,D,0
-16.5616,30.3106,324.8,2023-09-30,1231,D,0
-16.5656,30.2883,331.7,2023-09-30,1231,D,0
-16.4216,29.6829,323.7,2023-09-30,1231,D,0
-16.3886,29.3592,327.3,2023-09-30,1231,D,0
-17.2681,30.5121,312.8,2023-09-30,2011,N,0
-18.3702,26.479,310.4,2023-09-30,2011,N,0
-18.0598,30.5785,303.7,2023-09-30,2011,N,0
-18.5448,31.5452,305.0,2023-09-30,2011,N,0
-18.6201,32.6491,303.6,2023-09-30,2011,N,0
-18.6247,32.6446,308.0,2023-09-30,2011,N,0
-18.6495,32.7381,303.0,2023-09-30,2011,N,0
-17.396,30.0046,308.6,2023-09-30,2011,N,0
-17.464,31.7998,304.9,2023-09-30,2011,N,0
-18.3725,26.4737,309.3,2023-09-30,2011,N,0
-17.2605,30.5013,308.5,2023-09-30,2011,N,0
-18.7975,32.72,303.4,2023-09-30,2011,N,0
-19.6407,29.8063,301.3,2023-09-30,2011,N,0
-17.2591,30.5107,329.6,2023-09-30,2011,N,0
-16.6319,29.6135,304.1,2023-09-30,2012,N,0
-16.8847,29.5197,323.3,2023-09-30,2012,N,0
-16.8834,29.5289,325.4,2023-09-30,2012,N,0
-16.8394,31.4916,304.1,2023-09-30,2012,N,0
-16.4442,31.2903,307.4,2023-09-30,2012,N,0
-16.6217,29.6214,315.3,2023-09-30,2012,N,0
-16.623,29.6122,309.3,2023-09-30,2012,N,0
-16.7818,28.9984,311.3,2023-09-30,2012,N,0
-16.5895,31.7401,302.8,2023-09-30,2322,N,0
-17.4075,30.5972,300.6,2023-09-30,2323,N,0
-17.4071,30.59,304.7,2023-09-30,2323,N,0
-20.2693,31.993,330.6,2023-10-01,1133,D,0
-21.0951,31.7988,322.8,2023-10-01,1133,D,0
-20.3414,32.7534,325.3,2023-10-01,1133,D,0
-20.3433,32.7371,320.5,2023-10-01,1133,D,0
-20.1966,31.938,328.2,2023-10-01,1133,D,0
-17.2204,30.308,329.9,2023-10-01,1134,D,0
-19.834,29.8298,330.8,2023-10-01,1134,D,0
-19.8367,29.8022,333.0,2023-10-01,1134,D,0
-19.8333,29.8252,332.2,2023-10-01,1134,D,0
-19.8363,29.7975,325.6,2023-10-01,1134,D,0
-19.5449,31.4976,348.9,2023-10-01,1134,D,0
-19.5452,31.4906,347.9,2023-10-01,1134,D,0
-18.8101,32.5923,331.2,2023-10-01,1134,D,0
-18.7985,32.5904,325.4,2023-10-01,1134,D,0
-18.7713,32.6519,321.9,2023-10-01,1134,D,0
-18.8962,30.4228,331.8,2023-10-01,1134,D,0
-18.1633,32.8613,353.2,2023-10-01,1134,D,0
-18.1652,32.8455,351.7,2023-10-01,1134,D,0
-18.1554,32.4337,334.9,2023-10-01,1134,D,0
-17.9966,31.2871,327.9,2023-10-01,1134,D,0
-17.3387,30.8922,327.2,2023-10-01,1134,D,0
-17.1174,31.4714,334.9,2023-10-01,1134,D,0
-17.1736,30.8607,344.7,2023-10-01,1134,D,0
-17.1759,30.8396,348.0,2023-10-01,1134,D,0
-16.4664,30.1156,327.7,2023-10-01,1134,D,0
-16.3746,30.1199,328.7,2023-10-01,1134,D,0
-16.3503,30.0904,342.8,2023-10-01,1134,D,0
-16.3573,30.0862,335.8,2023-10-01,1134,D,0
-16.324,30.0139,329.6,2023-10-01,1134,D,0
-17.176,30.8556,349.0,2023-10-01,1134,D,0
-17.0979,30.0189,329.8,2023-10-01,1134,D,0
-16.8082,30.1841,321.4,2023-10-01,1134,D,0
-16.5942,31.7432,331.2,2023-10-01,1134,D,0
-16.5963,31.7252,339.9,2023-10-01,1134,D,0
-16.6009,31.7364,342.2,2023-10-01,1134,D,0
-16.4664,30.6812,325.3,2023-10-01,1134,D,0
-15.7595,30.296,326.5,2023-10-01,1135,D,0
-15.7683,30.3017,343.5,2023-10-01,1135,D,0
-15.7703,30.3184,331.0,2023-10-01,1135,D,0
-15.7728,30.2973,337.0,2023-10-01,1135,D,0
-15.757,30.3171,326.1,2023-10-01,1135,D,0
-15.7518,30.2999,320.1,2023-10-02,4,N,0
-16.3219,30.0216,305.7,2023-10-02,4,N,0
-16.3238,30.0376,306.9,2023-10-02,4,N,0
-16.3333,30.0206,304.3,2023-10-02,4,N,0
-16.38,29.8428,303.3,2023-10-02,4,N,0
-16.6619,31.3844,308.0,2023-10-02,4,N,0
-16.6614,31.3771,307.0,2023-10-02,4,N,0
-16.7319,31.4298,307.1,2023-10-02,4,N,0
-16.6994,30.9437,320.7,2023-10-02,4,N,0
-16.7033,30.938,316.2,2023-10-02,4,N,0
-16.7053,30.9559,304.2,2023-10-02,4,N,0
-15.7497,30.2826,309.4,2023-10-02,4,N,0
-16.3242,30.0285,314.5,2023-10-02,4,N,0
-18.3713,26.4831,308.4,2023-10-02,5,N,0
-16.3362,30.0273,338.9,2023-10-02,743,D,0
-16.3286,30.0389,325.3,2023-10-02,743,D,0
-16.327,30.029,335.8,2023-10-02,743,D,0
-16.3054,30.0119,322.0,2023-10-02,743,D,0
-16.2292,30.4701,325.4,2023-10-02,743,D,0
-16.0006,30.8488,324.2,2023-10-02,743,D,0
-15.9991,30.8393,337.9,2023-10-02,743,D,0
-15.7755,30.2736,338.0,2023-10-02,743,D,0
-15.774,30.2638,328.0,2023-10-02,743,D,0
-16.3378,30.0371,323.8,2023-10-02,743,D,0
-16.3717,30.1346,329.2,2023-10-02,744,D,0
-16.3439,30.0158,324.4,2023-10-02,744,D,0
-16.3501,29.9328,321.1,2023-10-02,744,D,0
-16.3794,30.1232,322.4,2023-10-02,744,D,0
-16.5451,31.2227,321.2,2023-10-02,744,D,0
-16.361,29.9415,324.3,2023-10-02,744,D,0
-16.3625,29.9516,322.3,2023-10-02,744,D,0
-16.361,29.8169,321.4,2023-10-02,744,D,0
-16.6033,31.4316,328.1,2023-10-02,744,D,0
-16.6046,31.4408,321.5,2023-10-02,744,D,0
-16.3893,29.8368,321.0,2023-10-02,744,D,0
-16.6616,31.3877,327.8,2023-10-02,744,D,0
-16.6844,31.2264,336.2,2023-10-02,744,D,0
-16.6857,31.2357,343.2,2023-10-02,744,D,0
-16.5239,30.0471,324.7,2023-10-02,744,D,0
-16.4288,29.3764,331.1,2023-10-02,744,D,0
-16.8026,31.5962,322.4,2023-10-02,744,D,0
-16.7142,30.9354,328.2,2023-10-02,744,D,0
-16.7554,31.0851,341.5,2023-10-02,744,D,0
-16.7568,31.0944,374.1,2023-10-02,744,D,0
-16.7582,31.1037,334.1,2023-10-02,744,D,0
-16.8661,31.712,327.4,2023-10-02,744,D,0
-16.6881,29.9769,359.7,2023-10-02,744,D,0
-16.6896,29.9868,391.1,2023-10-02,744,D,0
-16.6974,29.9755,360.4,2023-10-02,744,D,0
-16.6989,29.9854,374.2,2023-10-02,744,D,0
-16.6656,29.6482,326.5,2023-10-02,744,D,0
-16.6956,29.7798,328.7,2023-10-02,744,D,0
-16.6634,29.5097,330.1,2023-10-02,744,D,0
-16.6795,29.6141,324.4,2023-10-02,744,D,0
-16.6891,29.6761,335.3,2023-10-02,744,D,0
-16.6907,29.6863,346.4,2023-10-02,744,D,0
-16.7064,29.7259,321.0,2023-10-02,744,D,0
-16.7142,29.7766,326.3,2023-10-02,744,D,0
-16.7157,29.7867,333.7,2023-10-02,744,D,0
-16.9236,30.8546,330.2,2023-10-02,744,D,0
-16.8319,29.776,320.5,2023-10-02,744,D,0
-17.1066,31.5904,327.9,2023-10-02,744,D,0
-17.2257,32.0357,322.1,2023-10-02,744,D,0
-17.0359,30.2559,327.1,2023-10-02,744,D,0
-17.0374,30.2655,323.9,2023-10-02,744,D,0
-16.9093,29.3741,322.8,2023-10-02,744,D,0
-16.9109,29.3847,328.3,2023-10-02,744,D,0
-17.2613,31.4499,325.7,2023-10-02,744,D,0
-17.2626,31.4591,327.9,2023-10-02,744,D,0
-17.2954,30.2646,324.9,2023-10-02,744,D,0
-17.0472,28.3023,320.5,2023-10-02,744,D,0
-17.0491,28.3145,335.2,2023-10-02,744,D,0
-17.4595,30.988,342.6,2023-10-02,744,D,0
-17.4608,30.9973,328.1,2023-10-02,744,D,0
-17.0473,28.3081,332.1,2023-10-02,744,D,0
-17.0494,28.3202,322.5,2023-10-02,744,D,0
-17.7331,31.0312,321.1,2023-10-02,744,D,0
-19.1623,29.6852,324.9,2023-10-02,1215,D,0
-18.3583,31.6168,320.4,2023-10-02,1215,D,0
-18.5287,30.8981,320.1,2023-10-02,1215,D,0
-19.09,29.0608,319.0,2023-10-02,1215,D,0
-19.0885,29.0707,330.7,2023-10-02,1215,D,0
-16.9724,31.4966,328.8,2023-10-02,1216,D,0
-17.2597,30.1218,336.8,2023-10-02,1216,D,0
-17.2579,30.1332,332.3,2023-10-02,1216,D,0
-17.2594,30.1274,348.4,2023-10-02,1216,D,0
-17.1742,31.2286,325.1,2023-10-02,1216,D,0
-17.179,31.236,333.8,2023-10-02,1216,D,0
-17.3922,30.0063,356.0,2023-10-02,1216,D,0
-17.3903,30.0176,350.0,2023-10-02,1216,D,0
-17.1789,31.4321,326.2,2023-10-02,1216,D,0
-17.2986,31.6842,328.6,2023-10-02,1216,D,0
-17.7181,29.4211,329.5,2023-10-02,1216,D,0
-17.3803,31.676,328.5,2023-10-02,1216,D,0
-17.4431,31.3722,327.1,2023-10-02,1216,D,0
-17.4698,31.4753,325.9,2023-10-02,1216,D,0
-17.4675,31.4892,360.6,2023-10-02,1216,D,0
-17.5086,31.44,324.6,2023-10-02,1216,D,0
-17.5149,31.4338,328.1,2023-10-02,1216,D,0
-17.816,29.9122,327.7,2023-10-02,1216,D,0
-17.5937,31.9058,347.2,2023-10-02,1216,D,0
-17.5912,31.9205,339.1,2023-10-02,1216,D,0
-17.8374,30.6109,334.6,2023-10-02,1216,D,0
-18.4435,27.0248,330.2,2023-10-02,1216,D,0
-18.4422,27.0342,329.4,2023-10-02,1216,D,0
-18.1258,29.2932,326.6,2023-10-02,1216,D,0
-18.0828,30.7978,323.5,2023-10-02,1216,D,0
-18.4358,29.1205,321.8,2023-10-02,1216,D,0
-16.7574,31.2534,337.2,2023-10-02,1216,D,0
-16.8234,31.6188,323.1,2023-10-02,1216,D,0
-16.8416,31.5768,326.4,2023-10-02,1216,D,0
-16.8422,31.5827,327.1,2023-10-02,1216,D,0
-16.9624,30.9997,341.7,2023-10-02,1216,D,0
-17.045,30.2491,331.3,2023-10-02,1216,D,0
-17.0866,29.9858,358.3,2023-10-02,1216,D,0
-17.0883,29.9747,362.2,2023-10-02,1216,D,0
-17.0332,30.2592,328.0,2023-10-02,1216,D,0
-16.8445,31.29,327.3,2023-10-02,1216,D,0
-17.0939,29.28,336.9,2023-10-02,1216,D,0
-16.7658,31.2689,334.2,2023-10-02,1216,D,0
-16.7681,31.2551,331.4,2023-10-02,1216,D,0
-16.7551,31.2671,328.0,2023-10-02,1216,D,0
-16.7609,31.1006,322.7,2023-10-02,1216,D,0
-16.7654,31.074,334.9,2023-10-02,1216,D,0
-16.7675,31.061,340.0,2023-10-02,1216,D,0
-16.7697,31.0479,329.9,2023-10-02,1216,D,0
-16.695,31.4274,321.5,2023-10-02,1216,D,0
-16.7021,31.3856,352.6,2023-10-02,1216,D,0
-16.7527,31.0852,328.2,2023-10-02,1216,D,0
-16.757,31.059,327.0,2023-10-02,1216,D,0
-16.689,31.3975,327.2,2023-10-02,1216,D,0
-16.6914,31.3836,344.8,2023-10-02,1216,D,0
-16.6874,31.3915,330.5,2023-10-02,1216,D,0
-16.6897,31.3775,332.5,2023-10-02,1216,D,0
-16.6932,31.2215,327.0,2023-10-02,1216,D,0
-16.9001,29.8715,327.5,2023-10-02,1216,D,0
-16.7979,30.1937,353.4,2023-10-02,1216,D,0
-16.7998,30.1821,334.2,2023-10-02,1216,D,0
-16.786,30.2036,333.4,2023-10-02,1216,D,0
-16.7879,30.1921,352.3,2023-10-02,1216,D,0
-16.7861,30.1969,333.3,2023-10-02,1216,D,0
-16.7879,30.1854,328.6,2023-10-02,1216,D,0
-16.8441,29.7633,325.4,2023-10-02,1216,D,0
-16.8344,29.7616,329.2,2023-10-02,1216,D,0
-17.0575,28.309,330.7,2023-10-02,1216,D,0
-17.0589,28.2996,345.3,2023-10-02,1216,D,0
-16.5933,31.196,328.3,2023-10-02,1216,D,0
-16.5955,31.1826,339.0,2023-10-02,1216,D,0
-17.0469,28.3175,327.4,2023-10-02,1216,D,0
-17.0483,28.3078,330.0,2023-10-02,1216,D,0
-17.0512,28.2887,326.7,2023-10-02,1216,D,0
-16.726,30.1264,327.8,2023-10-02,1216,D,0
-16.7278,30.115,341.2,2023-10-02,1216,D,0
-16.6378,30.1056,323.2,2023-10-02,1216,D,0
-16.6819,29.6211,326.2,2023-10-02,1216,D,0
-16.6688,29.6413,327.3,2023-10-02,1216,D,0
-16.6592,29.6397,331.0,2023-10-02,1216,D,0
-16.4806,30.6924,328.8,2023-10-02,1216,D,0
-16.6582,29.5835,333.1,2023-10-02,1216,D,0
-16.4703,30.6905,327.4,2023-10-02,1216,D,0
-16.6113,29.3608,327.7,2023-10-02,1216,D,0
-16.6001,29.3699,336.1,2023-10-02,1216,D,0
-16.5906,29.3681,337.5,2023-10-02,1216,D,0
-16.5923,29.3575,336.5,2023-10-02,1216,D,0
-16.4589,29.8678,340.4,2023-10-02,1216,D,0
-16.4491,29.8663,326.4,2023-10-02,1216,D,0
-16.3991,30.1174,358.2,2023-10-02,1216,D,0
-16.4009,30.106,352.8,2023-10-02,1216,D,0
-16.3873,30.1275,331.5,2023-10-02,1216,D,0
-16.3891,30.1161,343.4,2023-10-02,1216,D,0
-16.391,30.1045,365.1,2023-10-02,1216,D,0
-16.3673,30.1245,329.5,2023-10-02,1216,D,0
-16.3416,30.0319,326.1,2023-10-02,1216,D,0
-16.3435,30.0202,327.2,2023-10-02,1216,D,0
-16.3318,30.0298,334.2,2023-10-02,1216,D,0
-16.3464,29.9369,325.3,2023-10-02,1216,D,0
-16.3564,29.8099,330.8,2023-10-02,1216,D,0
-16.3854,29.3755,331.5,2023-10-02,1216,D,0
-16.356,29.4368,349.9,2023-10-02,1216,D,0
-16.3578,29.426,327.5,2023-10-02,1216,D,0
-16.351,29.4403,331.4,2023-10-02,1216,D,0
-16.3527,29.4295,328.1,2023-10-02,1216,D,0
-16.2961,29.6658,330.3,2023-10-02,1216,D,0
-15.77,30.2653,335.5,2023-10-02,1216,D,0
-15.772,30.2529,326.5,2023-10-02,1216,D,0
-15.7942,30.297,305.0,2023-10-02,1955,N,0
-15.7683,30.2583,305.4,2023-10-02,1955,N,0
-16.5245,30.6398,304.7,2023-10-02,1955,N,0
-16.7979,29.5778,300.9,2023-10-02,1955,N,0
-16.7484,30.156,300.8,2023-10-02,1955,N,0
-16.8179,30.7406,304.1,2023-10-02,1955,N,0
-15.7697,30.2467,310.1,2023-10-02,1955,N,0
-16.8748,30.4462,303.1,2023-10-02,1955,N,0
-16.956,30.6107,307.9,2023-10-02,1955,N,0
-16.9704,31.22,308.9,2023-10-02,1955,N,0
-17.0668,31.184,306.7,2023-10-02,1955,N,0
-17.7337,29.1032,304.3,2023-10-02,1955,N,0
-17.6725,29.9988,304.0,2023-10-02,1955,N,0
-17.706,30.7992,304.5,2023-10-02,1955,N,0
-18.1241,32.0859,311.2,2023-10-02,1955,N,0
-18.5996,30.0734,301.1,2023-10-02,1955,N,0
-16.3935,30.1337,302.6,2023-10-02,2308,N,0
-16.7351,29.8518,321.4,2023-10-03,824,D,0
-16.7354,29.8449,319.2,2023-10-03,824,D,0
-16.7382,29.8732,319.4,2023-10-03,824,D,0
-17.3265,30.1592,341.7,2023-10-03,824,D,0
-17.3298,30.1903,325.7,2023-10-03,824,D,0
-17.324,30.1527,333.6,2023-10-03,824,D,0
-17.3271,30.1835,330.5,2023-10-03,824,D,0
-19.5997,29.7036,318.1,2023-10-03,825,D,0
-18.2237,30.28,318.4,2023-10-03,825,D,0
-18.5345,30.8077,318.3,2023-10-03,825,D,0
-19.3889,30.3171,317.4,2023-10-03,825,D,0
-19.408,30.3491,318.8,2023-10-03,825,D,0
-19.3986,30.3109,317.5,2023-10-03,825,D,0
-19.4016,30.3443,324.4,2023-10-03,825,D,0
-17.2077,30.6336,325.1,2023-10-03,1119,D,0
-17.9,31.2868,321.6,2023-10-03,1119,D,0
-17.4678,30.9333,324.8,2023-10-03,1119,D,0
-17.465,30.9246,323.3,2023-10-03,1119,D,0
-17.2082,30.637,323.9,2023-10-03,1119,D,0
-19.2527,30.8479,321.3,2023-10-03,1119,D,0
-18.5772,31.5529,327.5,2023-10-03,1119,D,0
-18.5724,31.5486,325.2,2023-10-03,1119,D,0
-18.2784,31.5086,327.1,2023-10-03,1119,D,0
-18.2819,31.4713,325.0,2023-10-03,1119,D,0
-18.2896,31.5019,334.3,2023-10-03,1119,D,0
-18.2933,31.4642,319.4,2023-10-03,1119,D,0
-18.1499,30.9171,319.4,2023-10-03,1119,D,0
-19.4418,27.8373,353.8,2023-10-03,1257,D,0
-19.4535,27.807,356.5,2023-10-03,1257,D,0
-19.45,27.7979,342.4,2023-10-03,1257,D,0
-19.4451,27.8463,347.2,2023-10-03,1257,D,0
-17.2666,30.6392,303.2,2023-10-03,2035,N,0
-18.2935,31.0095,301.5,2023-10-03,2035,N,0
-17.2697,30.6335,305.8,2023-10-03,2035,N,0
-17.2075,30.0088,302.2,2023-10-03,2036,N,0
-16.6815,29.2881,302.5,2023-10-03,2349,N,0
-18.3663,26.4772,306.0,2023-10-03,2350,N,0
-17.1124,29.8067,325.9,2023-10-04,727,D,0
-17.3221,30.3369,320.8,2023-10-04,727,D,0
-16.4885,30.722,324.6,2023-10-04,727,D,0
-16.8949,31.2813,320.3,2023-10-04,727,D,0
-16.829,30.4812,324.7,2023-10-04,727,D,0
-17.8277,31.8828,325.8,2023-10-04,727,D,0
-17.754,31.2475,325.1,2023-10-04,727,D,0
-17.9477,31.9846,326.2,2023-10-04,727,D,0
-18.3455,32.2185,321.1,2023-10-04,727,D,0
-17.6564,30.6711,324.0,2023-10-04,727,D,0
-17.1075,30.9051,334.2,2023-10-04,727,D,0
-17.1101,30.9203,322.2,2023-10-04,727,D,0
-17.1801,31.8127,323.5,2023-10-04,727,D,0
-18.806,31.2008,329.1,2023-10-04,728,D,0
-18.8095,31.1934,323.9,2023-10-04,728,D,0
-19.0506,31.6312,322.4,2023-10-04,728,D,0
-19.3545,30.1429,326.9,2023-10-04,728,D,0
-19.2449,30.3061,329.6,2023-10-04,728,D,0
-19.357,30.1495,322.3,2023-10-04,728,D,0
-19.0249,32.6186,322.9,2023-10-04,728,D,0
-19.4317,31.2239,332.8,2023-10-04,1200,D,0
-19.2164,32.7443,334.7,2023-10-04,1200,D,0
-19.2149,32.7541,342.4,2023-10-04,1200,D,0
-19.5986,30.6949,326.6,2023-10-04,1200,D,0
-19.5905,30.7522,350.8,2023-10-04,1200,D,0
-19.5892,30.7617,327.3,2023-10-04,1200,D,0
-19.7807,29.7809,340.8,2023-10-04,1200,D,0
-19.7793,29.791,339.0,2023-10-04,1200,D,0
-22.1089,31.6142,330.2,2023-10-04,1200,D,0
-21.0626,31.5296,334.4,2023-10-04,1200,D,0
-20.49,32.6084,324.8,2023-10-04,1200,D,0
-20.4761,32.5164,324.8,2023-10-04,1200,D,0
-20.6766,30.6138,330.9,2023-10-04,1200,D,0
-20.3205,32.7566,332.3,2023-10-04,1200,D,0
-20.148,32.7904,336.9,2023-10-04,1200,D,0
-20.1496,32.7805,337.6,2023-10-04,1200,D,0
-20.2592,31.9893,332.2,2023-10-04,1200,D,0
-20.2606,31.9797,341.1,2023-10-04,1200,D,0
-20.094,32.605,325.8,2023-10-04,1200,D,0
-20.2824,30.8039,338.2,2023-10-04,1200,D,0
-19.9723,32.6207,324.7,2023-10-04,1200,D,0
-19.9782,32.5816,361.4,2023-10-04,1200,D,0
-19.9796,32.5719,323.4,2023-10-04,1200,D,0
-19.9157,32.9345,324.3,2023-10-04,1200,D,0
-20.3659,28.7447,334.2,2023-10-04,1200,D,0
-20.1585,29.3718,339.4,2023-10-04,1200,D,0
-20.1599,29.3613,365.6,2023-10-04,1200,D,0
-20.1601,29.1428,354.0,2023-10-04,1200,D,0
-19.8133,31.2583,331.4,2023-10-04,1200,D,0
-20.027,29.528,347.0,2023-10-04,1200,D,0
-20.0284,29.5176,346.2,2023-10-04,1200,D,0
-19.9638,29.9236,337.8,2023-10-04,1200,D,0
-19.9546,29.9222,344.1,2023-10-04,1200,D,0
-19.956,29.9122,349.1,2023-10-04,1200,D,0
-19.782,31.0929,347.0,2023-10-04,1200,D,0
-19.7834,31.0834,343.7,2023-10-04,1200,D,0
-19.7731,31.0914,335.2,2023-10-04,1200,D,0
-19.7458,31.1548,333.8,2023-10-04,1200,D,0
-19.7471,31.1453,330.8,2023-10-04,1200,D,0
-19.7886,29.7924,338.5,2023-10-04,1200,D,0
-19.7872,29.8024,335.6,2023-10-04,1200,D,0
-19.856,29.3627,327.7,2023-10-04,1200,D,0
-19.8547,29.3731,332.3,2023-10-04,1200,D,0
-19.7723,30.1153,331.3,2023-10-04,1200,D,0
-19.8199,29.8382,329.0,2023-10-04,1200,D,0
-19.815,29.9248,334.5,2023-10-04,1200,D,0
-19.8418,29.7957,370.3,2023-10-04,1200,D,0
-19.8405,29.8058,348.9,2023-10-04,1200,D,0
-19.851,29.7971,361.3,2023-10-04,1200,D,0
-19.8497,29.8072,370.3,2023-10-04,1200,D,0
-19.8575,29.8187,332.9,2023-10-04,1200,D,0
-19.7378,31.0113,340.5,2023-10-04,1200,D,0
-19.7202,31.1343,339.5,2023-10-04,1200,D,0
-19.7899,29.7823,327.4,2023-10-04,1200,D,0
-19.7188,31.1438,350.8,2023-10-04,1200,D,0
-19.5646,29.9503,335.4,2023-10-04,1200,D,0
-19.453,30.9476,329.9,2023-10-04,1200,D,0
-19.4517,30.9571,328.8,2023-10-04,1200,D,0
-19.4344,31.2051,333.2,2023-10-04,1200,D,0
-19.433,31.2145,338.6,2023-10-04,1200,D,0
-17.1712,30.3016,333.7,2023-10-04,1201,D,0
-17.2873,30.9663,396.2,2023-10-04,1201,D,0
-17.2886,30.957,382.5,2023-10-04,1201,D,0
-17.5045,29.4229,344.2,2023-10-04,1201,D,0
-17.4155,30.0016,338.8,2023-10-04,1201,D,0
-17.4953,29.4214,331.4,2023-10-04,1201,D,0
-17.1772,31.5928,332.3,2023-10-04,1201,D,0
-17.4066,30.0041,343.1,2023-10-04,1201,D,0
-17.1189,31.9234,330.8,2023-10-04,1201,D,0
-17.4718,29.4724,334.2,2023-10-04,1201,D,0
-17.1263,31.7492,331.4,2023-10-04,1201,D,0
-17.1724,31.438,327.1,2023-10-04,1201,D,0
-17.4157,29.7418,343.4,2023-10-04,1201,D,0
-17.417,29.7321,349.8,2023-10-04,1201,D,0
-17.4481,29.5089,332.4,2023-10-04,1201,D,0
-17.5165,29.0102,334.5,2023-10-04,1201,D,0
-17.1173,31.7478,341.8,2023-10-04,1201,D,0
-17.2451,30.8778,329.7,2023-10-04,1201,D,0
-17.2492,30.8499,339.8,2023-10-04,1201,D,0
-17.2376,30.8671,346.1,2023-10-04,1201,D,0
-17.2389,30.8578,360.8,2023-10-04,1201,D,0
-17.2403,30.8485,348.5,2023-10-04,1201,D,0
-17.1825,31.0578,347.1,2023-10-04,1201,D,0
-17.1838,31.0486,387.4,2023-10-04,1201,D,0
-17.1449,31.2519,327.8,2023-10-04,1201,D,0
-17.1749,31.0471,337.0,2023-10-04,1201,D,0
-17.5041,28.49,333.0,2023-10-04,1201,D,0
-17.087,31.3889,336.3,2023-10-04,1201,D,0
-17.1185,31.1742,330.0,2023-10-04,1201,D,0
-17.1198,31.1649,331.5,2023-10-04,1201,D,0
-16.9043,32.4814,344.5,2023-10-04,1201,D,0
-17.0074,31.8011,341.6,2023-10-04,1201,D,0
-17.0088,31.7916,333.0,2023-10-04,1201,D,0
-17.0205,31.5895,347.3,2023-10-04,1201,D,0
-17.0073,31.6164,335.2,2023-10-04,1201,D,0
-17.0101,31.5974,339.6,2023-10-04,1201,D,0
-17.0115,31.588,384.2,2023-10-04,1201,D,0
-17.0129,31.5786,335.5,2023-10-04,1201,D,0
-17.0011,31.596,335.5,2023-10-04,1201,D,0
-17.0026,31.5866,350.8,2023-10-04,1201,D,0
-17.1029,30.9055,381.9,2023-10-04,1201,D,0
-17.1042,30.8962,353.6,2023-10-04,1201,D,0
-17.1749,30.4035,331.8,2023-10-04,1201,D,0
-17.1763,30.3942,333.3,2023-10-04,1201,D,0
-17.0931,30.9078,327.7,2023-10-04,1201,D,0
-17.0945,30.8985,340.5,2023-10-04,1201,D,0
-17.3787,28.8835,338.4,2023-10-04,1201,D,0
-17.3801,28.8733,336.2,2023-10-04,1201,D,0
-17.1698,30.311,328.4,2023-10-04,1201,D,0
-17.2125,30.0102,333.4,2023-10-04,1201,D,0
-17.2139,30.0007,335.9,2023-10-04,1201,D,0
-16.9595,31.6319,341.6,2023-10-04,1201,D,0
-16.9609,31.6225,333.0,2023-10-04,1201,D,0
-17.1666,30.2053,327.4,2023-10-04,1201,D,0
-16.8433,32.3434,330.6,2023-10-04,1201,D,0
-16.9336,31.7441,339.8,2023-10-04,1201,D,0
-17.0888,30.6223,390.1,2023-10-04,1201,D,0
-17.0901,30.613,374.5,2023-10-04,1201,D,0
-17.2413,29.3355,341.8,2023-10-04,1201,D,0
-16.9599,31.2575,367.2,2023-10-04,1201,D,0
-16.9612,31.2482,441.3,2023-10-04,1201,D,0
-16.9626,31.2388,376.2,2023-10-04,1201,D,0
-17.0637,30.5422,338.2,2023-10-04,1201,D,0
-17.065,30.5329,330.2,2023-10-04,1201,D,0
-17.2321,29.3341,355.6,2023-10-04,1201,D,0
-16.948,31.2679,339.2,2023-10-04,1201,D,0
-16.9507,31.2493,351.4,2023-10-04,1201,D,0
-17.0958,30.2453,328.6,2023-10-04,1201,D,0
-16.9363,31.2852,339.6,2023-10-04,1201,D,0
-16.9377,31.2758,376.9,2023-10-04,1201,D,0
-16.9391,31.2665,357.7,2023-10-04,1201,D,0
-16.9418,31.2479,379.6,2023-10-04,1201,D,0
-16.9432,31.2385,334.6,2023-10-04,1201,D,0
-16.9233,31.3117,333.7,2023-10-04,1201,D,0
-16.8629,31.6579,333.4,2023-10-04,1201,D,0
-17.057,30.3251,330.1,2023-10-04,1201,D,0
-17.0822,30.1472,327.7,2023-10-04,1201,D,0
-17.1315,29.7973,339.1,2023-10-04,1201,D,0
-17.1329,29.7878,337.3,2023-10-04,1201,D,0
-17.2209,29.153,330.5,2023-10-04,1201,D,0
-17.0134,30.5658,337.7,2023-10-04,1201,D,0
-17.0147,30.5565,336.4,2023-10-04,1201,D,0
-17.1654,29.4876,346.8,2023-10-04,1201,D,0
-17.1667,29.4779,330.1,2023-10-04,1201,D,0
-16.815,31.8548,390.5,2023-10-04,1201,D,0
-16.8164,31.8453,366.8,2023-10-04,1201,D,0
-16.9441,30.9817,329.9,2023-10-04,1201,D,0
-16.8902,31.2873,333.7,2023-10-04,1201,D,0
-16.8916,31.278,352.2,2023-10-04,1201,D,0
-17.1031,29.8027,333.7,2023-10-04,1201,D,0
-16.9519,30.8027,357.7,2023-10-04,1201,D,0
-16.9532,30.7935,351.3,2023-10-04,1201,D,0
-16.9826,30.5894,335.7,2023-10-04,1201,D,0
-16.984,30.5801,333.0,2023-10-04,1201,D,0
-17.0238,30.3008,328.5,2023-10-04,1201,D,0
-17.1975,29.0472,331.5,2023-10-04,1201,D,0
-16.9416,30.8106,332.6,2023-10-04,1201,D,0
-16.9443,30.7921,335.5,2023-10-04,1201,D,0
-17.1964,28.9851,330.7,2023-10-04,1201,D,0
-16.7961,31.4293,338.9,2023-10-04,1201,D,0
-16.9544,30.2749,329.9,2023-10-04,1201,D,0
-16.9557,30.2656,327.6,2023-10-04,1201,D,0
-17.0346,29.5711,330.8,2023-10-04,1201,D,0
-17.1142,28.9882,330.0,2023-10-04,1201,D,0
-16.8409,30.8743,354.5,2023-10-04,1201,D,0
-16.8423,30.865,352.3,2023-10-04,1201,D,0
-16.849,30.8187,353.7,2023-10-04,1201,D,0
-16.8503,30.8095,339.9,2023-10-04,1201,D,0
-16.7216,31.5549,337.0,2023-10-04,1201,D,0
-16.7943,31.0595,332.3,2023-10-04,1201,D,0
-16.7957,31.0502,332.0,2023-10-04,1201,D,0
-16.8213,30.8739,328.8,2023-10-04,1201,D,0
-16.9817,29.7523,335.2,2023-10-04,1201,D,0
-16.9713,29.7604,339.2,2023-10-04,1201,D,0
-16.7887,30.9731,333.6,2023-10-04,1201,D,0
-16.79,30.9638,327.8,2023-10-04,1201,D,0
-16.8428,30.5361,354.2,2023-10-04,1201,D,0
-16.5455,32.4783,333.3,2023-10-04,1201,D,0
-16.7162,31.3425,332.2,2023-10-04,1201,D,0
-16.9588,29.6513,368.3,2023-10-04,1201,D,0
-16.9602,29.6417,348.7,2023-10-04,1201,D,0
-17.0955,28.6541,331.9,2023-10-04,1201,D,0
-16.7293,31.1917,337.8,2023-10-04,1201,D,0
-16.7306,31.1824,344.2,2023-10-04,1201,D,0
-16.7217,31.181,333.3,2023-10-04,1201,D,0
-16.8226,30.4854,339.1,2023-10-04,1201,D,0
-16.8876,30.0279,332.2,2023-10-04,1201,D,0
-16.889,30.0185,336.0,2023-10-04,1201,D,0
-16.6232,31.7813,331.9,2023-10-04,1201,D,0
-16.6247,31.7718,329.6,2023-10-04,1201,D,0
-16.8734,30.0641,332.2,2023-10-04,1201,D,0
-16.8747,30.0548,329.3,2023-10-04,1201,D,0
-16.6156,31.7703,331.5,2023-10-04,1201,D,0
-16.7861,30.6126,339.6,2023-10-04,1201,D,0
-16.7759,30.6204,331.5,2023-10-04,1201,D,0
-16.7772,30.6112,349.6,2023-10-04,1201,D,0
-16.7786,30.6019,358.3,2023-10-04,1201,D,0
-16.8462,30.1271,344.6,2023-10-04,1201,D,0
-16.5623,32.0113,339.5,2023-10-04,1201,D,0
-16.5637,32.0018,337.6,2023-10-04,1201,D,0
-16.5531,32.01,354.8,2023-10-04,1201,D,0
-16.5546,32.0003,353.0,2023-10-04,1201,D,0
-16.6952,30.9241,347.7,2023-10-04,1201,D,0
-16.7488,30.5536,333.0,2023-10-04,1201,D,0
-16.7501,30.5443,336.7,2023-10-04,1201,D,0
-17.0567,28.2628,334.1,2023-10-04,1201,D,0
-16.8345,29.8213,335.8,2023-10-04,1201,D,0
-16.8358,29.8118,350.6,2023-10-04,1201,D,0
-16.7569,30.2413,332.9,2023-10-04,1201,D,0
-16.7582,30.2319,330.7,2023-10-04,1201,D,0
-16.8379,29.5979,333.4,2023-10-04,1201,D,0
-16.9115,29.0589,340.2,2023-10-04,1201,D,0
-16.9129,29.0489,337.3,2023-10-04,1201,D,0
-16.7549,30.1264,332.2,2023-10-04,1201,D,0
-16.87,29.2955,343.5,2023-10-04,1201,D,0
-16.8714,29.2857,331.5,2023-10-04,1201,D,0
-16.5587,31.2856,333.0,2023-10-04,1201,D,0
-16.5601,31.2762,333.3,2023-10-04,1201,D,0
-16.605,30.9695,331.5,2023-10-04,1201,D,0
-16.6064,30.9602,340.2,2023-10-04,1201,D,0
-16.6987,30.3208,345.8,2023-10-04,1201,D,0
-16.7053,30.0162,328.7,2023-10-04,1201,D,0
-16.6844,30.0993,331.8,2023-10-04,1201,D,0
-16.6741,30.1073,357.4,2023-10-04,1201,D,0
-16.6755,30.0979,333.0,2023-10-04,1201,D,0
-16.6053,30.4619,341.9,2023-10-04,1201,D,0
-16.6066,30.4526,327.4,2023-10-04,1201,D,0
-16.7864,29.18,337.2,2023-10-04,1201,D,0
-16.7878,29.1701,345.1,2023-10-04,1201,D,0
-16.7473,29.3942,348.8,2023-10-04,1201,D,0
-16.7486,29.3845,352.8,2023-10-04,1201,D,0
-16.4893,31.1353,331.5,2023-10-04,1201,D,0
-16.5554,30.6813,343.6,2023-10-04,1201,D,0
-16.6236,30.1415,333.0,2023-10-04,1201,D,0
-16.6502,29.9539,327.3,2023-10-04,1201,D,0
-16.6516,29.9446,329.8,2023-10-04,1201,D,0
-16.4836,30.7362,327.9,2023-10-04,1201,D,0
-16.4849,30.7269,354.7,2023-10-04,1201,D,0
-16.5183,30.4956,328.2,2023-10-04,1201,D,0
-16.5196,30.4863,335.5,2023-10-04,1201,D,0
-16.4483,30.7808,332.1,2023-10-04,1201,D,0
-16.5206,29.9562,334.9,2023-10-04,1201,D,0
-16.5527,29.5941,331.7,2023-10-04,1201,D,0
-16.2441,31.4863,333.5,2023-10-04,1201,D,0
-16.4171,30.1065,332.2,2023-10-04,1201,D,0
-16.4443,29.7173,331.5,2023-10-04,1201,D,0
-16.2933,30.7062,339.4,2023-10-04,1201,D,0
-16.2946,30.697,338.0,2023-10-04,1201,D,0
-16.296,30.6877,341.6,2023-10-04,1201,D,0
-16.2857,30.6956,352.8,2023-10-04,1201,D,0
-16.287,30.6863,339.1,2023-10-04,1201,D,0
-16.2379,30.2658,333.3,2023-10-04,1201,D,0
-16.323,29.5995,328.4,2023-10-04,1201,D,0
-16.2457,29.9529,329.2,2023-10-04,1201,D,0
-16.3131,29.471,331.8,2023-10-04,1201,D,0
-16.2264,29.9595,328.7,2023-10-04,1201,D,0
-15.7808,30.2395,333.0,2023-10-04,1201,D,0
-19.2889,31.4444,336.9,2023-10-04,1201,D,0
-19.2903,31.435,338.8,2023-10-04,1201,D,0
-19.2977,31.3207,336.5,2023-10-04,1201,D,0
-19.2991,31.3113,327.6,2023-10-04,1201,D,0
-19.0964,32.6154,333.7,2023-10-04,1201,D,0
-19.1347,32.3627,331.0,2023-10-04,1201,D,0
-19.2888,31.3192,347.3,2023-10-04,1201,D,0
-19.4057,30.1744,327.6,2023-10-04,1201,D,0
-19.354,30.1464,331.8,2023-10-04,1201,D,0
-19.3553,30.1366,335.6,2023-10-04,1201,D,0
-19.3566,30.1269,359.1,2023-10-04,1201,D,0
-19.358,30.1171,336.0,2023-10-04,1201,D,0
-19.0831,31.8491,338.2,2023-10-04,1201,D,0
-19.0507,31.8759,370.0,2023-10-04,1201,D,0
-19.0521,31.8664,329.3,2023-10-04,1201,D,0
-19.3265,29.9451,347.9,2023-10-04,1201,D,0
-19.3174,29.9437,336.7,2023-10-04,1201,D,0
-19.3187,29.9338,361.1,2023-10-04,1201,D,0
-19.0468,31.7783,330.9,2023-10-04,1201,D,0
-19.0607,31.6838,327.1,2023-10-04,1201,D,0
-19.062,31.6744,325.6,2023-10-04,1201,D,0
-19.2059,30.6762,331.2,2023-10-04,1201,D,0
-19.2072,30.6667,337.0,2023-10-04,1201,D,0
-19.2184,30.5225,327.1,2023-10-04,1201,D,0
-19.2197,30.5129,330.9,2023-10-04,1201,D,0
-19.2479,30.3114,334.1,2023-10-04,1201,D,0
-19.1325,30.9353,331.8,2023-10-04,1201,D,0
-19.0667,31.2651,326.1,2023-10-04,1201,D,0
-18.9516,31.554,325.6,2023-10-04,1201,D,0
-19.315,28.7456,333.5,2023-10-04,1201,D,0
-18.8727,31.8339,329.2,2023-10-04,1201,D,0
-19.1777,29.5528,328.2,2023-10-04,1201,D,0
-19.1791,29.5426,327.4,2023-10-04,1201,D,0
-19.0061,30.5934,333.7,2023-10-04,1201,D,0
-19.0221,30.4792,327.8,2023-10-04,1201,D,0
-19.0235,30.4697,337.0,2023-10-04,1201,D,0
-18.7693,31.9761,345.2,2023-10-04,1201,D,0
-18.7707,31.9666,334.5,2023-10-04,1201,D,0
-18.7598,31.9162,331.7,2023-10-04,1201,D,0
-18.6614,32.5106,344.6,2023-10-04,1201,D,0
-18.6629,32.5008,358.3,2023-10-04,1201,D,0
-18.6817,32.3148,329.8,2023-10-04,1201,D,0
-18.6712,32.3229,329.3,2023-10-04,1201,D,0
-18.9037,30.736,333.3,2023-10-04,1201,D,0
-18.5917,32.7829,325.4,2023-10-04,1201,D,0
-18.5932,32.7729,326.3,2023-10-04,1201,D,0
-18.6587,32.2218,334.5,2023-10-04,1201,D,0
-18.8097,31.2015,332.2,2023-10-04,1201,D,0
-18.669,32.0892,328.6,2023-10-04,1201,D,0
-18.6267,32.2491,327.9,2023-10-04,1201,D,0
-18.9754,29.826,329.7,2023-10-04,1201,D,0
-18.6176,32.2476,329.9,2023-10-04,1201,D,0
-18.652,32.018,339.3,2023-10-04,1201,D,0
-18.6382,31.9864,330.9,2023-10-04,1201,D,0
-18.8078,30.6948,336.0,2023-10-04,1201,D,0
-18.8092,30.6854,339.4,2023-10-04,1201,D,0
-18.8332,30.5149,331.1,2023-10-04,1201,D,0
-18.9448,29.6385,338.9,2023-10-04,1201,D,0
-18.9356,29.6371,335.5,2023-10-04,1201,D,0
-18.9369,29.6272,334.1,2023-10-04,1201,D,0
-18.9396,29.6071,340.2,2023-10-04,1201,D,0
-18.941,29.5971,328.3,2023-10-04,1201,D,0
-18.9311,29.6207,333.4,2023-10-04,1201,D,0
-18.9325,29.6107,338.9,2023-10-04,1201,D,0
-18.9339,29.6007,330.6,2023-10-04,1201,D,0
-18.9233,29.6093,335.6,2023-10-04,1201,D,0
-18.5668,31.8519,328.8,2023-10-04,1201,D,0
-18.4692,32.2562,335.6,2023-10-04,1201,D,0
-18.4611,32.2482,334.7,2023-10-04,1201,D,0
-18.4625,32.2386,328.7,2023-10-04,1201,D,0
-18.4967,32.0088,326.7,2023-10-04,1201,D,0
-18.3873,32.6755,381.2,2023-10-04,1201,D,0
-18.3889,32.6655,335.9,2023-10-04,1201,D,0
-18.7164,30.2991,333.6,2023-10-04,1201,D,0
-18.466,31.9062,330.6,2023-10-04,1201,D,0
-18.6988,30.2278,332.2,2023-10-04,1201,D,0
-18.7178,30.0237,333.3,2023-10-04,1201,D,0
-18.7087,30.0223,336.6,2023-10-04,1201,D,0
-18.7101,30.0126,332.3,2023-10-04,1201,D,0
-18.3278,32.2793,329.1,2023-10-04,1201,D,0
-18.3187,32.2779,329.1,2023-10-04,1201,D,0
-18.3347,32.172,326.6,2023-10-04,1201,D,0
-18.3496,31.9494,337.0,2023-10-04,1201,D,0
-18.351,31.9399,335.4,2023-10-04,1201,D,0
-18.2743,32.0178,325.7,2023-10-04,1201,D,0
-18.2757,32.0082,363.0,2023-10-04,1201,D,0
-18.5762,29.9202,332.7,2023-10-04,1201,D,0
-18.5775,29.9105,329.4,2023-10-04,1201,D,0
-18.2804,31.8534,330.2,2023-10-04,1201,D,0
-18.5218,30.1783,343.9,2023-10-04,1201,D,0
-18.5432,30.0242,350.8,2023-10-04,1201,D,0
-18.5446,30.0145,340.8,2023-10-04,1201,D,0
-18.5251,30.0214,333.7,2023-10-04,1201,D,0
-18.516,30.02,335.8,2023-10-04,1201,D,0
-18.5173,30.0103,342.2,2023-10-04,1201,D,0
-18.3333,30.9921,331.8,2023-10-04,1201,D,0
-18.1994,31.844,354.7,2023-10-04,1201,D,0
-18.1904,31.8425,331.9,2023-10-04,1201,D,0
-18.0899,32.3863,335.6,2023-10-04,1201,D,0
-18.1577,31.6852,328.1,2023-10-04,1201,D,0
-18.1591,31.6758,334.3,2023-10-04,1201,D,0
-18.5147,29.1642,328.0,2023-10-04,1201,D,0
-18.5161,29.1539,328.5,2023-10-04,1201,D,0
-18.2406,30.8654,336.6,2023-10-04,1201,D,0
-18.2419,30.8561,330.6,2023-10-04,1201,D,0
-18.3344,30.1368,330.7,2023-10-04,1201,D,0
-18.2441,30.7127,340.1,2023-10-04,1201,D,0
-18.2339,30.7207,333.3,2023-10-04,1201,D,0
-18.2352,30.7113,338.5,2023-10-04,1201,D,0
-18.3157,30.0793,328.2,2023-10-04,1201,D,0
-18.3572,29.6484,333.6,2023-10-04,1201,D,0
-18.081,31.5227,329.9,2023-10-04,1201,D,0
-18.0824,31.5133,330.3,2023-10-04,1201,D,0
-18.2535,30.1284,328.8,2023-10-04,1201,D,0
-17.9745,31.9306,336.7,2023-10-04,1201,D,0
-17.9641,31.9388,333.7,2023-10-04,1201,D,0
-17.9655,31.9292,376.6,2023-10-04,1201,D,0
-17.967,31.9197,381.1,2023-10-04,1201,D,0
-17.9798,31.8342,328.6,2023-10-04,1201,D,0
-18.0274,31.514,328.4,2023-10-04,1201,D,0
-18.1091,30.9534,333.7,2023-10-04,1201,D,0
-17.8278,32.7184,332.8,2023-10-04,1201,D,0
-17.8293,32.7084,328.8,2023-10-04,1201,D,0
-17.901,32.049,331.4,2023-10-04,1201,D,0
-17.9024,32.0394,363.4,2023-10-04,1201,D,0
-18.1099,30.3618,331.5,2023-10-04,1201,D,0
-18.1009,30.3604,333.4,2023-10-04,1201,D,0
-18.1022,30.3509,348.1,2023-10-04,1201,D,0
-18.1052,30.2682,336.3,2023-10-04,1201,D,0
-18.1065,30.2587,335.5,2023-10-04,1201,D,0
-18.0318,30.7186,337.6,2023-10-04,1201,D,0
-18.0372,30.6811,336.9,2023-10-04,1201,D,0
-17.8354,31.8759,339.7,2023-10-04,1201,D,0
-17.8368,31.8663,342.8,2023-10-04,1201,D,0
-17.8382,31.8568,344.4,2023-10-04,1201,D,0
-17.8396,31.8474,337.9,2023-10-04,1201,D,0
-18.0198,30.6113,341.7,2023-10-04,1201,D,0
-17.8292,31.8553,361.0,2023-10-04,1201,D,0
-18.0095,30.6193,337.2,2023-10-04,1201,D,0
-18.0108,30.6099,346.8,2023-10-04,1201,D,0
-17.8202,31.8538,337.0,2023-10-04,1201,D,0
-17.9992,30.6272,363.2,2023-10-04,1201,D,0
-18.0005,30.6179,345.1,2023-10-04,1201,D,0
-17.8919,31.3071,327.0,2023-10-04,1201,D,0
-17.8032,31.7831,333.4,2023-10-04,1201,D,0
-17.9963,30.454,333.4,2023-10-04,1201,D,0
-17.9977,30.4445,332.3,2023-10-04,1201,D,0
-17.9203,30.9138,338.7,2023-10-04,1201,D,0
-17.91,30.9217,338.8,2023-10-04,1201,D,2
-17.9113,30.9124,345.5,2023-10-04,1201,D,0
-18.0661,29.7552,332.2,2023-10-04,1201,D,0
-18.0675,29.7455,333.3,2023-10-04,1201,D,0
-18.0583,29.7441,330.8,2023-10-04,1201,D,0
-18.4069,26.8482,332.4,2023-10-04,1201,D,0
-17.9995,29.8342,335.8,2023-10-04,1201,D,0
-17.7529,31.3106,328.7,2023-10-04,1201,D,0
-17.7543,31.3013,342.0,2023-10-04,1201,D,0
-17.9008,30.2822,339.4,2023-10-04,1201,D,0
-17.7535,31.2438,338.5,2023-10-04,1201,D,0
-17.7549,31.2344,333.3,2023-10-04,1201,D,0
-17.9105,30.148,339.4,2023-10-04,1201,D,0
-18.0036,29.479,339.1,2023-10-04,1201,D,0
-17.7446,31.2423,340.2,2023-10-04,1201,D,0
-17.9015,30.1466,351.1,2023-10-04,1201,D,0
-17.9029,30.1371,344.4,2023-10-04,1201,D,0
-18.0135,29.338,339.6,2023-10-04,1201,D,0
-18.0149,29.328,341.9,2023-10-04,1201,D,0
-17.598,31.8566,338.9,2023-10-04,1201,D,0
-17.5763,31.9412,392.6,2023-10-04,1201,D,0
-17.5777,31.9316,422.7,2023-10-04,1201,D,0
-17.5283,32.1994,333.1,2023-10-04,1201,D,0
-17.5298,32.1897,342.1,2023-10-04,1201,D,0
-17.5672,31.9397,374.8,2023-10-04,1201,D,0
-17.5687,31.9301,357.8,2023-10-04,1201,D,0
-17.5411,31.867,327.0,2023-10-04,1201,D,0
-17.5426,31.8574,357.8,2023-10-04,1201,D,0
-17.544,31.8478,343.6,2023-10-04,1201,D,0
-17.6207,31.3303,327.4,2023-10-04,1201,D,0
-17.5336,31.8559,349.9,2023-10-04,1201,D,0
-17.535,31.8464,371.1,2023-10-04,1201,D,0
-17.5364,31.8369,329.6,2023-10-04,1201,D,0
-17.5787,31.4289,356.9,2023-10-04,1201,D,0
-17.5597,31.4969,332.3,2023-10-04,1201,D,0
-17.5611,31.4875,331.5,2023-10-04,1201,D,0
-17.5693,31.4313,330.3,2023-10-04,1201,D,0
-17.5707,31.4219,332.1,2023-10-04,1201,D,0
-17.5721,31.4125,328.1,2023-10-04,1201,D,0
-17.5618,31.4204,339.8,2023-10-04,1201,D,0
-17.5631,31.4111,356.9,2023-10-04,1201,D,0
-17.8231,29.5902,343.4,2023-10-04,1201,D,0
-17.8126,29.5986,331.3,2023-10-04,1201,D,0
-17.814,29.5888,336.0,2023-10-04,1201,D,0
-17.4896,31.7846,341.3,2023-10-04,1201,D,0
-17.4464,32.012,335.6,2023-10-04,1201,D,0
-17.421,32.0571,333.2,2023-10-04,1201,D,0
-17.5491,31.1317,327.8,2023-10-04,1201,D,0
-17.5505,31.1224,334.7,2023-10-04,1201,D,0
-17.7526,29.5594,334.8,2023-10-04,1201,D,0
-17.7439,29.5617,330.3,2023-10-04,1201,D,0
-17.4376,31.6341,335.6,2023-10-04,1201,D,0
-17.4763,31.3713,328.8,2023-10-04,1201,D,0
-17.4286,31.6326,355.1,2023-10-04,1201,D,0
-17.43,31.6232,359.3,2023-10-04,1201,D,0
-17.428,31.5746,338.1,2023-10-04,1201,D,0
-17.4294,31.5652,359.8,2023-10-04,1201,D,0
-17.4308,31.5557,346.4,2023-10-04,1201,D,0
-17.459,31.3015,331.0,2023-10-04,1201,D,0
-17.3969,31.5984,352.3,2023-10-04,1201,D,0
-17.3983,31.589,335.9,2023-10-04,1201,D,0
-17.3373,31.6312,366.7,2023-10-04,1201,D,0
-17.3802,31.3405,333.7,2023-10-04,1201,D,0
-17.5509,30.1548,331.8,2023-10-04,1201,D,0
-17.3157,31.7149,328.4,2023-10-04,1201,D,0
-17.3137,31.6661,330.6,2023-10-04,1201,D,0
-17.2693,31.9018,339.4,2023-10-04,1201,D,0
-17.3948,30.99,330.3,2023-10-04,1201,D,0
-17.4055,30.9156,331.5,2023-10-04,1201,D,0
-17.4069,30.9063,333.3,2023-10-04,1201,D,0
-17.6103,29.324,334.6,2023-10-04,1201,D,0
-17.2982,31.4614,359.5,2023-10-04,1201,D,0
-17.2996,31.452,347.5,2023-10-04,1201,D,0
-17.3632,30.8834,351.7,2023-10-04,1201,D,0
-17.3645,30.8741,350.2,2023-10-04,1201,D,0
-17.402,30.6138,331.2,2023-10-04,1201,D,0
-17.3556,30.8727,331.5,2023-10-04,1201,D,0
-17.2149,31.7691,346.1,2023-10-04,1201,D,0
-17.2163,31.7597,327.5,2023-10-04,1201,D,0
-17.3467,30.8712,339.7,2023-10-04,1201,D,0
-17.5057,29.7515,328.6,2023-10-04,1201,D,0
-17.5071,29.7418,341.7,2023-10-04,1201,D,0
-17.2255,31.6355,328.6,2023-10-04,1201,D,0
-17.1783,31.8901,335.2,2023-10-04,1201,D,0
-17.1897,31.8138,328.1,2023-10-04,1201,D,0
-17.1912,31.8042,339.6,2023-10-04,1201,D,0
-17.4555,29.9786,332.2,2023-10-04,1201,D,0
-17.2396,31.4165,379.7,2023-10-04,1201,D,0
-17.241,31.4071,376.8,2023-10-04,1201,D,0
-17.2935,30.9863,328.3,2023-10-04,1201,D,0
-17.2949,30.977,350.4,2023-10-04,1201,D,0
-17.2962,30.9677,383.0,2023-10-04,1201,D,0
-17.2976,30.9584,346.3,2023-10-04,1201,D,0
-17.3365,30.689,327.6,2023-10-04,1201,D,0
-17.2846,30.9849,349.3,2023-10-04,1201,D,0
-17.2859,30.9756,359.2,2023-10-04,1201,D,0
-20.2956,29.1952,301.5,2023-10-04,1937,N,0
-19.0678,30.285,306.8,2023-10-04,1938,N,0
-18.1141,30.3356,305.8,2023-10-04,1938,N,0
-16.9181,30.9057,301.5,2023-10-04,1938,N,0
-17.2621,31.9104,302.9,2023-10-04,1938,N,0
-18.1133,30.3039,311.8,2023-10-04,1938,N,0
-18.1106,30.33,320.3,2023-10-04,1938,N,0
-18.1167,30.3095,317.7,2023-10-04,1938,N,0
-16.5603,32.0015,309.0,2023-10-04,1938,N,0
-16.995,29.7576,301.8,2023-10-04,1938,N,0
-15.7845,30.2153,309.8,2023-10-04,1939,N,0
-15.782,30.2395,324.9,2023-10-04,1939,N,0
-16.2764,30.7089,308.1,2023-10-04,1939,N,0
-15.776,30.2338,319.9,2023-10-04,1939,N,0
-15.7869,30.2566,322.6,2023-10-05,807,D,0
-17.2881,30.3664,326.6,2023-10-05,808,D,0
-17.2538,29.9873,329.0,2023-10-05,808,D,0
-17.3064,30.4251,323.9,2023-10-05,808,D,0
-17.2629,29.9717,330.2,2023-10-05,808,D,0
-17.1574,29.0455,331.6,2023-10-05,808,D,0
-17.159,29.0577,342.4,2023-10-05,808,D,0
-17.0804,28.3024,324.1,2023-10-05,808,D,0
-17.3404,30.1495,326.5,2023-10-05,808,D,0
-17.5456,31.8372,322.1,2023-10-05,808,D,0
-17.2848,29.67,327.6,2023-10-05,808,D,0
-17.3434,30.1577,328.4,2023-10-05,808,D,0
-17.379,30.3632,326.6,2023-10-05,808,D,0
-17.5466,31.8305,322.7,2023-10-05,808,D,0
-17.5085,31.271,328.9,2023-10-05,808,D,0
-17.544,31.5811,323.6,2023-10-05,808,D,0
-17.3966,30.1362,325.0,2023-10-05,808,D,0
-17.5658,31.4468,322.7,2023-10-05,808,D,0
-17.3646,29.619,337.4,2023-10-05,808,D,0
-17.3693,29.6125,327.9,2023-10-05,808,D,0
-17.371,29.6259,328.8,2023-10-05,808,D,0
-17.4588,30.0783,327.6,2023-10-05,808,D,0
-17.4605,30.0926,331.2,2023-10-05,808,D,0
-17.8634,31.5167,323.8,2023-10-05,808,D,0
-17.9129,30.9278,330.9,2023-10-05,808,D,0
-17.6825,28.6937,340.6,2023-10-05,808,D,0
-17.8301,29.6792,327.0,2023-10-05,808,D,0
-17.8318,29.6928,326.3,2023-10-05,808,D,0
-17.9794,30.8855,324.2,2023-10-05,808,D,0
-17.8247,29.6874,329.6,2023-10-05,808,D,0
-18.1479,31.9831,322.1,2023-10-05,808,D,0
-18.1599,31.7315,318.7,2023-10-05,808,D,0
-17.8756,29.1781,332.6,2023-10-05,808,D,0
-17.8772,29.1909,342.3,2023-10-05,808,D,0
-18.0281,30.2539,324.3,2023-10-05,808,D,0
-18.1395,30.3264,329.0,2023-10-05,808,D,0
-18.3607,32.2659,321.2,2023-10-05,808,D,0
-18.3795,31.5001,325.8,2023-10-05,808,D,0
-18.3088,30.6864,328.1,2023-10-05,808,D,0
-18.329,30.3845,326.9,2023-10-05,808,D,0
-17.0503,31.1486,334.4,2023-10-05,808,D,0
-16.9205,29.9847,328.8,2023-10-05,808,D,0
-17.1098,31.3996,321.8,2023-10-05,808,D,0
-17.1964,31.8406,327.9,2023-10-05,808,D,0
-17.209,31.8393,322.6,2023-10-05,808,D,0
-17.043,30.3261,328.9,2023-10-05,808,D,0
-17.0721,30.566,325.3,2023-10-05,808,D,0
-17.074,30.5812,328.4,2023-10-05,808,D,0
-17.1156,30.9289,331.2,2023-10-05,808,D,0
-17.0541,30.3244,335.8,2023-10-05,808,D,0
-17.176,31.3381,325.8,2023-10-05,808,D,0
-17.1813,31.2242,325.3,2023-10-05,808,D,0
-17.3925,31.6308,324.3,2023-10-05,808,D,0
-17.2751,30.5434,338.9,2023-10-05,808,D,0
-17.355,31.007,321.5,2023-10-05,808,D,0
-16.9599,30.6806,325.1,2023-10-05,808,D,0
-16.9519,30.3293,324.0,2023-10-05,808,D,0
-16.9187,29.9707,335.3,2023-10-05,808,D,0
-19.8352,30.3782,324.4,2023-10-05,808,D,0
-19.5641,29.8305,328.0,2023-10-05,808,D,0
-19.3831,30.0352,327.1,2023-10-05,808,D,0
-19.3813,30.0198,350.1,2023-10-05,808,D,0
-19.2928,29.8534,332.4,2023-10-05,808,D,0
-19.291,29.8385,325.6,2023-10-05,808,D,0
-19.1444,29.0794,324.0,2023-10-05,808,D,0
-19.2333,30.9994,327.5,2023-10-05,808,D,0
-19.2312,30.9813,327.9,2023-10-05,808,D,0
-19.2212,31.0009,327.1,2023-10-05,808,D,0
-18.9945,30.1256,333.0,2023-10-05,808,D,0
-18.6328,30.5385,327.4,2023-10-05,808,D,0
-18.5662,29.9818,328.0,2023-10-05,808,D,0
-18.6149,30.7931,326.1,2023-10-05,808,D,0
-18.4141,30.5288,331.8,2023-10-05,808,D,0
-19.8372,30.3947,345.6,2023-10-05,808,D,0
-19.8335,30.3893,341.3,2023-10-05,808,D,0
-19.8354,30.406,322.6,2023-10-05,808,D,0
-16.2643,30.4114,332.6,2023-10-05,808,D,0
-16.2652,30.4049,326.0,2023-10-05,808,D,0
-16.267,30.4196,323.8,2023-10-05,808,D,0
-16.1979,29.674,327.7,2023-10-05,808,D,0
-16.4074,30.3621,327.3,2023-10-05,808,D,0
-16.4191,30.1021,325.4,2023-10-05,808,D,0
-16.4209,30.116,335.4,2023-10-05,808,D,0
-16.4236,30.1091,334.7,2023-10-05,808,D,0
-16.3914,29.5044,330.0,2023-10-05,808,D,0
-16.4018,29.503,333.7,2023-10-05,808,D,0
-16.4143,29.4375,323.7,2023-10-05,808,D,0
-16.5282,29.949,324.4,2023-10-05,808,D,0
-16.6737,31.0507,321.0,2023-10-05,808,D,0
-16.5008,29.5613,337.6,2023-10-05,808,D,0
-16.5296,29.7031,321.9,2023-10-05,808,D,0
-16.5634,29.2545,325.9,2023-10-05,808,D,0
-16.7026,30.2603,323.5,2023-10-05,808,D,0
-16.6197,29.5265,323.9,2023-10-05,808,D,0
-16.7358,30.4349,327.3,2023-10-05,808,D,0
-16.7042,30.2542,324.5,2023-10-05,808,D,0
-16.6259,29.5199,332.2,2023-10-05,808,D,0
-16.8624,31.5217,325.7,2023-10-05,808,D,0
-16.6363,29.5186,324.7,2023-10-05,808,D,0
-16.7105,30.1224,336.4,2023-10-05,808,D,0
-16.7122,30.1365,334.4,2023-10-05,808,D,0
-16.6661,29.2594,335.9,2023-10-05,808,D,0
-16.6747,29.2458,323.5,2023-10-05,808,D,0
-16.6763,29.2581,342.0,2023-10-05,808,D,0
-16.6737,29.252,340.6,2023-10-05,808,D,0
-16.6753,29.2643,332.3,2023-10-05,808,D,0
-16.7176,29.4362,330.8,2023-10-05,808,D,0
-16.7701,29.7731,324.2,2023-10-05,808,D,0
-16.9503,30.6877,326.3,2023-10-05,808,D,0
-16.9485,30.6822,321.2,2023-10-05,808,D,0
-20.1484,29.3715,327.1,2023-10-05,809,D,0
-20.0666,28.7084,326.3,2023-10-05,809,D,0
-19.984,29.3115,332.9,2023-10-05,809,D,0
-17.7436,29.5369,325.3,2023-10-05,1242,D,0
-19.085,30.2892,325.7,2023-10-05,1242,D,0
-19.2203,30.3923,332.1,2023-10-05,1242,D,0
-19.2301,30.4027,335.1,2023-10-05,1242,D,0
-19.4776,30.3344,328.2,2023-10-05,1242,D,0
-19.6043,29.9393,326.2,2023-10-05,1242,D,0
-19.9887,29.3057,327.3,2023-10-05,1242,D,0
-20.0761,29.0031,354.8,2023-10-05,1242,D,0
-20.1043,28.9308,327.0,2023-10-05,1242,D,0
-20.0996,28.9553,351.4,2023-10-05,1242,D,0
-20.09,29.0063,351.9,2023-10-05,1242,D,0
-19.8485,30.3413,327.9,2023-10-05,1242,D,0
-19.8422,30.3733,337.7,2023-10-05,1242,D,0
-20.0672,29.0087,349.0,2023-10-05,1242,D,0
-20.0959,28.9363,337.9,2023-10-05,1242,D,0
-20.0911,28.9611,336.6,2023-10-05,1242,D,0
-20.086,28.9866,330.7,2023-10-05,1242,D,0
-20.0811,29.0119,354.9,2023-10-05,1242,D,0
-20.1049,28.9641,334.3,2023-10-05,1242,D,0
-19.8442,30.3484,334.2,2023-10-05,1242,D,0
-19.8378,30.38,337.5,2023-10-05,1242,D,0
-20.2741,28.5978,326.8,2023-10-05,1242,D,0
-20.2698,28.6212,334.8,2023-10-05,1242,D,0
-20.2802,28.6044,335.5,2023-10-05,1242,D,0
-20.2757,28.6278,331.7,2023-10-05,1242,D,0
-20.2106,29.3427,347.0,2023-10-05,1242,D,0
-20.2056,29.3692,330.8,2023-10-05,1242,D,0
-20.2248,29.3461,333.4,2023-10-05,1242,D,0
-20.2189,29.3244,326.4,2023-10-05,1242,D,0
-20.2137,29.3509,361.2,2023-10-05,1242,D,0
-19.9765,31.2929,329.0,2023-10-05,1242,D,0
-19.9662,31.298,327.4,2023-10-05,1242,D,0
-19.0918,30.2562,337.9,2023-10-05,1242,D,0
-19.4869,28.2627,331.5,2023-10-05,1242,D,0
-19.0903,30.2824,328.7,2023-10-05,1242,D,0
-19.0968,30.2494,327.3,2023-10-05,1242,D,0
-19.0748,30.2787,325.6,2023-10-05,1242,D,0
-19.0004,30.3602,325.1,2023-10-05,1242,D,0
-19.1118,29.548,326.2,2023-10-05,1242,D,0
-19.4292,27.0213,331.7,2023-10-05,1242,D,0
-18.7114,30.0073,327.2,2023-10-05,1242,D,0
-18.6524,30.0604,324.8,2023-10-05,1242,D,0
-18.4792,29.1596,326.9,2023-10-05,1242,D,0
-18.144,30.2946,326.4,2023-10-05,1242,D,0
-18.0987,29.9285,349.1,2023-10-05,1242,D,0
-18.0991,29.7645,326.9,2023-10-05,1242,D,0
-18.1028,29.7575,327.8,2023-10-05,1242,D,0
-17.5527,31.7135,325.3,2023-10-05,1242,D,0
-17.5535,31.7054,324.7,2023-10-05,1242,D,0
-17.421,31.631,327.9,2023-10-05,1242,D,0
-17.4235,31.6274,328.9,2023-10-05,1242,D,0
-17.337,31.2397,325.8,2023-10-05,1242,D,0
-17.3537,31.2461,330.5,2023-10-05,1242,D,0
-17.7406,29.56,325.6,2023-10-05,1242,D,0
-17.354,31.2417,333.0,2023-10-05,1243,D,0
-17.3373,31.2354,324.6,2023-10-05,1243,D,0
-17.1809,31.1916,325.0,2023-10-05,1243,D,0
-16.9902,31.411,333.8,2023-10-05,1243,D,0
-16.9901,31.4026,333.3,2023-10-05,1243,D,0
-17.2618,29.9601,325.7,2023-10-05,1243,D,0
-17.2546,29.9535,324.5,2023-10-05,1243,D,0
-16.8165,31.3614,325.8,2023-10-05,1243,D,0
-16.8163,31.3533,325.6,2023-10-05,1243,D,0
-16.963,29.9132,328.7,2023-10-05,1243,D,0
-16.9699,29.9069,325.1,2023-10-05,1243,D,0
-16.7052,29.9806,323.8,2023-10-05,1243,D,0
-16.7216,29.4307,326.0,2023-10-05,1243,D,0
-16.4954,30.3724,323.8,2023-10-05,1243,D,0
-16.2076,29.6569,324.7,2023-10-05,1243,D,0
-19.4456,30.5887,326.6,2023-10-05,2018,N,0
-19.9259,32.6058,334.3,2023-10-05,2018,N,0
-19.9279,32.5933,303.4,2023-10-05,2018,N,0
-20.4913,28.6044,305.0,2023-10-05,2018,N,0
-20.2195,29.3504,317.8,2023-10-05,2018,N,0
-20.2209,29.3409,309.1,2023-10-05,2018,N,0
-19.612,32.8269,305.2,2023-10-05,2018,N,0
-20.0911,28.9657,304.5,2023-10-05,2018,N,0
-20.074,29.0212,303.9,2023-10-05,2018,N,0
-20.0548,29.0214,301.0,2023-10-05,2018,N,0
-20.0562,29.0119,301.7,2023-10-05,2018,N,0
-19.9985,29.2851,306.8,2023-10-05,2018,N,0
-19.9999,29.2755,332.8,2023-10-05,2018,N,0
-20.0013,29.266,304.2,2023-10-05,2018,N,0
-19.984,29.3217,310.6,2023-10-05,2018,N,0
-19.9039,29.3025,319.1,2023-10-05,2018,N,0
-19.9053,29.2929,358.4,2023-10-05,2018,N,0
-19.9067,29.2834,396.9,2023-10-05,2018,N,0
-19.9081,29.2738,423.0,2023-10-05,2018,N,0
-19.9095,29.2643,328.4,2023-10-05,2018,N,0
-19.8936,29.3106,308.1,2023-10-05,2018,N,0
-19.895,29.301,318.6,2023-10-05,2018,N,0
-19.8964,29.2914,329.9,2023-10-05,2018,N,0
-19.8978,29.2819,342.0,2023-10-05,2018,N,0
-19.8991,29.2723,425.9,2023-10-05,2018,N,0
-19.9005,29.2628,410.0,2023-10-05,2018,N,0
-19.9019,29.2533,370.8,2023-10-05,2018,N,0
-19.9033,29.2438,335.4,2023-10-05,2018,N,0
-19.886,29.2995,309.7,2023-10-05,2018,N,0
-19.8888,29.2804,321.9,2023-10-05,2018,N,0
-19.8902,29.2709,346.6,2023-10-05,2018,N,0
-19.8916,29.2613,356.2,2023-10-05,2018,N,0
-19.893,29.2518,372.4,2023-10-05,2018,N,0
-19.8943,29.2423,355.1,2023-10-05,2018,N,0
-19.8784,29.2885,320.0,2023-10-05,2018,N,0
-19.9269,28.7623,302.1,2023-10-05,2018,N,0
-19.9282,28.7529,307.5,2023-10-05,2018,N,0
-19.727,29.379,311.6,2023-10-05,2018,N,0
-19.7284,29.3693,313.1,2023-10-05,2018,N,0
-19.7298,29.3597,305.7,2023-10-05,2018,N,0
-19.718,29.3775,332.5,2023-10-05,2018,N,0
-19.7194,29.3678,341.5,2023-10-05,2018,N,0
-19.7208,29.3582,328.6,2023-10-05,2018,N,0
-19.7222,29.3486,311.5,2023-10-05,2018,N,0
-19.444,30.5993,317.2,2023-10-05,2018,N,0
-19.3522,31.1322,303.7,2023-10-05,2018,N,0
-19.0986,30.92,302.6,2023-10-05,2018,N,0
-19.0366,31.0001,301.9,2023-10-05,2018,N,0
-19.0328,31.0046,300.7,2023-10-05,2018,N,0
-18.7118,31.2994,300.5,2023-10-05,2018,N,0
-18.8274,30.5372,303.2,2023-10-05,2018,N,0
-16.6945,30.8288,306.3,2023-10-05,2019,N,0
-17.4544,30.4734,313.2,2023-10-05,2019,N,0
-17.459,30.4692,310.0,2023-10-05,2019,N,0
-17.4573,30.4801,302.0,2023-10-05,2019,N,0
-17.4685,30.4707,308.3,2023-10-05,2019,N,0
-17.4697,30.5267,302.2,2023-10-05,2019,N,0
-17.4798,30.6525,304.6,2023-10-05,2019,N,0
-17.5479,30.808,316.4,2023-10-05,2019,N,0
-17.5461,30.8194,302.8,2023-10-05,2019,N,0
-18.4473,26.4716,305.8,2023-10-05,2019,N,0
-17.9798,30.3359,305.3,2023-10-05,2019,N,0
-18.0599,30.5424,311.9,2023-10-05,2019,N,0
-18.1423,30.2895,310.3,2023-10-05,2019,N,0
-18.1224,31.3938,312.3,2023-10-05,2019,N,0
-18.1305,32.8517,302.6,2023-10-05,2019,N,0
-18.1414,32.8548,303.2,2023-10-05,2019,N,0
-18.6275,30.5122,305.5,2023-10-05,2019,N,0
-17.7683,27.817,302.8,2023-10-05,2019,N,0
-17.3902,30.6993,300.4,2023-10-05,2019,N,0
-17.3999,30.701,300.8,2023-10-05,2019,N,0
-15.7543,30.2223,306.4,2023-10-05,2019,N,0
-16.5165,32.0752,304.4,2023-10-05,2019,N,0
-16.6452,30.4896,305.7,2023-10-05,2019,N,0
-16.7594,29.5121,301.2,2023-10-05,2019,N,0
-16.8023,29.1568,315.1,2023-10-05,2019,N,0
-16.8038,29.1471,328.1,2023-10-05,2019,N,0
-16.2003,29.6593,309.3,2023-10-05,2019,N,0
-16.3624,30.3162,310.6,2023-10-05,2019,N,0
-16.6336,29.547,304.8,2023-10-05,2019,N,0
-16.2019,29.649,309.9,2023-10-05,2019,N,0
-16.1937,29.6631,309.0,2023-10-05,2019,N,0
-16.1952,29.6528,307.3,2023-10-05,2019,N,0
-15.7589,30.2568,309.4,2023-10-05,2019,N,0
-16.6321,29.557,303.0,2023-10-05,2019,N,0
-16.7593,31.7808,304.0,2023-10-05,2019,N,0
-17.1947,29.241,308.7,2023-10-05,2019,N,0
-17.1932,29.2508,305.2,2023-10-05,2019,N,0
-16.9906,31.1595,301.7,2023-10-05,2019,N,0
-15.7575,30.2224,316.3,2023-10-05,2334,N,0
-15.7593,30.2332,306.5,2023-10-05,2334,N,0
-16.5022,32.0432,310.0,2023-10-05,2334,N,0
-16.9954,29.1356,312.8,2023-10-05,2335,N,0
-16.6172,30.8063,301.6,2023-10-05,2335,N,0
-16.7358,31.1599,301.0,2023-10-05,2335,N,0
-16.8554,31.272,308.3,2023-10-05,2335,N,0
-16.8568,31.2815,300.5,2023-10-05,2335,N,0
-16.8289,30.7992,302.0,2023-10-05,2335,N,0
-16.8361,30.8016,309.0,2023-10-05,2335,N,0
-16.9824,30.9023,305.5,2023-10-05,2335,N,0
-17.3838,30.7031,300.2,2023-10-05,2335,N,0
-17.3854,30.713,327.1,2023-10-05,2335,N,0
-17.315,29.3926,305.7,2023-10-05,2335,N,0
-17.3169,29.4039,306.1,2023-10-05,2335,N,0
-17.5139,30.3605,302.3,2023-10-05,2335,N,0
-17.5155,30.3706,301.1,2023-10-05,2335,N,0
-18.1335,32.8586,309.0,2023-10-05,2335,N,0
-18.0137,30.7107,303.1,2023-10-05,2335,N,0
-17.901,29.151,300.4,2023-10-05,2335,N,0
-18.1266,30.3117,302.5,2023-10-05,2335,N,0
-18.1327,30.2899,304.4,2023-10-05,2335,N,0
-18.1342,30.3,307.9,2023-10-05,2335,N,0
-19.8865,29.3067,305.9,2023-10-05,2335,N,0
-19.9055,29.3033,316.8,2023-10-05,2335,N,0
-19.908,29.2581,350.4,2023-10-05,2335,N,0
-19.9098,29.269,342.4,2023-10-05,2335,N,0
-19.9132,29.2907,319.3,2023-10-05,2335,N,0
-19.915,29.3015,308.3,2023-10-05,2335,N,0
-19.9105,29.2509,300.9,2023-10-05,2335,N,0
-19.9123,29.2617,343.5,2023-10-05,2335,N,0
-19.9141,29.2726,308.2,2023-10-05,2335,N,0
-19.9321,28.7608,312.4,2023-10-05,2336,N,0
-20.2245,29.3521,302.9,2023-10-05,2336,N,0
-20.4659,29.5236,302.5,2023-10-05,2336,N,0
-19.9301,28.7493,333.4,2023-10-05,2336,N,0
-19.9282,28.7378,328.5,2023-10-05,2336,N,0
-19.9263,28.7263,317.9,2023-10-05,2336,N,0
-19.9204,28.7511,324.1,2023-10-05,2336,N,0
-19.9185,28.7396,321.0,2023-10-05,2336,N,0
-20.0029,29.2785,318.5,2023-10-05,2336,N,0
-19.9168,28.7456,302.1,2023-10-05,2336,N,0
-17.0246,31.8796,319.4,2023-10-06,710,D,0
-17.0181,31.8609,318.9,2023-10-06,710,D,0
-16.7195,31.6606,319.3,2023-10-06,710,D,0
-16.4962,31.206,321.2,2023-10-06,710,D,0
-19.9909,29.3306,321.6,2023-10-06,711,D,0
-19.9976,29.3233,320.3,2023-10-06,711,D,0
-19.9311,28.7462,321.0,2023-10-06,711,D,0
-19.9479,28.7423,344.2,2023-10-06,711,D,0
-19.956,28.7824,318.2,2023-10-06,711,D,0
-19.9337,28.738,320.5,2023-10-06,711,D,0
-19.9422,28.7781,319.3,2023-10-06,711,D,0
-19.9505,28.7342,335.7,2023-10-06,711,D,0
-19.9588,28.7741,322.0,2023-10-06,711,D,0
-20.0815,28.9478,318.9,2023-10-06,711,D,0
-20.093,29.0557,318.1,2023-10-06,711,D,0
-17.2695,30.5211,327.7,2023-10-06,711,D,0
-17.6246,31.9664,320.6,2023-10-06,711,D,0
-19.9118,29.2727,320.0,2023-10-06,711,D,0
-19.9193,29.3096,318.4,2023-10-06,711,D,0
-17.0879,31.4102,321.2,2023-10-06,711,D,0
-17.276,30.5257,330.2,2023-10-06,711,D,0
-17.6213,31.9744,321.9,2023-10-06,711,D,0
-20.478,29.5452,320.4,2023-10-06,712,D,0
-20.4861,29.5359,319.8,2023-10-06,712,D,0
-20.4704,29.5397,320.5,2023-10-06,712,D,0
-21.1861,31.7229,333.8,2023-10-06,1145,D,0
-17.1084,31.9309,337.1,2023-10-06,1146,D,0
-20.4853,29.5386,332.3,2023-10-06,1146,D,0
-20.4911,29.3743,335.4,2023-10-06,1146,D,0
-20.4931,29.3561,340.3,2023-10-06,1146,D,0
-20.4809,29.3546,345.6,2023-10-06,1146,D,0
-20.4798,29.5307,336.4,2023-10-06,1146,D,0
-20.4867,29.3667,349.2,2023-10-06,1146,D,0
-20.4888,29.3485,339.4,2023-10-06,1146,D,0
-20.4745,29.3652,330.4,2023-10-06,1146,D,0
-20.373,29.9346,327.0,2023-10-06,1146,D,0
-20.327,29.2105,326.4,2023-10-06,1146,D,0
-20.2507,29.7956,331.7,2023-10-06,1146,D,0
-20.3007,29.339,333.3,2023-10-06,1146,D,0
-20.3357,29.2047,330.7,2023-10-06,1146,D,0
-20.255,29.7894,327.2,2023-10-06,1146,D,0
-20.3149,29.2774,325.7,2023-10-06,1146,D,0
-20.2433,29.788,327.2,2023-10-06,1146,D,0
-20.2942,29.3497,328.7,2023-10-06,1146,D,0
-20.2416,29.3805,342.1,2023-10-06,1146,D,0
-20.2436,29.3621,350.4,2023-10-06,1146,D,0
-20.2294,29.379,353.5,2023-10-06,1146,D,0
-20.2315,29.3606,363.3,2023-10-06,1146,D,0
-20.2194,29.3591,340.0,2023-10-06,1146,D,0
-20.2214,29.3407,328.5,2023-10-06,1146,D,0
-19.9827,31.3212,334.7,2023-10-06,1146,D,0
-20.0915,30.4888,328.2,2023-10-06,1146,D,0
-20.2255,29.3735,332.1,2023-10-06,1146,D,0
-20.2277,29.3549,342.3,2023-10-06,1146,D,0
-19.9775,31.3151,373.3,2023-10-06,1146,D,0
-19.9803,31.2076,327.6,2023-10-06,1146,D,0
-19.9025,31.0946,347.6,2023-10-06,1146,D,0
-20.1318,28.9563,345.8,2023-10-06,1146,D,0
-20.1172,28.9742,328.1,2023-10-06,1146,D,0
-20.1193,28.9548,329.9,2023-10-06,1146,D,0
-17.8617,29.215,340.3,2023-10-06,1146,D,0
-17.8364,29.125,339.6,2023-10-06,1146,D,0
-17.5549,31.3185,327.6,2023-10-06,1146,D,0
-17.8245,29.1235,342.1,2023-10-06,1146,D,0
-17.8265,29.1063,335.9,2023-10-06,1146,D,0
-17.6732,30.2898,346.5,2023-10-06,1146,D,0
-17.6235,30.6053,332.7,2023-10-06,1146,D,0
-17.7257,29.5641,331.0,2023-10-06,1146,D,0
-17.7279,29.5574,330.2,2023-10-06,1146,D,0
-17.7367,29.1919,356.5,2023-10-06,1146,D,0
-17.809,27.7825,360.2,2023-10-06,1146,D,0
-17.7957,27.7813,331.5,2023-10-06,1146,D,0
-17.7981,27.7602,339.0,2023-10-06,1146,D,0
-17.3524,31.2279,328.5,2023-10-06,1146,D,0
-17.3271,31.2673,330.6,2023-10-06,1146,D,0
-17.3335,31.219,336.7,2023-10-06,1146,D,0
-17.3635,30.9078,328.4,2023-10-06,1146,D,0
-17.1847,31.97,325.7,2023-10-06,1146,D,0
-17.429,29.8529,334.6,2023-10-06,1146,D,0
-17.4296,29.8479,328.9,2023-10-06,1146,D,0
-17.4265,29.2029,332.0,2023-10-06,1146,D,0
-17.4049,29.183,338.7,2023-10-06,1146,D,0
-17.4069,29.1663,353.7,2023-10-06,1146,D,0
-17.1246,31.3357,359.9,2023-10-06,1146,D,0
-17.3978,29.1749,361.2,2023-10-06,1146,D,0
-17.3998,29.1583,345.1,2023-10-06,1146,D,0
-17.2437,30.3278,334.8,2023-10-06,1146,D,0
-17.386,29.1733,330.7,2023-10-06,1146,D,0
-17.1698,29.9222,334.9,2023-10-06,1146,D,0
-16.8804,31.7204,358.7,2023-10-06,1146,D,0
-16.8819,31.7093,370.2,2023-10-06,1146,D,0
-17.0225,28.646,336.4,2023-10-06,1146,D,0
-19.7606,31.2466,326.4,2023-10-06,1146,D,0
-19.9866,29.3332,336.9,2023-10-06,1146,D,0
-19.9746,29.3315,335.2,2023-10-06,1146,D,0
-19.8702,29.9412,330.1,2023-10-06,1146,D,0
-19.8709,29.9509,329.9,2023-10-06,1146,D,0
-19.9502,28.7221,339.8,2023-10-06,1146,D,0
-19.6629,31.1189,326.9,2023-10-06,1146,D,0
-19.9376,28.7205,357.4,2023-10-06,1146,D,0
-19.6066,31.493,336.7,2023-10-06,1146,D,0
-19.6081,31.4803,336.0,2023-10-06,1146,D,0
-19.9206,28.7592,334.6,2023-10-06,1146,D,0
-19.9227,28.7391,358.3,2023-10-06,1146,D,0
-19.9249,28.7189,333.1,2023-10-06,1146,D,0
-19.9354,28.7355,338.0,2023-10-06,1146,D,0
-19.9377,28.7154,342.9,2023-10-06,1146,D,0
-19.9204,28.7541,344.0,2023-10-06,1146,D,0
-19.9227,28.734,354.0,2023-10-06,1146,D,0
-19.8457,29.0787,329.9,2023-10-06,1146,D,0
-19.4256,31.3919,328.2,2023-10-06,1146,D,0
-19.4178,31.3982,338.7,2023-10-06,1146,D,0
-19.4194,31.3855,336.7,2023-10-06,1146,D,0
-19.3972,31.3952,331.2,2023-10-06,1146,D,0
-19.3988,31.3825,327.8,2023-10-06,1146,D,0
-19.4778,30.5679,335.6,2023-10-06,1146,D,0
-19.4795,30.5535,331.9,2023-10-06,1146,D,0
-19.3788,31.1169,334.7,2023-10-06,1146,D,0
-19.3061,31.2193,325.1,2023-10-06,1146,D,0
-19.3616,30.3971,327.5,2023-10-06,1146,D,0
-19.3633,30.3822,338.4,2023-10-06,1146,D,0
-19.3612,30.3917,335.3,2023-10-06,1146,D,0
-19.3631,30.3768,328.7,2023-10-06,1146,D,0
-19.2152,30.4689,326.0,2023-10-06,1146,D,0
-19.2257,30.3812,354.7,2023-10-06,1146,D,0
-19.2225,30.1206,327.0,2023-10-06,1146,D,0
-19.1793,30.3845,330.6,2023-10-06,1146,D,0
-19.1683,30.383,338.5,2023-10-06,1146,D,0
-18.9332,32.076,351.1,2023-10-06,1146,D,0
-18.9347,32.0645,339.6,2023-10-06,1146,D,0
-19.157,30.2912,327.1,2023-10-06,1146,D,0
-18.943,31.6832,332.4,2023-10-06,1146,D,0
-19.1144,30.2704,334.3,2023-10-06,1146,D,0
-19.4185,27.3489,330.9,2023-10-06,1146,D,0
-19.4515,27.0139,330.0,2023-10-06,1146,D,0
-19.1119,30.2781,330.2,2023-10-06,1146,D,0
-19.4131,27.341,327.2,2023-10-06,1146,D,0
-19.4456,27.0327,331.6,2023-10-06,1146,D,0
-19.4484,27.0062,328.7,2023-10-06,1146,D,0
-18.891,31.6091,342.0,2023-10-06,1146,D,0
-18.8925,31.5968,327.5,2023-10-06,1146,D,0
-18.8809,31.6077,334.4,2023-10-06,1146,D,0
-18.8824,31.5954,324.4,2023-10-06,1146,D,0
-18.797,32.1083,338.4,2023-10-06,1146,D,0
-18.9811,30.5275,332.4,2023-10-06,1146,D,0
-18.9828,30.5133,336.0,2023-10-06,1146,D,0
-18.9794,30.522,338.0,2023-10-06,1146,D,0
-18.9594,30.5049,339.9,2023-10-06,1146,D,0
-18.8396,31.2955,323.7,2023-10-06,1146,D,0
-18.8588,31.1423,349.8,2023-10-06,1146,D,0
-18.8468,31.1537,334.4,2023-10-06,1146,D,0
-18.8484,31.1409,338.9,2023-10-06,1146,D,0
-18.838,31.1394,332.3,2023-10-06,1146,D,0
-18.8396,31.1263,328.2,2023-10-06,1146,D,0
-18.6181,32.1515,333.7,2023-10-06,1146,D,0
-18.604,32.1838,338.4,2023-10-06,1146,D,0
-18.6287,31.9914,328.3,2023-10-06,1146,D,0
-18.7074,31.2824,351.1,2023-10-06,1146,D,0
-18.7089,31.2698,330.0,2023-10-06,1146,D,0
-18.7008,31.2761,344.0,2023-10-06,1146,D,0
-18.8659,29.673,329.9,2023-10-06,1146,D,0
-18.8678,29.6566,329.2,2023-10-06,1146,D,0
-18.6253,31.5424,350.0,2023-10-06,1146,D,0
-18.5655,31.6925,340.7,2023-10-06,1146,D,0
-18.5657,31.6858,328.5,2023-10-06,1146,D,0
-18.5977,31.2808,333.3,2023-10-06,1146,D,0
-18.4085,31.6461,329.7,2023-10-06,1146,D,0
-18.4702,31.1549,330.4,2023-10-06,1146,D,0
-18.397,31.6567,339.2,2023-10-06,1146,D,0
-18.3985,31.6447,352.0,2023-10-06,1146,D,0
-18.5563,30.2639,334.4,2023-10-06,1146,D,0
-18.558,30.2493,328.8,2023-10-06,1146,D,0
-18.595,29.9321,331.0,2023-10-06,1146,D,0
-18.5549,30.257,338.7,2023-10-06,1146,D,0
-18.5959,29.9253,331.8,2023-10-06,1146,D,0
-18.5344,30.1489,339.0,2023-10-06,1146,D,0
-18.1228,32.8672,336.8,2023-10-06,1146,D,0
-18.1702,32.4467,329.7,2023-10-06,1146,D,0
-18.4941,29.7306,330.7,2023-10-06,1146,D,0
-18.4111,30.2322,328.7,2023-10-06,1146,D,0
-18.4128,30.2176,330.1,2023-10-06,1146,D,0
-18.3537,30.6146,336.5,2023-10-06,1146,D,0
-18.4,30.2307,334.5,2023-10-06,1146,D,0
-18.4018,30.216,336.8,2023-10-06,1146,D,0
-18.4267,30.0066,327.7,2023-10-06,1146,D,0
-18.4155,30.0052,328.0,2023-10-06,1146,D,0
-18.5073,29.2088,343.9,2023-10-06,1146,D,0
-18.5092,29.1915,332.0,2023-10-06,1146,D,0
-18.5232,29.0681,333.9,2023-10-06,1146,D,0
-18.4992,29.1727,338.7,2023-10-06,1146,D,0
-18.5133,29.2028,337.0,2023-10-06,1146,D,0
-18.5281,29.0799,327.9,2023-10-06,1146,D,0
-18.5302,29.0623,328.6,2023-10-06,1146,D,0
-18.4935,29.1652,334.3,2023-10-06,1146,D,0
-18.324,30.3759,329.8,2023-10-06,1146,D,0
-18.1624,31.1908,328.3,2023-10-06,1146,D,0
-18.0545,31.9375,337.0,2023-10-06,1146,D,0
-18.227,30.1512,331.3,2023-10-06,1146,D,0
-17.9196,32.0355,333.2,2023-10-06,1146,D,0
-18.209,29.6255,327.7,2023-10-06,1146,D,0
-17.991,30.9345,339.4,2023-10-06,1146,D,0
-18.1452,29.6927,330.0,2023-10-06,1146,D,0
-18.0474,30.2186,332.0,2023-10-06,1146,D,0
-17.7195,32.1618,331.1,2023-10-06,1146,D,0
-17.721,32.1511,334.3,2023-10-06,1146,D,0
-17.6345,31.9651,344.4,2023-10-06,1146,D,0
-17.8851,29.5745,329.6,2023-10-06,1146,D,0
-18.032,28.3312,334.3,2023-10-06,1146,D,0
-17.9132,29.1398,334.9,2023-10-06,1146,D,0
-17.9152,29.1227,345.5,2023-10-06,1146,D,0
-17.7793,30.1645,338.6,2023-10-06,1146,D,0
-17.9013,29.1384,330.9,2023-10-06,1146,D,0
-17.7737,30.1189,357.4,2023-10-06,1146,D,0
-17.7754,30.1042,342.4,2023-10-06,1146,D,0
-17.5685,31.6846,334.6,2023-10-06,1146,D,0
-17.8559,29.2194,341.0,2023-10-06,1146,D,0
-17.8578,29.2024,334.7,2023-10-06,1146,D,0
-15.713,30.3442,336.8,2023-10-06,1147,D,0
-16.3588,30.3044,328.5,2023-10-06,1147,D,0
-16.4018,29.7498,328.0,2023-10-06,1147,D,0
-16.3998,29.032,351.1,2023-10-06,1147,D,0
-16.4019,29.0154,338.2,2023-10-06,1147,D,0
-16.242,29.656,332.1,2023-10-06,1147,D,0
-16.1976,29.6489,335.4,2023-10-06,1147,D,0
-16.0491,30.751,345.3,2023-10-06,1147,D,0
-16.1865,29.6469,331.6,2023-10-06,1147,D,0
-16.0389,30.7495,331.5,2023-10-06,1147,D,0
-15.7716,30.2202,328.6,2023-10-06,1147,D,0
-15.7083,30.3383,331.4,2023-10-06,1147,D,0
-16.5029,31.7996,333.4,2023-10-06,1147,D,0
-16.5117,31.5068,336.8,2023-10-06,1147,D,0
-16.5004,31.5168,337.0,2023-10-06,1147,D,0
-16.5019,31.5054,333.0,2023-10-06,1147,D,0
-16.4505,31.748,340.1,2023-10-06,1147,D,0
-16.4489,31.7421,329.3,2023-10-06,1147,D,0
-16.6316,29.9312,326.9,2023-10-06,1147,D,0
-16.6449,29.5423,339.7,2023-10-06,1147,D,0
-16.6438,29.5512,333.3,2023-10-06,1147,D,0
-16.392,31.0955,343.4,2023-10-06,1147,D,0
-17.249,31.4173,305.6,2023-10-06,1922,N,0
-17.2491,31.4241,307.1,2023-10-06,1922,N,0
-16.5497,31.6069,302.3,2023-10-06,1922,N,0
-16.3778,29.0343,308.7,2023-10-07,16,N,0
-16.3887,29.0109,309.6,2023-10-07,16,N,0
-16.402,29.0097,318.1,2023-10-07,16,N,0
-16.3788,29.0177,319.3,2023-10-07,16,N,0
-16.4028,28.9931,306.4,2023-10-07,16,N,0
-16.4054,29.0144,317.5,2023-10-07,16,N,0
-16.3755,29.0131,312.6,2023-10-07,16,N,0
-16.9088,31.1646,334.1,2023-10-07,751,D,0
-15.7352,30.353,343.8,2023-10-07,751,D,0
-15.7344,30.2215,331.5,2023-10-07,751,D,0
-15.7433,30.2201,337.8,2023-10-07,751,D,0
-15.7446,30.2293,328.3,2023-10-07,751,D,0
-15.7703,30.21,326.7,2023-10-07,751,D,0
-15.7717,30.2192,329.9,2023-10-07,751,D,0
-15.7792,30.2087,334.2,2023-10-07,751,D,0
-15.7806,30.2179,340.1,2023-10-07,751,D,0
-16.0282,30.7257,335.3,2023-10-07,751,D,0
-16.0295,30.735,334.8,2023-10-07,751,D,0
-16.0385,30.7337,328.7,2023-10-07,751,D,0
-16.1262,30.8354,333.5,2023-10-07,751,D,0
-16.1685,29.6574,325.6,2023-10-07,751,D,0
-16.1699,29.6666,325.0,2023-10-07,751,D,0
-16.4572,31.5605,329.1,2023-10-07,751,D,0
-16.4941,31.8307,329.3,2023-10-07,751,D,0
-16.3506,30.3396,324.6,2023-10-07,751,D,0
-16.583,32.0203,329.7,2023-10-07,751,D,0
-16.3953,30.5889,337.7,2023-10-07,751,D,0
-16.5561,31.6108,328.6,2023-10-07,751,D,0
-16.5989,31.7168,328.7,2023-10-07,751,D,0
-16.3844,29.998,336.8,2023-10-07,751,D,0
-16.3857,30.0072,329.6,2023-10-07,751,D,0
-16.5809,31.1915,343.6,2023-10-07,751,D,0
-16.5823,31.2011,333.1,2023-10-07,751,D,0
-16.59,31.1902,362.7,2023-10-07,751,D,0
-16.5914,31.1998,343.3,2023-10-07,751,D,0
-16.6089,31.0603,336.7,2023-10-07,751,D,0
-16.6086,30.9278,324.2,2023-10-07,751,D,0
-16.6256,30.9836,326.2,2023-10-07,751,D,0
-16.4579,29.7452,332.9,2023-10-07,751,D,0
-16.3746,28.9976,331.6,2023-10-07,751,D,0
-16.376,29.007,332.3,2023-10-07,751,D,0
-16.7742,31.7931,335.3,2023-10-07,751,D,0
-16.9171,32.7895,324.0,2023-10-07,751,D,0
-16.3911,28.9854,337.3,2023-10-07,751,D,0
-16.3925,28.9947,343.3,2023-10-07,751,D,0
-16.4001,28.9839,358.5,2023-10-07,751,D,0
-16.4015,28.9933,349.2,2023-10-07,751,D,0
-16.4077,28.9731,339.0,2023-10-07,751,D,0
-16.4091,28.9825,362.7,2023-10-07,751,D,0
-16.4105,28.9919,332.1,2023-10-07,751,D,0
-16.4173,28.9747,361.9,2023-10-07,751,D,0
-16.4187,28.9841,350.4,2023-10-07,751,D,0
-16.4201,28.9935,358.8,2023-10-07,751,D,0
-16.4215,29.0029,366.0,2023-10-07,751,D,0
-16.4229,29.0123,330.0,2023-10-07,751,D,0
-16.4262,28.9732,370.4,2023-10-07,751,D,0
-16.4277,28.9827,356.9,2023-10-07,751,D,0
-16.4291,28.9922,367.2,2023-10-07,751,D,0
-16.4305,29.0015,339.0,2023-10-07,751,D,0
-16.5904,30.0859,326.3,2023-10-07,751,D,0
-16.5993,30.0846,333.8,2023-10-07,751,D,0
-16.7823,31.3183,324.8,2023-10-07,751,D,0
-16.7901,31.3072,356.8,2023-10-07,751,D,0
-16.7915,31.317,353.3,2023-10-07,751,D,0
-16.7928,31.3268,324.8,2023-10-07,751,D,0
-16.8247,31.4221,327.2,2023-10-07,751,D,0
-16.7723,30.8486,346.4,2023-10-07,751,D,0
-16.7736,30.8581,343.5,2023-10-07,751,D,0
-16.8508,31.2823,332.3,2023-10-07,751,D,0
-16.6154,29.5008,324.5,2023-10-07,751,D,0
-16.7202,30.2208,326.7,2023-10-07,751,D,0
-16.9418,31.674,349.2,2023-10-07,751,D,0
-16.7527,30.1308,324.4,2023-10-07,751,D,0
-16.754,30.1401,324.1,2023-10-07,751,D,0
-16.9075,31.1549,338.6,2023-10-07,751,D,0
-16.9402,31.3326,335.6,2023-10-07,751,D,0
-16.9415,31.3424,325.3,2023-10-07,751,D,0
-16.7849,30.1573,329.6,2023-10-07,751,D,0
-16.952,31.3508,339.6,2023-10-07,751,D,0
-16.6833,29.3985,328.9,2023-10-07,751,D,0
-16.7367,29.5135,327.8,2023-10-07,751,D,0
-16.7456,29.5121,365.2,2023-10-07,751,D,0
-16.747,29.5214,328.5,2023-10-07,751,D,0
-16.9351,30.3086,336.5,2023-10-07,751,D,0
-16.9364,30.318,331.8,2023-10-07,751,D,0
-16.8741,29.7602,338.9,2023-10-07,751,D,0
-16.7833,29.0812,332.5,2023-10-07,751,D,0
-17.1105,31.1658,326.6,2023-10-07,751,D,0
-16.9492,29.5816,333.3,2023-10-07,751,D,0
-16.9505,29.5908,338.0,2023-10-07,751,D,0
-17.092,30.5072,371.1,2023-10-07,751,D,0
-17.0933,30.5166,396.6,2023-10-07,751,D,0
-16.9941,29.4455,344.4,2023-10-07,751,D,0
-16.9955,29.4548,327.1,2023-10-07,751,D,0
-17.5113,32.2767,332.1,2023-10-07,751,D,0
-17.0033,28.6408,342.7,2023-10-07,751,D,0
-17.0112,28.6334,339.2,2023-10-07,751,D,0
-17.0126,28.6428,333.7,2023-10-07,751,D,0
-17.0264,28.6114,333.1,2023-10-07,751,D,0
-17.0278,28.621,335.1,2023-10-07,751,D,0
-17.2236,29.8799,323.7,2023-10-07,751,D,0
-17.4628,31.5201,330.0,2023-10-07,751,D,0
-17.4641,31.5302,327.0,2023-10-07,751,D,0
-17.472,31.5188,333.5,2023-10-07,751,D,0
-17.3609,30.6503,327.7,2023-10-07,751,D,0
-17.3539,30.338,354.3,2023-10-07,751,D,0
-17.3552,30.3473,361.3,2023-10-07,751,D,0
-17.3628,30.3366,343.6,2023-10-07,751,D,0
-17.3641,30.346,340.2,2023-10-07,751,D,0
-17.6053,32.0423,358.4,2023-10-07,751,D,0
-17.6067,32.053,372.5,2023-10-07,751,D,0
-17.7312,32.2278,325.1,2023-10-07,751,D,0
-17.4377,30.0242,328.5,2023-10-07,751,D,0
-17.439,30.0335,336.8,2023-10-07,751,D,0
-17.4479,30.0321,344.9,2023-10-07,751,D,0
-17.5267,30.1943,329.9,2023-10-07,751,D,0
-17.5356,30.193,330.0,2023-10-07,751,D,0
-17.5531,29.9337,341.0,2023-10-07,751,D,0
-17.558,29.9045,328.1,2023-10-07,751,D,0
-17.3856,28.5475,330.4,2023-10-07,751,D,0
-17.4943,29.2727,331.6,2023-10-07,751,D,0
-17.3932,28.5364,335.2,2023-10-07,751,D,0
-17.3946,28.546,337.9,2023-10-07,751,D,0
-17.8865,31.9399,324.1,2023-10-07,751,D,0
-17.5909,29.2416,327.0,2023-10-07,751,D,0
-17.7533,30.3005,331.4,2023-10-07,751,D,0
-18.1085,32.863,336.4,2023-10-07,751,D,0
-17.7164,29.9152,325.5,2023-10-07,751,D,0
-18.1185,32.8612,398.4,2023-10-07,751,D,0
-18.1202,32.8743,346.3,2023-10-07,751,D,0
-18.1253,32.8351,334.7,2023-10-07,751,D,0
-18.1269,32.8475,334.9,2023-10-07,751,D,0
-18.1353,32.834,326.4,2023-10-07,751,D,0
-18.137,32.847,340.9,2023-10-07,751,D,0
-18.045,31.2788,323.8,2023-10-07,751,D,0
-18.0542,31.2774,323.9,2023-10-07,751,D,0
-18.1364,31.8203,322.6,2023-10-07,751,D,0
-18.1458,31.819,347.3,2023-10-07,751,D,0
-18.1628,31.7306,320.1,2023-10-07,751,D,0
-17.8745,29.5461,327.7,2023-10-07,751,D,0
-18.1614,31.4616,325.9,2023-10-07,751,D,0
-18.3981,31.8628,322.7,2023-10-07,751,D,0
-18.3995,31.8736,323.6,2023-10-07,751,D,0
-18.3741,31.6083,320.8,2023-10-07,751,D,0
-18.4578,31.5478,341.6,2023-10-07,751,D,0
-18.4592,31.5582,328.9,2023-10-07,751,D,0
-18.0171,28.3328,327.1,2023-10-07,751,D,0
-18.0185,28.3424,331.8,2023-10-07,751,D,0
-18.7068,31.8232,339.6,2023-10-07,751,D,0
-18.6635,29.9081,333.5,2023-10-07,752,D,0
-18.6725,29.9007,325.8,2023-10-07,752,D,0
-18.5632,28.2852,334.5,2023-10-07,752,D,0
-18.5708,28.2741,331.0,2023-10-07,752,D,0
-18.5723,28.2838,326.8,2023-10-07,752,D,0
-18.3725,26.4783,327.1,2023-10-07,752,D,0
-19.0124,29.4497,326.2,2023-10-07,752,D,0
-19.2054,30.2231,341.3,2023-10-07,752,D,0
-19.2068,30.2327,367.5,2023-10-07,752,D,0
-19.5264,31.2986,338.9,2023-10-07,752,D,0
-19.5278,31.309,324.8,2023-10-07,752,D,0
-19.5077,30.6144,327.3,2023-10-07,752,D,0
-19.7336,31.1187,323.7,2023-10-07,752,D,0
-19.8678,29.9618,327.6,2023-10-07,752,D,0
-19.8692,29.9714,324.8,2023-10-07,752,D,0
-19.9596,30.356,331.3,2023-10-07,752,D,0
-20.0342,30.9041,328.9,2023-10-07,752,D,0
-20.0356,30.9143,334.7,2023-10-07,752,D,0
-20.037,30.9245,342.9,2023-10-07,752,D,0
-19.8661,29.3071,324.9,2023-10-07,752,D,0
-20.3511,31.9221,327.7,2023-10-07,752,D,0
-20.1959,29.3554,332.5,2023-10-07,752,D,0
-20.2784,29.1627,348.4,2023-10-07,752,D,0
-20.2798,29.1722,334.4,2023-10-07,752,D,0
-20.2824,28.8083,328.7,2023-10-07,752,D,0
-20.3668,29.2002,325.3,2023-10-07,752,D,0
-20.496,29.5224,330.2,2023-10-07,752,D,0
-20.5045,29.3271,323.4,2023-10-07,752,D,0
-20.7206,28.9737,331.7,2023-10-07,752,D,0
-20.7219,28.9832,332.3,2023-10-07,752,D,0
-20.7308,28.9817,331.2,2023-10-07,752,D,0
-21.3356,30.6683,370.5,2023-10-07,752,D,0
-21.337,30.6786,350.3,2023-10-07,752,D,0
-21.3449,30.6669,341.4,2023-10-07,752,D,0
-21.3463,30.6773,341.1,2023-10-07,752,D,0
-18.9392,30.8227,325.1,2023-10-07,752,D,0
-18.4207,27.1764,333.8,2023-10-07,752,D,0
-18.898,30.3924,329.2,2023-10-07,752,D,0
-18.9379,30.8128,325.7,2023-10-07,752,D,0
-18.6,28.1643,327.2,2023-10-07,752,D,0
-18.7814,31.8397,330.0,2023-10-07,752,D,0
-18.6622,29.8987,336.1,2023-10-07,752,D,0
-20.2332,29.3966,338.5,2023-10-07,1227,D,0
-20.3396,28.699,337.8,2023-10-07,1227,D,0
-20.1982,29.4045,331.4,2023-10-07,1227,D,0
-20.3125,28.7339,339.1,2023-10-07,1227,D,0
-19.8318,31.3828,336.9,2023-10-07,1227,D,0
-20.6118,30.5503,333.7,2023-10-07,1227,D,0
-20.5086,31.0645,343.6,2023-10-07,1227,D,0
-20.5119,31.0459,332.0,2023-10-07,1227,D,0
-20.7084,28.9919,336.3,2023-10-07,1227,D,0
-20.7107,28.9787,334.3,2023-10-07,1227,D,0
-20.5029,29.5205,341.6,2023-10-07,1227,D,0
-20.4983,29.5278,333.8,2023-10-07,1227,D,0
-20.5008,29.5131,339.1,2023-10-07,1227,D,0
-20.417,29.8686,331.1,2023-10-07,1227,D,0
-20.5989,28.6737,347.4,2023-10-07,1227,D,0
-20.5887,28.6715,331.8,2023-10-07,1227,D,0
-20.3735,29.2035,347.6,2023-10-07,1227,D,0
-20.3781,29.2118,335.8,2023-10-07,1227,D,0
-20.3804,29.198,335.8,2023-10-07,1227,D,0
-20.3544,29.2215,342.4,2023-10-07,1227,D,0
-20.3567,29.2075,354.1,2023-10-07,1227,D,0
-20.3591,29.1935,337.8,2023-10-07,1227,D,0
-20.4047,28.7302,336.6,2023-10-07,1227,D,0
-20.2815,29.3233,339.7,2023-10-07,1227,D,0
-20.2558,29.4066,391.9,2023-10-07,1227,D,0
-20.2584,29.3922,378.3,2023-10-07,1227,D,0
-20.2608,29.3781,333.0,2023-10-07,1227,D,0
-20.2633,29.3638,335.2,2023-10-07,1227,D,0
-20.2425,29.419,361.5,2023-10-07,1227,D,0
-20.245,29.4045,388.2,2023-10-07,1227,D,0
-20.2475,29.3901,339.1,2023-10-07,1227,D,0
-20.2869,29.1651,338.8,2023-10-07,1227,D,0
-20.3036,29.0689,343.4,2023-10-07,1227,D,0
-20.3061,29.0546,345.9,2023-10-07,1227,D,0
-20.2524,29.4154,349.7,2023-10-07,1227,D,0
-20.2549,29.4009,395.8,2023-10-07,1227,D,0
-20.2573,29.3866,337.2,2023-10-07,1227,D,0
-20.2416,29.4132,375.2,2023-10-07,1227,D,0
-20.244,29.3988,358.7,2023-10-07,1227,D,0
-20.2821,29.1729,333.9,2023-10-07,1227,D,0
-20.2844,29.1592,336.3,2023-10-07,1227,D,0
-20.3005,29.0626,367.2,2023-10-07,1227,D,0
-20.3029,29.0482,334.9,2023-10-07,1227,D,0
-20.2307,29.4111,373.9,2023-10-07,1227,D,0
-20.2899,29.0606,331.9,2023-10-07,1227,D,0
-18.4106,31.8643,328.8,2023-10-07,1227,D,0
-18.4241,31.8671,350.2,2023-10-07,1227,D,0
-18.4198,31.8904,342.7,2023-10-07,1227,D,0
-18.4048,31.8704,323.5,2023-10-07,1227,D,0
-18.4227,31.8501,330.3,2023-10-07,1227,D,0
-18.4183,31.8733,357.9,2023-10-07,1227,D,0
-18.4139,31.8963,336.3,2023-10-07,1227,D,0
-18.6342,31.2847,346.5,2023-10-07,1227,D,0
-19.4525,27.0364,338.9,2023-10-07,1227,D,0
-19.3007,28.219,332.1,2023-10-07,1227,D,0
-19.1083,30.2817,328.5,2023-10-07,1227,D,0
-19.2197,30.238,336.5,2023-10-07,1227,D,0
-19.2167,30.2551,341.0,2023-10-07,1227,D,0
-19.2284,30.2574,330.3,2023-10-07,1227,D,0
-19.3097,30.054,333.4,2023-10-07,1227,D,0
-19.1684,31.2568,332.3,2023-10-07,1227,D,0
-19.1666,31.2617,335.9,2023-10-07,1227,D,0
-19.1629,31.2817,337.5,2023-10-07,1227,D,0
-19.2488,31.0303,342.8,2023-10-07,1227,D,0
-19.2613,31.0328,332.3,2023-10-07,1227,D,0
-19.2577,31.0525,327.6,2023-10-07,1227,D,0
-19.4389,30.4989,328.4,2023-10-07,1227,D,0
-19.4509,30.5012,334.7,2023-10-07,1227,D,0
-19.6225,29.8512,330.7,2023-10-07,1227,D,0
-19.7588,29.7399,327.7,2023-10-07,1227,D,0
-19.7562,29.7548,330.3,2023-10-07,1227,D,0
-19.6186,30.7355,332.3,2023-10-07,1227,D,0
-20.0457,28.4785,338.8,2023-10-07,1227,D,0
-19.6573,31.0996,332.4,2023-10-07,1227,D,0
-19.6627,31.0881,335.9,2023-10-07,1227,D,0
-19.845,30.501,331.5,2023-10-07,1227,D,0
-19.8267,31.3396,330.3,2023-10-07,1227,D,0
-20.1924,29.3737,334.6,2023-10-07,1227,D,0
-20.1899,29.3879,345.5,2023-10-07,1227,D,0
-20.1874,29.4023,327.7,2023-10-07,1227,D,0
-21.3484,30.6725,364.6,2023-10-07,1227,D,0
-21.3514,30.6556,340.6,2023-10-07,1227,D,0
-20.3777,31.9172,327.4,2023-10-07,1227,D,0
-20.5106,31.0703,338.9,2023-10-07,1227,D,0
-20.5141,31.0517,343.7,2023-10-07,1227,D,0
-20.6056,30.5545,334.5,2023-10-07,1227,D,0
-20.6088,30.5374,331.1,2023-10-07,1227,D,0
-20.8643,29.0352,333.7,2023-10-07,1227,D,0
-16.403,30.5744,327.4,2023-10-07,1228,D,0
-16.5816,29.6974,328.1,2023-10-07,1228,D,0
-16.7925,29.0725,336.8,2023-10-07,1228,D,0
-16.7898,29.0773,333.7,2023-10-07,1228,D,0
-17.0054,28.631,339.7,2023-10-07,1228,D,0
-16.4966,31.516,328.3,2023-10-07,1228,D,0
-17.0342,28.5927,337.2,2023-10-07,1228,D,0
-16.498,31.8227,331.9,2023-10-07,1228,D,0
-16.5056,31.8031,327.0,2023-10-07,1228,D,0
-16.5008,31.8284,331.0,2023-10-07,1228,D,0
-16.6038,31.7012,327.0,2023-10-07,1228,D,0
-16.9206,31.5589,327.3,2023-10-07,1228,D,0
-16.767,32.3704,325.6,2023-10-07,1228,D,0
-17.7569,27.8035,342.8,2023-10-07,1228,D,0
-17.6719,29.3976,330.9,2023-10-07,1228,D,0
-17.6798,29.4048,333.9,2023-10-07,1228,D,0
-18.186,26.9373,338.0,2023-10-07,1228,D,0
-18.1842,26.9482,338.6,2023-10-07,1228,D,0
-18.1956,26.939,339.5,2023-10-07,1228,D,0
-18.1938,26.9499,353.3,2023-10-07,1228,D,0
-17.4506,31.6496,333.1,2023-10-07,1228,D,0
-17.4562,31.656,334.6,2023-10-07,1228,D,0
-17.523,31.8735,328.8,2023-10-07,1228,D,0
-18.4622,26.814,337.2,2023-10-07,1228,D,0
-18.4719,27.1868,335.2,2023-10-07,1228,D,0
-18.6078,27.304,332.4,2023-10-07,1228,D,0
-18.0591,31.6934,326.2,2023-10-07,1228,D,0
-18.0263,32.464,328.1,2023-10-07,1228,D,0
-18.6736,29.9204,334.8,2023-10-07,1228,D,0
-19.0462,27.8265,333.0,2023-10-07,1228,D,0
-18.3945,31.5783,325.4,2023-10-07,1228,D,0
-18.538,31.0186,332.4,2023-10-07,1228,D,0
-18.5344,31.0385,338.0,2023-10-07,1228,D,0
-16.5029,29.6958,328.1,2023-10-07,1228,D,0
-16.3984,30.0115,338.5,2023-10-07,1228,D,0
-15.7841,30.2085,345.5,2023-10-07,1228,D,0
-15.7878,30.1881,347.5,2023-10-07,1228,D,0
-15.7832,30.2007,346.4,2023-10-07,1228,D,0
-15.7866,30.1808,329.9,2023-10-07,1228,D,0
-15.7484,30.2512,331.2,2023-10-07,1228,D,0
-19.9263,32.9476,304.4,2023-10-07,2001,N,0
-21.3435,30.6695,331.1,2023-10-07,2001,N,0
-21.3341,30.6681,309.0,2023-10-07,2001,N,0
-19.925,32.9571,315.2,2023-10-07,2001,N,0
-19.9523,32.6276,307.4,2023-10-07,2001,N,0
-17.8535,31.8443,306.2,2023-10-07,2002,N,0
-18.1275,32.8412,300.0,2023-10-07,2002,N,0
-18.1261,32.8506,311.1,2023-10-07,2002,N,0
-18.1248,32.86,335.5,2023-10-07,2002,N,0
-18.1234,32.8696,301.1,2023-10-07,2002,N,0
-18.135,32.8522,301.6,2023-10-07,2002,N,0
-18.1337,32.8617,317.3,2023-10-07,2002,N,0
-18.3234,31.6422,304.3,2023-10-07,2002,N,0
-18.4148,31.8439,308.4,2023-10-07,2002,N,0
-18.4134,31.8533,304.4,2023-10-07,2002,N,0
-18.5254,32.0452,306.7,2023-10-07,2002,N,0
-18.6444,31.8503,306.5,2023-10-07,2002,N,0
-18.599,32.1774,303.9,2023-10-07,2002,N,0
-18.6905,31.7806,308.1,2023-10-07,2002,N,0
-18.9501,30.5381,310.7,2023-10-07,2002,N,0
-18.9056,31.0057,307.6,2023-10-07,2002,N,0
-18.9524,30.7196,326.1,2023-10-07,2002,N,0
-19.1666,29.6545,302.7,2023-10-07,2002,N,0
-18.8727,31.8593,305.7,2023-10-07,2002,N,0
-19.3046,30.5631,303.2,2023-10-07,2002,N,0
-19.4814,29.9829,305.1,2023-10-07,2002,N,0
-19.48,29.9937,305.9,2023-10-07,2002,N,0
-19.4008,31.3584,306.2,2023-10-07,2002,N,0
-19.5108,31.4957,304.6,2023-10-07,2002,N,0
-19.6079,31.2498,312.7,2023-10-07,2002,N,0
-20.2006,29.3697,301.6,2023-10-07,2002,N,0
-16.6309,30.8373,313.7,2023-10-07,2002,N,0
-16.6399,30.8387,309.7,2023-10-07,2002,N,0
-16.8311,30.0173,304.5,2023-10-07,2002,N,0
-16.9908,28.8318,316.8,2023-10-07,2002,N,0
-17.0325,28.5752,309.0,2023-10-07,2002,N,0
-17.031,28.5875,309.0,2023-10-07,2002,N,0
-17.0411,28.5887,315.5,2023-10-07,2002,N,0
-16.7382,31.4005,306.2,2023-10-07,2002,N,0
-16.9074,30.2083,308.8,2023-10-07,2002,N,0
-16.7862,31.8487,306.0,2023-10-07,2002,N,0
-16.7574,32.3737,314.1,2023-10-07,2002,N,0
-16.9445,31.6336,311.4,2023-10-07,2002,N,0
-16.9432,31.6428,304.3,2023-10-07,2002,N,0
-17.2584,31.558,308.6,2023-10-07,2002,N,0
-17.7103,29.2596,305.4,2023-10-07,2002,N,0
-17.4539,31.2086,303.8,2023-10-07,2002,N,0
-17.4526,31.2181,305.0,2023-10-07,2002,N,0
-17.5009,31.4705,306.2,2023-10-07,2002,N,0
-17.7296,29.9719,321.5,2023-10-07,2002,N,0
-17.4978,32.2826,307.4,2023-10-07,2002,N,0
-17.5949,31.7197,311.7,2023-10-07,2002,N,0
-17.8454,30.1268,311.2,2023-10-07,2002,N,0
-17.8548,31.835,346.0,2023-10-07,2002,N,0
-16.3814,28.9722,320.8,2023-10-07,2003,N,0
-15.7295,30.2271,319.0,2023-10-07,2003,N,0
-15.7386,30.2285,309.7,2023-10-07,2003,N,0
-15.7373,30.2385,313.7,2023-10-07,2003,N,0
-15.736,30.2482,324.0,2023-10-07,2003,N,0
-15.7451,30.2496,307.3,2023-10-07,2003,N,0
-16.0227,30.7128,311.0,2023-10-07,2003,N,0
-16.3508,28.9787,330.6,2023-10-07,2003,N,0
-16.3494,28.9899,327.7,2023-10-07,2003,N,0
-16.3647,28.947,311.1,2023-10-07,2003,N,0
-16.3633,28.9581,333.0,2023-10-07,2003,N,0
-16.3619,28.9693,324.9,2023-10-07,2003,N,0
-16.3577,29.0026,308.4,2023-10-07,2003,N,0
-16.3744,28.9487,320.0,2023-10-07,2003,N,0
-16.373,28.9597,338.6,2023-10-07,2003,N,0
-16.3716,28.9708,312.6,2023-10-07,2003,N,0
-15.7308,30.2173,311.9,2023-10-07,2003,N,0
-16.3925,28.9626,308.9,2023-10-07,2003,N,0
-16.4037,28.9528,320.3,2023-10-07,2003,N,0
-16.4023,28.9639,317.8,2023-10-07,2003,N,0
-16.4135,28.9541,310.8,2023-10-07,2003,N,0
-16.4164,28.9494,309.5,2023-10-07,2003,N,0
-16.4528,28.9761,310.8,2023-10-07,2003,N,0
-16.4513,28.9875,311.2,2023-10-07,2003,N,0
-16.4499,28.9986,307.7,2023-10-07,2003,N,0
-16.3326,30.3176,310.3,2023-10-07,2003,N,0
-15.729,30.23,308.8,2023-10-07,2320,N,0
-15.7332,30.2422,306.5,2023-10-07,2320,N,0
-16.7629,31.4152,302.0,2023-10-07,2320,N,0
-16.3564,28.9415,319.6,2023-10-07,2320,N,0
-16.3604,28.9638,335.0,2023-10-07,2320,N,0
-16.3555,28.9596,310.6,2023-10-07,2320,N,0
-16.3649,28.9351,309.0,2023-10-07,2320,N,0
-16.369,28.9573,336.8,2023-10-07,2320,N,0
-16.8003,31.1564,313.6,2023-10-07,2320,N,0
-16.4573,28.9845,307.5,2023-10-07,2320,N,0
-16.4502,28.9783,309.1,2023-10-07,2320,N,0
-16.8964,30.917,315.7,2023-10-07,2320,N,0
-17.0304,28.5909,307.3,2023-10-07,2320,N,0
-17.0242,28.5874,305.7,2023-10-07,2320,N,0
-17.0377,28.5839,309.2,2023-10-07,2320,N,0
-17.0513,28.5808,317.7,2023-10-07,2320,N,0
-17.5398,30.1726,316.5,2023-10-07,2320,N,0
-17.8514,31.8413,300.4,2023-10-07,2320,N,0
-18.1221,32.8638,338.5,2023-10-07,2320,N,0
-18.1238,32.8742,306.3,2023-10-07,2320,N,0
-18.1319,32.8616,300.8,2023-10-07,2320,N,0
-17.7525,30.1916,307.4,2023-10-07,2320,N,0
-17.7565,30.1836,309.5,2023-10-07,2320,N,0
-19.924,32.9509,308.3,2023-10-07,2321,N,0
-19.9258,32.9617,335.4,2023-10-07,2321,N,0
-20.0243,32.8151,316.1,2023-10-07,2321,N,0
-20.0261,32.826,312.1,2023-10-07,2321,N,0
-21.3376,30.6756,310.5,2023-10-07,2321,N,0
-18.4903,32.6008,326.0,2023-10-08,654,D,0
-18.4994,32.6453,314.8,2023-10-08,654,D,0
-18.4894,32.5961,324.4,2023-10-08,654,D,0
-18.4987,32.6404,316.7,2023-10-08,654,D,0
-15.7826,30.1888,327.5,2023-10-08,831,D,0
-15.7851,30.1818,325.1,2023-10-08,831,D,0
-15.789,30.224,323.3,2023-10-08,831,D,0
-16.3367,28.9532,324.7,2023-10-08,832,D,0
-16.3462,28.9455,344.8,2023-10-08,832,D,0
-16.3496,28.9793,337.1,2023-10-08,832,D,0
-16.3776,28.9398,335.4,2023-10-08,832,D,0
-16.3902,28.9074,343.6,2023-10-08,832,D,0
-16.3935,28.9385,361.5,2023-10-08,832,D,0
-16.397,28.9724,326.6,2023-10-08,832,D,0
-16.4093,28.937,335.8,2023-10-08,832,D,0
-16.4253,28.937,333.6,2023-10-08,832,D,0
-16.387,28.9317,363.0,2023-10-08,832,D,0
-16.4029,28.9306,341.4,2023-10-08,832,D,0
-16.4188,28.9302,333.9,2023-10-08,832,D,0
-16.939,29.7073,327.2,2023-10-08,832,D,0
-17.2096,30.0683,323.4,2023-10-08,832,D,0
-17.0596,28.5837,323.8,2023-10-08,832,D,0
-20.2973,28.4477,326.3,2023-10-08,833,D,0
-20.469,27.7195,325.5,2023-10-08,833,D,0
-21.9742,29.0771,334.8,2023-10-08,1130,D,0
-21.9523,29.0677,327.0,2023-10-08,1130,D,0
-21.9691,29.0694,336.3,2023-10-08,1130,D,0
-21.9859,29.0711,331.5,2023-10-08,1130,D,0
-21.9574,29.0753,334.1,2023-10-08,1130,D,0
-18.9044,29.6714,326.5,2023-10-08,1131,D,0
-20.5873,28.5035,324.7,2023-10-08,1131,D,0
-20.5844,28.4949,328.8,2023-10-08,1131,D,0
-20.2298,30.898,323.1,2023-10-08,1131,D,0
-20.4066,28.7169,325.7,2023-10-08,1131,D,0
-19.9318,32.9595,336.0,2023-10-08,1131,D,0
-20.2888,29.301,331.2,2023-10-08,1131,D,0
-19.9278,32.9518,337.9,2023-10-08,1131,D,0
-20.2806,29.293,326.4,2023-10-08,1131,D,0
-20.0724,30.6825,347.6,2023-10-08,1131,D,0
-20.086,30.679,326.9,2023-10-08,1131,D,0
-20.0714,30.6777,348.0,2023-10-08,1131,D,0
-19.9436,31.369,324.7,2023-10-08,1131,D,0
-19.9448,30.7395,326.1,2023-10-08,1131,D,0
-20.1033,28.3017,328.7,2023-10-08,1131,D,0
-20.102,28.2973,327.1,2023-10-08,1131,D,0
-19.8758,30.5311,328.6,2023-10-08,1131,D,0
-19.8611,30.5295,334.0,2023-10-08,1131,D,0
-19.8639,30.5012,328.0,2023-10-08,1131,D,0
-19.86,30.5224,333.4,2023-10-08,1131,D,0
-19.887,29.1248,326.7,2023-10-08,1131,D,0
-19.8803,29.1202,327.9,2023-10-08,1131,D,0
-19.9191,28.7113,325.6,2023-10-08,1131,D,0
-19.7329,30.3027,334.9,2023-10-08,1131,D,0
-19.4904,31.089,329.0,2023-10-08,1131,D,0
-19.4162,31.3467,327.5,2023-10-08,1131,D,0
-19.421,30.2534,330.8,2023-10-08,1131,D,0
-19.4237,30.2249,326.8,2023-10-08,1131,D,0
-19.4221,30.2487,334.0,2023-10-08,1131,D,0
-19.348,30.3858,328.8,2023-10-08,1131,D,0
-19.214,31.5459,338.0,2023-10-08,1131,D,0
-19.2584,31.1211,340.2,2023-10-08,1131,D,0
-19.261,31.0965,327.7,2023-10-08,1131,D,0
-19.1453,31.4623,331.9,2023-10-08,1131,D,0
-19.1118,31.3878,334.1,2023-10-08,1131,D,0
-19.1186,31.3838,341.9,2023-10-08,1131,D,0
-18.9231,32.3179,348.9,2023-10-08,1131,D,0
-19.0954,30.5127,337.0,2023-10-08,1131,D,0
-18.9198,32.3303,328.8,2023-10-08,1131,D,0
-18.9221,32.3106,341.0,2023-10-08,1131,D,0
-19.0283,31.2489,327.0,2023-10-08,1131,D,0
-19.0935,30.5053,331.5,2023-10-08,1131,D,0
-19.0961,30.3369,328.0,2023-10-08,1131,D,0
-19.099,30.3088,328.7,2023-10-08,1131,D,0
-18.8109,31.9179,341.3,2023-10-08,1131,D,0
-18.8924,31.1562,333.0,2023-10-08,1131,D,0
-18.8949,31.1323,350.9,2023-10-08,1131,D,0
-18.8024,31.875,333.0,2023-10-08,1131,D,0
-18.8513,30.382,326.4,2023-10-08,1131,D,0
-18.8508,30.3772,324.7,2023-10-08,1131,D,0
-18.9089,29.6674,325.8,2023-10-08,1131,D,0
-18.4881,32.5873,338.0,2023-10-08,1131,D,0
-18.1234,32.8552,344.1,2023-10-08,1131,D,0
-18.1253,32.8386,342.1,2023-10-08,1131,D,0
-18.1276,32.865,336.0,2023-10-08,1131,D,0
-18.1296,32.8488,346.7,2023-10-08,1131,D,0
-18.0923,30.7316,357.1,2023-10-08,1131,D,0
-18.075,30.9751,338.6,2023-10-08,1131,D,0
-18.0778,30.9509,330.9,2023-10-08,1131,D,0
-18.0885,30.7262,350.7,2023-10-08,1131,D,0
-17.7649,32.0974,333.4,2023-10-08,1131,D,0
-17.7396,31.5023,331.2,2023-10-08,1131,D,0
-17.7403,31.5172,335.3,2023-10-08,1131,D,0
-17.7469,30.2655,331.9,2023-10-08,1131,D,0
-16.6828,31.5571,331.9,2023-10-08,1132,D,0
-16.4083,28.9361,328.8,2023-10-08,1132,D,0
-16.3961,28.8988,347.4,2023-10-08,1132,D,0
-16.3767,28.9329,332.0,2023-10-08,1132,D,0
-16.3802,28.8975,343.6,2023-10-08,1132,D,0
-16.2844,29.6917,335.6,2023-10-08,1132,D,0
-16.361,28.9302,334.8,2023-10-08,1132,D,0
-16.4021,28.8916,332.0,2023-10-08,1132,D,0
-16.2845,29.6849,333.9,2023-10-08,1132,D,0
-16.3632,28.9558,328.7,2023-10-08,1132,D,0
-16.3666,28.9241,334.9,2023-10-08,1132,D,0
-16.3475,28.9534,330.8,2023-10-08,1132,D,0
-16.3509,28.9215,341.4,2023-10-08,1132,D,0
-16.1286,30.278,329.6,2023-10-08,1132,D,0
-16.0377,30.7118,340.3,2023-10-08,1132,D,0
-16.024,30.71,330.8,2023-10-08,1132,D,0
-16.0306,30.7038,334.2,2023-10-08,1132,D,0
-15.7929,30.197,337.6,2023-10-08,1132,D,0
-15.7956,30.1718,349.8,2023-10-08,1132,D,0
-15.7814,30.1698,328.2,2023-10-08,1132,D,0
-15.7897,30.1925,339.6,2023-10-08,1132,D,0
-15.7927,30.1663,346.3,2023-10-08,1132,D,0
-16.6804,31.5779,338.1,2023-10-08,1132,D,0
-16.36,30.2199,328.5,2023-10-08,1132,D,0
-17.1787,31.8811,328.8,2023-10-08,1132,D,0
-17.0989,31.6734,330.2,2023-10-08,1132,D,0
-17.0315,31.4557,335.7,2023-10-08,1132,D,0
-17.0338,31.4342,333.7,2023-10-08,1132,D,0
-17.1474,30.2425,336.7,2023-10-08,1132,D,0
-16.9937,31.558,333.8,2023-10-08,1132,D,0
-17.034,31.4487,337.4,2023-10-08,1132,D,0
-16.9954,31.5509,332.4,2023-10-08,1132,D,0
-16.7185,32.9082,331.8,2023-10-08,1132,D,0
-16.8036,31.1678,331.4,2023-10-08,1132,D,0
-16.7077,31.4548,335.1,2023-10-08,1132,D,0
-19.4554,31.4656,303.3,2023-10-08,2042,N,0
-18.5738,30.4642,306.8,2023-10-08,2042,N,0
-16.9073,29.3981,302.9,2023-10-08,2043,N,0
-18.573,30.4584,303.9,2023-10-08,2043,N,0
-18.7625,27.3829,310.7,2023-10-08,2043,N,0
-18.7653,27.3667,311.3,2023-10-08,2043,N,0
-18.625,27.245,320.7,2023-10-08,2043,N,0
-16.3354,28.9047,309.5,2023-10-08,2043,N,0
-16.3316,28.9261,311.6,2023-10-08,2043,N,0
-16.353,28.8836,313.2,2023-10-08,2043,N,0
-16.3495,28.904,313.8,2023-10-08,2043,N,0
-16.3668,28.8845,316.1,2023-10-08,2043,N,0
-16.3428,28.9101,318.3,2023-10-08,2043,N,0
-16.3642,28.8691,313.3,2023-10-08,2043,N,0
-16.3606,28.8894,311.1,2023-10-08,2043,N,0
-16.378,28.8701,323.3,2023-10-08,2043,N,0
-16.3914,28.8727,328.0,2023-10-08,2043,N,0
-16.3875,28.8943,321.1,2023-10-08,2043,N,0
-16.4048,28.8755,346.8,2023-10-08,2043,N,0
-16.4009,28.8974,351.5,2023-10-08,2043,N,0
-16.4858,29.017,309.4,2023-10-08,2043,N,0
-16.3494,30.2012,306.8,2023-10-08,2043,N,0
-16.5695,30.7597,311.1,2023-10-08,2043,N,0
-16.5644,30.7655,309.2,2023-10-08,2043,N,0
-18.3725,26.4795,307.8,2023-10-08,2043,N,0
-16.9319,29.3946,312.9,2023-10-09,1,N,0
-16.9352,29.3999,303.6,2023-10-09,1,N,0
-16.9249,29.4013,317.4,2023-10-09,1,N,0
-16.9335,29.4072,303.8,2023-10-09,1,N,0
-17.1296,31.2898,301.8,2023-10-09,1,N,0
-16.8006,29.075,303.4,2023-10-09,1,N,0
-16.8337,29.9865,306.0,2023-10-09,1,N,0
-16.8229,29.9878,326.3,2023-10-09,1,N,0
-16.8212,29.9739,307.2,2023-10-09,1,N,0
-16.8301,29.9924,317.9,2023-10-09,1,N,0
-16.8283,29.9785,330.1,2023-10-09,1,N,0
-16.7411,29.4773,305.0,2023-10-09,1,N,0
-16.7394,29.4646,304.3,2023-10-09,1,N,0
-16.4861,29.0159,314.6,2023-10-09,1,N,0
-16.739,31.277,308.4,2023-10-09,1,N,0
-16.3969,28.8801,315.5,2023-10-09,1,N,0
-16.387,28.8816,333.5,2023-10-09,1,N,0
-16.3404,28.9117,328.0,2023-10-09,1,N,0
-16.5626,30.7595,307.0,2023-10-09,1,N,0
-16.335,28.9476,316.3,2023-10-09,1,N,0
-16.332,28.9249,319.4,2023-10-09,1,N,0
-16.3305,28.9138,320.5,2023-10-09,1,N,0
-16.331,28.9949,312.9,2023-10-09,1,N,0
-16.5638,30.7645,304.6,2023-10-09,1,N,0
-16.3311,29.0003,309.8,2023-10-09,1,N,0
-16.3164,28.967,312.4,2023-10-09,1,N,0
-16.336,29.2668,306.5,2023-10-09,1,N,0
-16.3197,29.6257,306.0,2023-10-09,1,N,0
-16.3249,29.6317,305.4,2023-10-09,1,N,0
-16.3232,29.619,303.6,2023-10-09,1,N,0
-16.3343,30.2059,314.1,2023-10-09,1,N,0
-16.4094,31.4702,324.8,2023-10-09,1,N,0
-16.4073,31.4533,323.6,2023-10-09,1,N,0
-15.7308,30.242,316.1,2023-10-09,1,N,0
-15.7201,30.2442,310.6,2023-10-09,1,N,0
-19.8754,29.267,313.1,2023-10-09,2,N,0
-16.9839,28.6226,318.4,2023-10-09,2,N,0
-17.0322,28.5178,309.1,2023-10-09,2,N,0
-17.4579,31.1871,302.2,2023-10-09,2,N,0
-17.3744,30.126,309.9,2023-10-09,2,N,0
-17.4185,30.1005,306.6,2023-10-09,2,N,0
-17.5601,30.2378,308.7,2023-10-09,2,N,0
-17.6883,29.335,307.8,2023-10-09,2,N,0
-17.69,29.348,305.4,2023-10-09,2,N,0
-17.9706,31.2507,300.7,2023-10-09,2,N,0
-18.2984,31.0434,305.9,2023-10-09,2,N,0
-17.9834,26.4245,311.2,2023-10-09,2,N,0
-17.9848,26.4341,323.3,2023-10-09,2,N,0
-17.9862,26.4437,310.8,2023-10-09,2,N,0
-17.9939,26.4328,309.3,2023-10-09,2,N,0
-17.9953,26.4424,306.4,2023-10-09,2,N,0
-18.3686,26.4782,312.1,2023-10-09,2,N,0
-19.0919,30.9224,301.5,2023-10-09,2,N,0
-19.3072,30.1467,303.6,2023-10-09,2,N,0
-19.8721,29.2397,310.2,2023-10-09,2,N,0
-19.8738,29.2533,348.9,2023-10-09,2,N,0
-16.8753,29.8362,322.2,2023-10-09,734,D,0
-16.7958,29.2259,322.0,2023-10-09,734,D,0
-17.1385,31.2734,325.1,2023-10-09,734,D,0
-17.1402,31.2842,328.6,2023-10-09,734,D,0
-17.1498,31.2826,353.6,2023-10-09,734,D,0
-17.0933,31.5738,327.4,2023-10-09,734,D,0
-17.1515,31.2934,344.1,2023-10-09,734,D,0
-17.0695,31.3588,338.4,2023-10-09,734,D,0
-17.0791,31.3573,333.5,2023-10-09,734,D,0
-16.9274,30.2797,322.8,2023-10-09,734,D,0
-16.8731,29.8229,325.7,2023-10-09,734,D,0
-16.6914,29.2214,331.4,2023-10-09,734,D,0
-16.4928,29.0001,328.1,2023-10-09,734,D,0
-17.0686,31.6642,326.6,2023-10-09,734,D,0
-16.9848,31.1363,323.8,2023-10-09,734,D,0
-16.9723,31.0583,321.7,2023-10-09,734,D,0
-16.9643,31.071,326.9,2023-10-09,734,D,0
-16.9625,31.0599,331.0,2023-10-09,734,D,0
-17.0145,31.4456,327.1,2023-10-09,734,D,0
-16.8847,30.963,328.8,2023-10-09,734,D,0
-16.7153,29.9852,323.4,2023-10-09,734,D,0
-16.9429,31.6374,327.5,2023-10-09,734,D,0
-16.5971,29.5434,333.9,2023-10-09,734,D,0
-16.5947,29.5293,344.8,2023-10-09,734,D,0
-16.5019,28.9914,324.3,2023-10-09,734,D,0
-16.4992,28.9758,359.6,2023-10-09,734,D,0
-16.4965,28.9603,338.4,2023-10-09,734,D,0
-16.6039,29.5343,328.8,2023-10-09,734,D,0
-16.4902,28.9845,349.8,2023-10-09,734,D,0
-16.4876,28.9689,327.9,2023-10-09,734,D,0
-16.9544,31.9914,331.6,2023-10-09,734,D,0
-16.4617,29.0228,324.7,2023-10-09,734,D,0
-16.4484,28.9446,346.5,2023-10-09,734,D,0
-16.4456,28.9286,345.2,2023-10-09,734,D,0
-16.4372,28.9479,328.7,2023-10-09,734,D,0
-16.4344,28.9315,331.7,2023-10-09,734,D,0
-16.4316,28.9153,326.8,2023-10-09,734,D,0
-16.7035,30.6023,323.9,2023-10-09,734,D,0
-16.4203,28.918,329.2,2023-10-09,734,D,0
-16.4175,28.9015,346.4,2023-10-09,734,D,0
-16.4147,28.8853,367.9,2023-10-09,734,D,0
-16.4119,28.8692,339.5,2023-10-09,734,D,0
-16.4089,28.9101,326.9,2023-10-09,734,D,0
-16.3779,28.8655,329.0,2023-10-09,734,D,0
-16.4897,29.6049,326.2,2023-10-09,734,D,0
-16.6979,30.9493,331.3,2023-10-09,734,D,0
-16.6881,30.9509,332.6,2023-10-09,734,D,0
-16.3593,29.033,322.1,2023-10-09,734,D,0
-16.3518,29.2613,323.2,2023-10-09,734,D,0
-16.4934,30.6321,325.4,2023-10-09,734,D,0
-16.6625,32.0791,325.1,2023-10-09,734,D,0
-16.357,30.2461,328.6,2023-10-09,734,D,0
-16.3467,30.2484,325.9,2023-10-09,734,D,0
-16.743,32.7778,322.4,2023-10-09,734,D,0
-16.3493,30.2414,324.8,2023-10-09,734,D,0
-16.7179,32.9186,329.8,2023-10-09,734,D,0
-16.5623,31.9663,328.9,2023-10-09,734,D,0
-16.4847,31.6587,337.4,2023-10-09,734,D,0
-16.483,31.6481,347.3,2023-10-09,734,D,0
-16.4188,31.4535,327.4,2023-10-09,734,D,0
-16.4091,31.4551,329.3,2023-10-09,734,D,0
-16.4074,31.444,334.1,2023-10-09,734,D,0
-16.0654,30.5257,326.4,2023-10-09,734,D,0
-16.4954,29.0155,323.4,2023-10-09,734,D,0
-16.4989,28.9667,356.4,2023-10-09,734,D,0
-16.5015,28.9822,349.6,2023-10-09,734,D,0
-16.5931,29.5363,351.7,2023-10-09,734,D,0
-19.1456,30.2862,322.4,2023-10-09,735,D,0
-19.1574,29.6732,322.6,2023-10-09,735,D,0
-19.1595,29.686,321.9,2023-10-09,735,D,0
-19.3176,30.1462,325.7,2023-10-09,735,D,0
-19.3314,30.1684,326.4,2023-10-09,735,D,0
-20.0229,29.5619,323.2,2023-10-09,735,D,0
-20.022,29.569,321.9,2023-10-09,735,D,0
-20.3649,28.5531,358.1,2023-10-09,735,D,0
-20.3674,28.5675,329.1,2023-10-09,735,D,0
-20.3757,28.5507,323.3,2023-10-09,735,D,0
-17.6914,29.3268,323.1,2023-10-09,735,D,0
-17.1414,31.0858,324.2,2023-10-09,735,D,0
-17.1432,31.0969,323.6,2023-10-09,735,D,0
-17.1975,31.4352,327.2,2023-10-09,735,D,0
-17.2466,31.622,330.9,2023-10-09,735,D,0
-17.2511,31.5888,330.5,2023-10-09,735,D,0
-16.8956,29.202,326.0,2023-10-09,735,D,0
-17.1819,30.9635,333.2,2023-10-09,735,D,0
-17.3368,31.8308,333.5,2023-10-09,735,D,0
-17.3434,31.8337,328.8,2023-10-09,735,D,0
-17.3921,32.0233,345.1,2023-10-09,735,D,0
-17.1065,30.0524,331.3,2023-10-09,735,D,0
-17.1086,30.0652,327.4,2023-10-09,735,D,0
-17.1316,30.206,321.7,2023-10-09,735,D,0
-17.5092,32.3039,327.8,2023-10-09,735,D,0
-17.4035,31.5077,332.6,2023-10-09,735,D,0
-17.4544,31.8306,324.4,2023-10-09,735,D,0
-17.456,31.8408,333.3,2023-10-09,735,D,0
-17.4653,31.8393,335.3,2023-10-09,735,D,0
-16.9701,28.6169,325.8,2023-10-09,735,D,0
-16.9728,28.6329,330.6,2023-10-09,735,D,0
-16.9817,28.6152,338.3,2023-10-09,735,D,0
-16.9845,28.632,327.7,2023-10-09,735,D,0
-17.3686,30.977,324.3,2023-10-09,735,D,0
-17.0066,28.6928,333.7,2023-10-09,735,D,0
-17.0031,28.6866,328.0,2023-10-09,735,D,0
-17.006,28.7029,321.7,2023-10-09,735,D,0
-17.4672,31.2047,321.9,2023-10-09,735,D,0
-17.0615,28.5425,326.7,2023-10-09,735,D,0
-17.0643,28.559,327.9,2023-10-09,735,D,0
-17.1044,28.7964,324.3,2023-10-09,735,D,0
-17.5626,31.626,322.9,2023-10-09,735,D,0
-17.6047,31.6128,330.6,2023-10-09,735,D,0
-17.5881,31.3231,330.4,2023-10-09,735,D,0
-17.4927,30.4094,323.2,2023-10-09,735,D,0
-17.611,31.1348,324.7,2023-10-09,735,D,0
-17.721,31.7044,328.6,2023-10-09,735,D,0
-17.5771,30.6756,324.8,2023-10-09,735,D,0
-17.587,30.6739,358.0,2023-10-09,735,D,0
-17.853,32.0196,343.3,2023-10-09,735,D,0
-18.0816,32.8515,343.0,2023-10-09,735,D,0
-18.1203,32.8646,321.8,2023-10-09,735,D,0
-17.8286,30.7673,324.9,2023-10-09,735,D,0
-18.0185,31.8358,330.4,2023-10-09,735,D,0
-18.02,31.846,328.7,2023-10-09,735,D,0
-18.0402,31.9149,355.6,2023-10-09,735,D,0
-17.9663,31.2564,328.3,2023-10-09,735,D,0
-18.1593,32.5096,339.9,2023-10-09,735,D,0
-17.9758,31.2547,336.6,2023-10-09,735,D,0
-17.9775,31.2654,350.9,2023-10-09,735,D,0
-18.1151,31.8031,329.0,2023-10-09,735,D,0
-18.1244,31.8016,329.8,2023-10-09,735,D,0
-18.1041,31.3301,337.2,2023-10-09,735,D,0
-17.9664,30.4185,330.5,2023-10-09,735,D,0
-18.2805,31.4343,336.8,2023-10-09,735,D,0
-18.3214,30.8359,324.3,2023-10-09,735,D,0
-18.3917,30.76,335.1,2023-10-09,735,D,0
-18.6358,30.8204,323.4,2023-10-09,735,D,0
-17.9828,26.4284,323.7,2023-10-09,735,D,0
-17.9921,26.4031,322.8,2023-10-09,735,D,0
-17.9961,26.4255,322.1,2023-10-09,735,D,0
-17.9907,26.4206,327.1,2023-10-09,735,D,0
-18.9273,31.8671,327.9,2023-10-09,735,D,0
-18.6686,30.0689,331.5,2023-10-09,735,D,0
-18.6706,30.0812,326.8,2023-10-09,735,D,0
-18.9252,29.5813,327.1,2023-10-09,735,D,0
-18.9274,29.5943,343.8,2023-10-09,735,D,0
-20.5091,28.5121,322.4,2023-10-09,736,D,0
-20.4053,29.8018,327.4,2023-10-09,1212,D,0
-19.9892,31.3435,331.0,2023-10-09,1212,D,0
-20.3675,28.566,341.9,2023-10-09,1212,D,0
-20.3689,28.5566,331.4,2023-10-09,1212,D,0
-20.03,29.5464,333.2,2023-10-09,1212,D,0
-20.0195,29.5546,334.3,2023-10-09,1212,D,0
-20.021,29.5449,340.5,2023-10-09,1212,D,0
-20.4144,29.8033,342.2,2023-10-09,1212,D,0
-19.7509,30.2752,339.3,2023-10-09,1212,D,0
-19.7525,30.265,369.2,2023-10-09,1212,D,0
-19.754,30.2548,330.8,2023-10-09,1212,D,0
-19.5562,31.2337,328.9,2023-10-09,1212,D,0
-19.8534,29.2472,332.2,2023-10-09,1212,D,0
-19.6732,30.3081,330.4,2023-10-09,1212,D,0
-19.7493,30.2854,334.6,2023-10-09,1212,D,0
-17.3061,28.6547,336.7,2023-10-09,1213,D,0
-16.9698,31.6841,333.3,2023-10-09,1213,D,0
-17.1329,30.4303,336.6,2023-10-09,1213,D,0
-17.1292,30.4352,332.9,2023-10-09,1213,D,0
-17.1197,30.4334,333.5,2023-10-09,1213,D,0
-16.9803,31.0588,327.8,2023-10-09,1213,D,0
-16.9704,31.057,334.8,2023-10-09,1213,D,0
-17.369,28.2971,331.8,2023-10-09,1213,D,0
-17.3075,28.6452,336.2,2023-10-09,1213,D,0
-17.2972,28.6532,338.6,2023-10-09,1213,D,0
-17.2985,28.6438,341.3,2023-10-09,1213,D,0
-17.096,29.9238,329.2,2023-10-09,1213,D,0
-17.2736,28.688,343.0,2023-10-09,1213,D,0
-17.275,28.6786,344.8,2023-10-09,1213,D,0
-16.8799,31.1683,327.8,2023-10-09,1213,D,0
-17.0235,30.2659,329.1,2023-10-09,1213,D,0
-17.1755,29.2803,338.7,2023-10-09,1213,D,0
-16.9216,30.5959,338.2,2023-10-09,1213,D,0
-16.9208,30.5903,333.8,2023-10-09,1213,D,0
-16.7626,31.5235,332.8,2023-10-09,1213,D,0
-16.7523,31.5217,334.9,2023-10-09,1213,D,0
-16.9414,30.2681,339.7,2023-10-09,1213,D,0
-16.7065,31.672,332.7,2023-10-09,1213,D,0
-16.9302,30.2773,344.0,2023-10-09,1213,D,0
-16.9319,30.2666,335.7,2023-10-09,1213,D,0
-16.6961,31.6702,341.9,2023-10-09,1213,D,0
-16.6982,31.6572,332.4,2023-10-09,1213,D,0
-16.8887,30.4156,327.5,2023-10-09,1213,D,0
-16.8369,30.5532,328.1,2023-10-09,1213,D,0
-16.8387,30.5422,338.9,2023-10-09,1213,D,0
-16.8348,30.546,333.2,2023-10-09,1213,D,0
-16.723,31.1906,335.6,2023-10-09,1213,D,0
-16.5124,32.3497,328.2,2023-10-09,1213,D,0
-16.6047,31.6597,338.2,2023-10-09,1213,D,0
-17.0888,28.568,348.9,2023-10-09,1213,D,0
-17.0902,28.5587,337.6,2023-10-09,1213,D,0
-17.0943,28.5305,350.8,2023-10-09,1213,D,0
-17.084,28.5383,334.1,2023-10-09,1213,D,0
-17.0736,28.5462,336.0,2023-10-09,1213,D,0
-16.8686,29.8301,327.7,2023-10-09,1213,D,0
-17.0403,28.5255,332.7,2023-10-09,1213,D,0
-16.7168,30.5882,352.8,2023-10-09,1213,D,0
-16.7185,30.5773,381.0,2023-10-09,1213,D,0
-16.7513,30.3679,334.4,2023-10-09,1213,D,0
-16.753,30.357,332.7,2023-10-09,1213,D,0
-17.0062,28.6937,330.0,2023-10-09,1213,D,0
-17.0076,28.6843,331.9,2023-10-09,1213,D,0
-16.7036,30.6085,331.1,2023-10-09,1213,D,0
-16.7053,30.5975,339.6,2023-10-09,1213,D,0
-16.707,30.5866,368.5,2023-10-09,1213,D,0
-16.7088,30.5754,351.4,2023-10-09,1213,D,0
-16.7417,30.3663,341.6,2023-10-09,1213,D,0
-16.7434,30.3554,341.0,2023-10-09,1213,D,0
-16.5524,31.4863,333.4,2023-10-09,1213,D,0
-16.7871,30.0126,341.0,2023-10-09,1213,D,0
-17.0941,27.9712,332.0,2023-10-09,1213,D,0
-16.9849,28.6513,329.5,2023-10-09,1213,D,0
-16.9863,28.6418,334.1,2023-10-09,1213,D,0
-16.4668,31.8747,349.1,2023-10-09,1213,D,0
-16.4939,31.6468,335.4,2023-10-09,1213,D,0
-16.496,31.634,347.3,2023-10-09,1213,D,0
-16.4981,31.6214,330.0,2023-10-09,1213,D,0
-16.6681,30.5796,334.4,2023-10-09,1213,D,0
-16.9711,28.6202,334.0,2023-10-09,1213,D,0
-16.9725,28.6108,328.9,2023-10-09,1213,D,0
-16.4855,31.6326,330.9,2023-10-09,1213,D,0
-16.6403,30.69,328.2,2023-10-09,1213,D,0
-16.8218,29.3673,341.0,2023-10-09,1213,D,0
-16.8233,29.3574,332.4,2023-10-09,1213,D,0
-16.7018,30.0884,332.0,2023-10-09,1213,D,0
-16.7035,30.0779,329.7,2023-10-09,1213,D,0
-16.6845,30.0749,336.6,2023-10-09,1213,D,0
-16.8166,29.2158,332.2,2023-10-09,1213,D,0
-16.806,29.2241,335.1,2023-10-09,1213,D,0
-16.8075,29.2143,360.0,2023-10-09,1213,D,0
-16.8089,29.2045,335.1,2023-10-09,1213,D,0
-16.6774,29.9341,343.4,2023-10-09,1213,D,0
-16.6791,29.9236,360.7,2023-10-09,1213,D,0
-16.4192,31.4713,331.9,2023-10-09,1213,D,0
-16.64,30.1103,328.6,2023-10-09,1213,D,0
-16.8021,29.0648,341.2,2023-10-09,1213,D,0
-16.8036,29.0551,334.2,2023-10-09,1213,D,0
-16.7931,29.0632,331.5,2023-10-09,1213,D,0
-16.7945,29.0535,331.5,2023-10-09,1213,D,0
-16.5055,30.631,331.5,2023-10-09,1213,D,0
-16.4974,30.6182,364.7,2023-10-09,1213,D,0
-16.4992,30.6071,350.4,2023-10-09,1213,D,0
-16.4255,30.7398,333.4,2023-10-09,1213,D,0
-16.6152,29.5139,337.5,2023-10-09,1213,D,0
-16.6167,29.5039,351.2,2023-10-09,1213,D,0
-16.6182,29.4939,337.5,2023-10-09,1213,D,0
-16.606,29.5123,334.5,2023-10-09,1213,D,0
-16.6075,29.5023,334.8,2023-10-09,1213,D,0
-16.5161,30.0338,327.5,2023-10-09,1213,D,0
-16.3963,30.6062,331.9,2023-10-09,1213,D,0
-16.541,29.6875,328.5,2023-10-09,1213,D,0
-16.5332,29.6758,328.4,2023-10-09,1213,D,0
-16.5348,29.6655,329.9,2023-10-09,1213,D,0
-16.5736,29.4148,366.8,2023-10-09,1213,D,0
-16.5751,29.4048,354.9,2023-10-09,1213,D,0
-16.5628,29.4231,345.2,2023-10-09,1213,D,0
-16.5644,29.4132,429.1,2023-10-09,1213,D,0
-16.5659,29.4032,421.0,2023-10-09,1213,D,0
-16.3624,30.2433,338.3,2023-10-09,1213,D,0
-16.3512,30.252,332.6,2023-10-09,1213,D,0
-16.3529,30.2412,331.5,2023-10-09,1213,D,0
-16.3416,30.2504,335.0,2023-10-09,1213,D,0
-16.3433,30.2396,337.4,2023-10-09,1213,D,0
-16.2525,30.7419,337.9,2023-10-09,1213,D,0
-16.3388,30.2062,332.2,2023-10-09,1213,D,0
-16.3405,30.1957,345.7,2023-10-09,1213,D,0
-16.3421,30.1853,340.2,2023-10-09,1213,D,0
-16.2503,30.7465,333.5,2023-10-09,1213,D,0
-16.3355,30.1994,334.8,2023-10-09,1213,D,0
-16.3371,30.1888,328.1,2023-10-09,1213,D,0
-16.3167,30.1306,334.0,2023-10-09,1213,D,0
-16.4958,28.9603,336.3,2023-10-09,1213,D,0
-16.4973,28.9506,342.0,2023-10-09,1213,D,0
-16.4987,28.9409,339.4,2023-10-09,1213,D,0
-16.3038,30.1505,337.1,2023-10-09,1213,D,0
-16.3055,30.1399,363.4,2023-10-09,1213,D,0
-16.3071,30.1291,339.9,2023-10-09,1213,D,0
-16.3723,29.7094,329.5,2023-10-09,1213,D,0
-16.2976,30.1276,350.2,2023-10-09,1213,D,0
-16.2993,30.1168,366.4,2023-10-09,1213,D,0
-16.288,30.1259,336.7,2023-10-09,1213,D,0
-16.1499,30.8007,337.2,2023-10-09,1213,D,0
-16.3111,29.7941,332.9,2023-10-09,1213,D,0
-16.3144,29.7733,340.4,2023-10-09,1213,D,0
-16.3383,29.6205,334.7,2023-10-09,1213,D,0
-16.3089,29.7771,333.8,2023-10-09,1213,D,0
-16.3322,29.624,333.3,2023-10-09,1213,D,0
-16.3337,29.6138,349.5,2023-10-09,1213,D,0
-16.2409,30.1563,331.9,2023-10-09,1213,D,0
-16.3244,29.6123,334.5,2023-10-09,1213,D,0
-16.2449,30.0037,330.0,2023-10-09,1213,D,0
-16.2466,29.9931,356.2,2023-10-09,1213,D,0
-16.2482,29.9825,335.6,2023-10-09,1213,D,0
-16.3011,29.6396,353.8,2023-10-09,1213,D,0
-16.3027,29.6295,347.1,2023-10-09,1213,D,0
-16.2371,29.9916,335.2,2023-10-09,1213,D,0
-16.2918,29.6381,350.5,2023-10-09,1213,D,0
-16.2934,29.628,330.7,2023-10-09,1213,D,0
-16.2391,29.916,328.2,2023-10-09,1213,D,0
-16.273,29.6977,339.0,2023-10-09,1213,D,0
-16.4022,28.8506,335.6,2023-10-09,1213,D,0
-16.3656,29.0313,357.0,2023-10-09,1213,D,0
-16.3565,29.0297,333.0,2023-10-09,1213,D,0
-16.068,30.8045,340.6,2023-10-09,1213,D,0
-16.0699,30.7927,337.8,2023-10-09,1213,D,0
-16.3474,29.0281,358.4,2023-10-09,1213,D,0
-16.0448,30.6866,333.6,2023-10-09,1213,D,0
-16.0467,30.6751,333.9,2023-10-09,1213,D,0
-16.3092,28.9755,334.6,2023-10-09,1213,D,0
-16.3106,28.9661,331.1,2023-10-09,1213,D,0
-16.0621,30.5143,337.4,2023-10-09,1213,D,0
-19.7369,29.7737,326.8,2023-10-09,1213,D,0
-19.7384,29.7639,328.9,2023-10-09,1213,D,0
-19.5054,31.1779,332.3,2023-10-09,1213,D,0
-19.655,30.2419,328.3,2023-10-09,1213,D,0
-19.7278,29.7722,340.3,2023-10-09,1213,D,0
-19.7293,29.7623,346.3,2023-10-09,1213,D,0
-19.5013,31.1819,325.8,2023-10-09,1213,D,0
-19.5031,31.1708,328.7,2023-10-09,1213,D,0
-19.4553,31.4082,332.7,2023-10-09,1213,D,0
-19.6097,30.364,330.8,2023-10-09,1213,D,0
-19.4572,31.2085,331.1,2023-10-09,1213,D,0
-19.4861,30.5706,336.7,2023-10-09,1213,D,0
-19.4355,30.2363,329.9,2023-10-09,1213,D,0
-19.2977,31.0519,330.8,2023-10-09,1213,D,0
-19.2863,31.0612,359.2,2023-10-09,1213,D,0
-19.2881,31.0501,342.4,2023-10-09,1213,D,0
-19.304,30.4937,327.9,2023-10-09,1213,D,0
-19.1312,31.3306,338.3,2023-10-09,1213,D,0
-19.3198,30.1472,342.4,2023-10-09,1213,D,0
-19.1213,31.3288,338.1,2023-10-09,1213,D,0
-19.2235,30.6969,336.8,2023-10-09,1213,D,0
-19.2659,30.3694,333.4,2023-10-09,1213,D,0
-19.2675,30.359,331.9,2023-10-09,1213,D,0
-19.5116,28.6245,333.5,2023-10-09,1213,D,0
-19.2767,29.764,331.5,2023-10-09,1213,D,0
-19.1769,30.3097,330.9,2023-10-09,1213,D,0
-19.1785,30.2994,332.5,2023-10-09,1213,D,0
-19.1428,30.2826,338.8,2023-10-09,1213,D,0
-18.8958,31.7651,327.3,2023-10-09,1213,D,0
-18.857,31.8734,331.2,2023-10-09,1213,D,0
-18.8267,31.8096,331.0,2023-10-09,1213,D,0
-18.6653,32.7185,325.9,2023-10-09,1213,D,0
-18.6677,32.7046,333.8,2023-10-09,1213,D,0
-18.6568,32.7027,328.1,2023-10-09,1213,D,0
-18.7942,31.8804,359.9,2023-10-09,1213,D,0
-18.7963,31.8678,331.1,2023-10-09,1213,D,0
-18.9645,30.7644,340.8,2023-10-09,1213,D,0
-18.9662,30.7537,334.1,2023-10-09,1213,D,0
-18.807,31.3657,326.5,2023-10-09,1213,D,0
-18.7971,31.3639,362.2,2023-10-09,1213,D,0
-19.1122,29.1515,347.9,2023-10-09,1213,D,0
-18.7969,31.1149,347.9,2023-10-09,1213,D,0
-18.7988,31.1035,344.6,2023-10-09,1213,D,0
-18.8899,30.1251,333.3,2023-10-09,1213,D,0
-18.9316,29.6098,333.0,2023-10-09,1213,D,0
-18.9331,29.6,336.3,2023-10-09,1213,D,0
-18.9346,29.5903,335.6,2023-10-09,1213,D,0
-18.6103,31.378,337.9,2023-10-09,1213,D,0
-18.8887,29.5969,337.6,2023-10-09,1213,D,0
-18.8902,29.5871,342.0,2023-10-09,1213,D,0
-18.6304,31.1901,336.3,2023-10-09,1213,D,0
-18.7253,30.5936,333.0,2023-10-09,1213,D,0
-18.6414,30.8121,332.2,2023-10-09,1213,D,0
-18.6971,30.365,360.1,2023-10-09,1213,D,0
-18.7677,29.7821,334.6,2023-10-09,1213,D,0
-18.6859,30.0671,334.9,2023-10-09,1213,D,0
-18.2807,32.4172,341.9,2023-10-09,1213,D,0
-18.283,32.4038,354.8,2023-10-09,1213,D,0
-18.2782,32.4114,353.1,2023-10-09,1213,D,0
-18.2804,32.3979,335.3,2023-10-09,1213,D,0
-18.6257,29.9264,331.6,2023-10-09,1213,D,0
-18.128,32.8362,330.0,2023-10-09,1213,D,0
-18.2064,32.3165,339.9,2023-10-09,1213,D,0
-18.1245,32.8439,328.2,2023-10-09,1213,D,0
-18.2021,32.3088,333.4,2023-10-09,1213,D,0
-18.1572,32.513,332.7,2023-10-09,1213,D,0
-18.1595,32.4993,331.5,2023-10-09,1213,D,0
-18.4896,30.3273,335.9,2023-10-09,1213,D,0
-18.2051,31.901,327.5,2023-10-09,1213,D,0
-18.2828,31.4324,333.7,2023-10-09,1213,D,0
-18.2285,31.6977,336.9,2023-10-09,1213,D,0
-18.5471,29.6509,333.6,2023-10-09,1213,D,0
-18.2896,31.1393,342.6,2023-10-09,1213,D,0
-18.2839,30.9865,332.5,2023-10-09,1213,D,0
-18.1043,31.9563,333.7,2023-10-09,1213,D,0
-18.1569,31.6405,328.1,2023-10-09,1213,D,0
-18.396,30.1562,334.0,2023-10-09,1213,D,0
-18.3976,30.146,335.4,2023-10-09,1213,D,0
-18.1155,31.8258,330.8,2023-10-09,1213,D,0
-18.1198,31.8003,333.1,2023-10-09,1213,D,0
-18.7989,27.3728,367.8,2023-10-09,1213,D,0
-18.8002,27.3633,347.9,2023-10-09,1213,D,0
-18.1649,31.4665,371.5,2023-10-09,1213,D,0
-18.7898,27.3714,333.8,2023-10-09,1213,D,0
-18.1639,31.4719,351.7,2023-10-09,1213,D,0
-18.1658,31.4599,342.2,2023-10-09,1213,D,0
-18.1725,31.2903,328.1,2023-10-09,1213,D,0
-17.9786,32.4105,335.6,2023-10-09,1213,D,0
-17.9951,32.0513,331.5,2023-10-09,1213,D,0
-18.0218,31.8286,337.3,2023-10-09,1213,D,0
-18.2443,30.4668,331.5,2023-10-09,1213,D,0
-17.9876,31.9685,346.7,2023-10-09,1213,D,0
-17.9898,31.9556,347.0,2023-10-09,1213,D,0
-17.9933,31.9638,337.0,2023-10-09,1213,D,0
-18.366,29.5821,337.0,2023-10-09,1213,D,0
-17.9829,31.9621,344.6,2023-10-09,1213,D,0
-18.3569,29.5805,331.9,2023-10-09,1213,D,0
-18.0949,30.9517,335.1,2023-10-09,1213,D,0
-18.1889,30.2996,336.3,2023-10-09,1213,D,0
-17.8417,32.3519,334.6,2023-10-09,1213,D,0
-17.9583,31.4111,328.3,2023-10-09,1213,D,0
-17.9871,31.2325,346.7,2023-10-09,1213,D,0
-17.8494,32.0121,351.0,2023-10-09,1213,D,0
-17.8516,31.9989,343.4,2023-10-09,1213,D,0
-17.9463,31.4213,329.7,2023-10-09,1213,D,0
-17.9734,31.2541,332.7,2023-10-09,1213,D,0
-18.068,30.2019,337.7,2023-10-09,1213,D,0
-17.9387,30.8998,335.2,2023-10-09,1213,D,0
-17.9405,30.8887,362.9,2023-10-09,1213,D,0
-17.969,30.4002,335.9,2023-10-09,1213,D,0
-17.9707,30.3897,338.9,2023-10-09,1213,D,0
-17.9632,30.4036,338.5,2023-10-09,1213,D,0
-17.9649,30.393,363.7,2023-10-09,1213,D,0
-17.9665,30.3824,339.0,2023-10-09,1213,D,0
-18.035,29.9368,332.1,2023-10-09,1213,D,0
-17.7227,31.8555,346.3,2023-10-09,1213,D,0
-17.7971,31.3947,332.3,2023-10-09,1213,D,0
-17.9537,30.4019,375.3,2023-10-09,1213,D,0
-17.9554,30.3913,352.3,2023-10-09,1213,D,0
-17.9911,30.1607,332.7,2023-10-09,1213,D,0
-18.0258,29.9352,343.6,2023-10-09,1213,D,0
-17.6981,31.7459,328.3,2023-10-09,1213,D,0
-17.7002,31.7333,327.8,2023-10-09,1213,D,0
-17.7208,31.6077,329.0,2023-10-09,1213,D,0
-17.7229,31.5954,344.2,2023-10-09,1213,D,0
-17.9275,30.0757,335.2,2023-10-09,1213,D,0
-17.9264,30.0486,338.1,2023-10-09,1213,D,0
-17.928,30.0384,342.7,2023-10-09,1213,D,0
-17.9171,30.047,334.5,2023-10-09,1213,D,0
-17.9186,30.0368,362.4,2023-10-09,1213,D,0
-17.5258,32.297,326.5,2023-10-09,1213,D,0
-17.9435,29.6885,337.5,2023-10-09,1213,D,0
-17.6979,30.9374,332.1,2023-10-09,1213,D,0
-17.5659,31.6193,333.0,2023-10-09,1213,D,0
-17.6207,31.2152,328.5,2023-10-09,1213,D,0
-18.1857,27.2822,328.3,2023-10-09,1213,D,0
-17.7219,30.1171,353.3,2023-10-09,1213,D,0
-17.7235,30.1067,412.3,2023-10-09,1213,D,0
-17.7251,30.0963,352.6,2023-10-09,1213,D,0
-17.6297,30.4586,332.8,2023-10-09,1213,D,0
-17.6202,30.457,331.3,2023-10-09,1213,D,0
-17.489,31.2102,362.9,2023-10-09,1213,D,0
-17.4909,31.1985,341.3,2023-10-09,1213,D,0
-17.479,31.2084,332.5,2023-10-09,1213,D,0
-17.6639,29.8902,336.7,2023-10-09,1213,D,0
-17.4476,31.2081,351.5,2023-10-09,1213,D,0
-17.4494,31.1968,355.4,2023-10-09,1213,D,0
-17.6182,30.1245,332.0,2023-10-09,1213,D,0
-17.4241,31.2905,331.9,2023-10-09,1213,D,0
-17.6922,29.3344,346.8,2023-10-09,1213,D,0
-17.5065,30.464,332.7,2023-10-09,1213,D,0
-18.1275,26.2313,332.4,2023-10-09,1213,D,0
-18.1289,26.2211,342.4,2023-10-09,1213,D,0
-17.4936,30.4008,329.9,2023-10-09,1213,D,0
-17.5552,30.002,329.5,2023-10-09,1213,D,0
-17.3437,31.2216,330.5,2023-10-09,1213,D,0
-17.322,31.2919,340.2,2023-10-09,1213,D,0
-17.324,31.2797,331.8,2023-10-09,1213,D,0
-17.2281,31.7372,337.4,2023-10-09,1213,D,0
-17.2302,31.7246,328.9,2023-10-09,1213,D,0
-17.3617,30.7951,332.4,2023-10-09,1213,D,0
-17.3635,30.7838,326.8,2023-10-09,1213,D,0
-17.9984,26.442,340.2,2023-10-09,1213,D,0
-18.0025,26.4122,342.6,2023-10-09,1213,D,0
-18.0038,26.4023,342.0,2023-10-09,1213,D,0
-17.9811,26.4431,333.4,2023-10-09,1213,D,0
-17.1968,31.4257,332.0,2023-10-09,1213,D,0
-17.0884,32.0164,345.6,2023-10-09,1213,D,0
-17.1032,31.7348,331.7,2023-10-09,1213,D,0
-17.6535,28.1739,335.8,2023-10-09,1213,D,0
-17.1028,31.5707,335.1,2023-10-09,1213,D,0
-17.0904,31.5815,332.0,2023-10-09,1213,D,0
-17.0925,31.5688,333.7,2023-10-09,1213,D,0
-17.0865,31.3496,344.8,2023-10-09,1213,D,0
-17.0743,31.3601,335.2,2023-10-09,1213,D,0
-17.0764,31.3476,331.5,2023-10-09,1213,D,0
-17.1367,30.9718,327.5,2023-10-09,1213,D,0
-17.2768,30.0094,364.1,2023-10-09,1213,D,0
-17.2784,29.9991,383.3,2023-10-09,1213,D,0
-17.2674,30.0078,327.0,2023-10-09,1213,D,0
-16.9802,31.686,330.1,2023-10-09,1213,D,0
-15.7758,30.1778,343.7,2023-10-09,1214,D,0
-15.7775,30.1671,339.2,2023-10-09,1214,D,0
-15.7464,30.2391,328.9,2023-10-09,1214,D,0
-18.1298,32.8326,307.5,2023-10-09,1945,N,0
-19.438,30.219,301.7,2023-10-09,1945,N,0
-18.1284,32.8444,306.2,2023-10-09,1945,N,0
-18.642,32.1135,309.4,2023-10-09,1945,N,0
-17.0114,31.1158,307.2,2023-10-09,1946,N,0
-17.1235,30.4468,306.8,2023-10-09,1946,N,0
-16.988,31.695,315.4,2023-10-09,1946,N,0
-16.2851,30.1765,308.5,2023-10-09,1946,N,0
-16.2924,30.172,308.9,2023-10-09,1946,N,0
-17.1579,30.2527,302.6,2023-10-09,1946,N,0
-16.2991,30.1603,309.9,2023-10-09,1946,N,0
-16.3132,30.1438,314.6,2023-10-09,1946,N,0
-16.3253,30.1455,309.4,2023-10-09,1946,N,0
-16.5779,29.4002,304.7,2023-10-09,1946,N,0
-16.9135,30.4775,306.2,2023-10-09,1946,N,0
-16.8833,30.9451,303.0,2023-10-09,1946,N,0
-18.121,32.8421,306.5,2023-10-09,2305,N,0
-18.1205,32.8374,300.3,2023-10-09,2305,N,0
-16.3444,29.0229,327.9,2023-10-10,815,D,0
-16.0958,30.7331,337.2,2023-10-10,815,D,0
-17.0409,28.5383,326.7,2023-10-10,815,D,0
-17.0279,28.5245,324.2,2023-10-10,815,D,0
-16.9738,28.6462,331.0,2023-10-10,815,D,0
-16.9684,28.6006,326.3,2023-10-10,815,D,0
-16.9431,30.3051,326.9,2023-10-10,815,D,0
-16.9408,30.2843,323.6,2023-10-10,815,D,0
-16.944,30.311,324.3,2023-10-10,815,D,0
-16.9416,30.29,328.3,2023-10-10,815,D,0
-16.9785,31.6932,327.6,2023-10-10,815,D,0
-16.7938,30.1327,325.9,2023-10-10,815,D,0
-16.7179,29.9077,328.2,2023-10-10,815,D,0
-16.7156,29.9135,328.9,2023-10-10,815,D,0
-16.69,30.5925,325.1,2023-10-10,815,D,0
-16.4723,29.0362,332.0,2023-10-10,815,D,0
-16.4607,29.0372,327.7,2023-10-10,815,D,0
-16.4473,29.0222,343.0,2023-10-10,815,D,0
-16.4503,29.0277,337.0,2023-10-10,815,D,0
-16.5757,31.4522,321.8,2023-10-10,815,D,0
-16.2937,28.9722,322.6,2023-10-10,815,D,0
-16.284,30.1176,324.5,2023-10-10,815,D,0
-16.1061,30.7265,325.0,2023-10-10,815,D,0
-16.093,30.7279,329.0,2023-10-10,815,D,0
-17.9737,26.456,327.7,2023-10-10,815,D,0
-18.2603,30.2351,322.0,2023-10-10,815,D,0
-18.3873,32.6826,328.9,2023-10-10,815,D,0
-17.9231,30.2345,328.0,2023-10-10,815,D,0
-17.8024,29.8413,322.8,2023-10-10,815,D,0
-17.801,29.8469,322.2,2023-10-10,815,D,0
-17.7319,30.6385,342.4,2023-10-10,815,D,0
-17.7363,30.6437,343.0,2023-10-10,815,D,0
-17.4971,30.1469,325.8,2023-10-10,815,D,0
-17.5298,30.546,322.5,2023-10-10,815,D,0
-18.0101,26.4277,332.0,2023-10-10,816,D,0
-19.7762,30.363,341.6,2023-10-10,816,D,0
-19.7815,30.3691,326.5,2023-10-10,816,D,0
-19.7791,30.3463,322.7,2023-10-10,816,D,0
-19.7681,30.3705,332.0,2023-10-10,816,D,0
-19.7656,30.3477,323.6,2023-10-10,816,D,0
-19.5936,29.8387,337.4,2023-10-10,816,D,0
-19.5807,29.84,323.7,2023-10-10,816,D,0
-19.3907,28.7258,323.0,2023-10-10,816,D,0
-19.064,30.6288,332.3,2023-10-10,816,D,0
-19.0617,30.6056,332.9,2023-10-10,816,D,0
-19.0679,30.6116,327.9,2023-10-10,816,D,0
-19.0568,30.6365,329.1,2023-10-10,816,D,0
-19.0543,30.6131,331.4,2023-10-10,816,D,0
-18.7142,30.1094,325.2,2023-10-10,816,D,0
-18.6055,32.732,322.0,2023-10-10,1116,D,0
-17.6782,31.4453,322.4,2023-10-10,1117,D,0
-17.6771,31.4372,323.6,2023-10-10,1117,D,0
-18.5845,27.3106,327.8,2023-10-10,1254,D,0
-18.5914,27.277,327.3,2023-10-10,1254,D,0
-18.5927,27.3076,330.4,2023-10-10,1254,D,0
-18.5993,27.2739,326.1,2023-10-10,1254,D,0
-16.963,28.5707,332.7,2023-10-10,1255,D,0
-16.9636,28.5629,328.7,2023-10-10,1255,D,0
-18.0237,26.4234,330.6,2023-10-10,1255,D,0
-18.012,26.4161,330.7,2023-10-10,1255,D,0
-19.9439,32.6362,303.5,2023-10-10,2025,N,0
-19.581,30.3458,301.1,2023-10-10,2026,N,0
-19.2659,30.2083,317.5,2023-10-10,2026,N,0
-16.9614,28.5737,312.9,2023-10-10,2026,N,0
-16.9608,28.6412,312.2,2023-10-10,2026,N,0
-16.9474,29.1826,312.1,2023-10-10,2026,N,0
-19.4127,27.807,310.3,2023-10-10,2026,N,0
-16.6871,30.8274,303.4,2023-10-10,2026,N,0
-16.9481,29.1769,307.8,2023-10-10,2026,N,0
-17.3056,29.8832,317.0,2023-10-10,2026,N,0
-18.2736,29.934,308.4,2023-10-10,2026,N,0
-18.2757,29.9214,306.3,2023-10-10,2026,N,0
-17.9161,30.7224,313.2,2023-10-10,2026,N,0
-17.7401,30.7379,304.3,2023-10-10,2026,N,0
-18.3724,26.4732,313.2,2023-10-10,2026,N,0
-16.4666,29.0457,313.4,2023-10-10,2027,N,0
-16.3116,30.1576,309.1,2023-10-10,2027,N,0
-16.3094,30.1714,306.3,2023-10-10,2027,N,0
-17.6701,30.9536,312.8,2023-10-10,2347,N,0
-18.3689,26.4775,307.7,2023-10-10,2347,N,0
-18.9918,30.2913,308.0,2023-10-10,2347,N,0
-19.459,31.4723,300.7,2023-10-10,2347,N,0
-19.757,30.8232,301.4,2023-10-10,2347,N,0
-16.3264,29.9319,307.9,2023-10-10,2347,N,0
-16.8236,30.7,307.0,2023-10-10,2347,N,0
-16.9125,30.7399,311.0,2023-10-10,2347,N,0
-17.2682,31.4292,300.4,2023-10-10,2347,N,0
-17.2697,31.4396,307.6,2023-10-10,2347,N,0
-16.9642,28.6535,304.2,2023-10-10,2347,N,0
-17.0788,29.4167,305.8,2023-10-10,2347,N,0
-17.5706,31.4443,300.8,2023-10-10,2347,N,0
-16.8531,31.25,321.1,2023-10-11,718,D,0
-18.9885,30.3022,320.8,2023-10-11,718,D,0
-19.0809,32.8434,323.2,2023-10-11,718,D,0
-18.1127,31.0703,339.1,2023-10-11,718,D,0
-17.8102,29.7415,321.6,2023-10-11,718,D,0
-17.8035,29.7224,320.2,2023-10-11,718,D,0
-18.3058,32.6981,320.1,2023-10-11,718,D,0
-17.9192,30.7369,322.6,2023-10-11,718,D,0
-17.8864,30.6092,319.8,2023-10-11,718,D,0
-17.9956,32.7776,321.9,2023-10-11,718,D,0
-17.5307,30.5571,319.5,2023-10-11,718,D,0
-17.5264,30.5334,362.1,2023-10-11,718,D,0
-17.4585,30.2784,322.0,2023-10-11,718,D,0
-17.1259,30.7898,320.4,2023-10-11,718,D,0
-17.1218,30.7673,319.3,2023-10-11,718,D,0
-16.5186,30.7265,322.9,2023-10-11,718,D,0
-16.5261,30.7318,322.6,2023-10-11,718,D,0
-16.5221,30.7089,323.1,2023-10-11,718,D,0
-19.1447,29.0865,318.4,2023-10-11,719,D,0
-19.7721,30.2673,322.7,2023-10-11,719,D,0
-19.4205,27.8258,333.3,2023-10-11,719,D,0
-21.7909,30.6855,330.9,2023-10-11,1157,D,0
-21.7773,30.7156,339.3,2023-10-11,1157,D,0
-21.7787,30.705,359.9,2023-10-11,1157,D,0
-21.7801,30.6945,351.5,2023-10-11,1157,D,0
-21.7666,30.7246,345.6,2023-10-11,1157,D,0
-21.768,30.7141,370.7,2023-10-11,1157,D,0
-21.7694,30.7036,343.7,2023-10-11,1157,D,0
-21.7707,30.6931,344.3,2023-10-11,1157,D,0
-21.7558,30.7337,334.2,2023-10-11,1157,D,0
-21.7572,30.7232,378.5,2023-10-11,1157,D,0
-21.7614,30.6917,334.2,2023-10-11,1157,D,0
-21.7479,30.7218,362.2,2023-10-11,1157,D,0
-21.7385,30.7203,338.7,2023-10-11,1157,D,0
-21.1726,31.7183,339.4,2023-10-11,1157,D,0
-20.5295,30.6501,335.7,2023-10-11,1157,D,0
-20.5202,30.6488,345.0,2023-10-11,1157,D,0
-20.5216,30.6385,337.1,2023-10-11,1157,D,0
-20.1735,32.5288,327.2,2023-10-11,1157,D,0
-20.2227,32.6299,333.0,2023-10-11,1157,D,0
-20.159,32.8138,348.6,2023-10-11,1157,D,0
-21.7881,30.7065,333.4,2023-10-11,1157,D,0
-21.7895,30.696,345.8,2023-10-11,1157,D,0
-18.171,32.8615,356.9,2023-10-11,1158,D,0
-20.2133,31.6054,336.7,2023-10-11,1158,D,0
-20.2813,30.848,332.0,2023-10-11,1158,D,0
-20.0062,32.6007,349.3,2023-10-11,1158,D,0
-20.1356,31.7005,330.7,2023-10-11,1158,D,0
-20.1665,31.4803,326.3,2023-10-11,1158,D,0
-19.9518,32.7219,335.7,2023-10-11,1158,D,0
-20.1339,31.1225,356.6,2023-10-11,1158,D,0
-20.1352,31.1127,333.2,2023-10-11,1158,D,0
-20.0072,30.6339,333.9,2023-10-11,1158,D,0
-20.0005,30.6264,331.0,2023-10-11,1158,D,0
-20.1351,29.4028,330.9,2023-10-11,1158,D,0
-19.8726,30.2179,342.9,2023-10-11,1158,D,0
-19.8632,30.2165,334.1,2023-10-11,1158,D,0
-19.7744,30.3823,349.4,2023-10-11,1158,D,0
-19.7757,30.372,344.9,2023-10-11,1158,D,0
-19.728,30.6079,330.3,2023-10-11,1158,D,0
-19.7294,30.5978,337.7,2023-10-11,1158,D,0
-19.5302,31.2325,341.4,2023-10-11,1158,D,0
-19.6391,30.2343,329.9,2023-10-11,1158,D,0
-19.6297,30.2329,329.4,2023-10-11,1158,D,0
-19.6166,30.1887,332.7,2023-10-11,1158,D,0
-19.6179,30.1784,333.1,2023-10-11,1158,D,0
-19.4088,31.5103,331.0,2023-10-11,1158,D,0
-19.4102,31.5008,335.0,2023-10-11,1158,D,0
-19.4508,30.5473,328.2,2023-10-11,1158,D,0
-19.4521,30.5373,336.7,2023-10-11,1158,D,0
-19.4526,30.4654,328.6,2023-10-11,1158,D,0
-19.256,31.5473,333.4,2023-10-11,1158,D,0
-19.5913,28.8819,335.3,2023-10-11,1158,D,0
-19.2744,31.0267,330.9,2023-10-11,1158,D,0
-19.4716,29.5731,333.0,2023-10-11,1158,D,0
-19.0756,32.1678,338.7,2023-10-11,1158,D,0
-19.0769,32.1585,334.2,2023-10-11,1158,D,0
-19.055,32.1837,335.3,2023-10-11,1158,D,0
-19.1382,31.4679,327.0,2023-10-11,1158,D,0
-19.5115,28.6334,331.1,2023-10-11,1158,D,0
-19.1704,31.0433,377.8,2023-10-11,1158,D,0
-19.1717,31.0336,377.9,2023-10-11,1158,D,0
-19.1613,31.0419,340.3,2023-10-11,1158,D,0
-19.1627,31.0322,335.2,2023-10-11,1158,D,0
-19.2754,30.2083,332.9,2023-10-11,1158,D,0
-18.8801,32.5571,332.7,2023-10-11,1158,D,0
-19.3813,28.6977,334.8,2023-10-11,1158,D,0
-18.9485,31.6445,331.3,2023-10-11,1158,D,0
-18.7887,32.3615,339.6,2023-10-11,1158,D,0
-18.7694,32.368,334.1,2023-10-11,1158,D,0
-19.0322,30.5094,336.4,2023-10-11,1158,D,0
-19.0335,30.4994,339.8,2023-10-11,1158,D,0
-19.023,30.508,332.4,2023-10-11,1158,D,0
-19.0243,30.4981,334.3,2023-10-11,1158,D,0
-18.794,32.0109,333.9,2023-10-11,1158,D,0
-18.8688,30.6339,330.1,2023-10-11,1158,D,0
-18.6855,31.8045,336.5,2023-10-11,1158,D,0
-18.6869,31.7951,333.2,2023-10-11,1158,D,0
-18.5146,32.2888,332.8,2023-10-11,1158,D,0
-18.818,30.1296,331.7,2023-10-11,1158,D,0
-18.4649,32.2452,333.7,2023-10-11,1158,D,0
-18.4673,31.9773,328.8,2023-10-11,1158,D,0
-18.4903,31.5635,327.5,2023-10-11,1158,D,0
-18.5538,30.5172,333.5,2023-10-11,1158,D,0
-18.545,30.5194,328.3,2023-10-11,1158,D,0
-18.18,32.8631,333.0,2023-10-11,1158,D,0
-18.1815,32.8534,345.9,2023-10-11,1158,D,0
-18.1724,32.852,365.2,2023-10-11,1158,D,0
-18.2399,32.398,330.6,2023-10-11,1158,D,0
-18.4756,30.549,339.9,2023-10-11,1158,D,0
-18.5253,29.0944,333.1,2023-10-11,1158,D,0
-18.2255,31.2241,327.1,2023-10-11,1158,D,0
-18.2027,30.9333,328.6,2023-10-11,1158,D,0
-18.4389,29.1337,331.5,2023-10-11,1158,D,0
-18.1779,30.9782,328.6,2023-10-11,1158,D,0
-18.4292,29.1323,330.2,2023-10-11,1158,D,0
-17.885,32.8068,327.0,2023-10-11,1158,D,0
-18.0499,31.6221,340.2,2023-10-11,1158,D,0
-18.0512,31.6128,333.8,2023-10-11,1158,D,0
-18.037,31.6487,328.5,2023-10-11,1158,D,0
-17.9543,31.4512,334.4,2023-10-11,1158,D,0
-18.0455,30.8089,336.3,2023-10-11,1158,D,0
-17.9453,31.4498,329.0,2023-10-11,1158,D,0
-17.9467,31.4404,328.1,2023-10-11,1158,D,0
-18.1022,30.1992,332.1,2023-10-11,1158,D,0
-17.9207,31.3023,353.4,2023-10-11,1158,D,0
-17.922,31.293,350.1,2023-10-11,1158,D,0
-17.81,31.7461,326.4,2023-10-11,1158,D,0
-17.9384,30.6485,334.3,2023-10-11,1158,D,0
-18.0501,29.5455,336.1,2023-10-11,1158,D,0
-17.9775,30.0199,335.6,2023-10-11,1158,D,0
-17.9709,30.0236,331.5,2023-10-11,1158,D,0
-17.7617,31.4465,352.2,2023-10-11,1158,D,0
-17.7631,31.4372,362.6,2023-10-11,1158,D,0
-17.8809,30.6043,327.7,2023-10-11,1158,D,0
-17.9709,29.5281,333.6,2023-10-11,1158,D,0
-17.8306,30.3015,337.4,2023-10-11,1158,D,0
-17.7424,30.4678,339.7,2023-10-11,1158,D,0
-17.8088,29.7266,332.6,2023-10-11,1158,D,0
-17.8499,29.4222,330.7,2023-10-11,1158,D,0
-17.8513,29.4115,339.3,2023-10-11,1158,D,0
-17.7785,29.8793,348.4,2023-10-11,1158,D,0
-17.7799,29.8691,336.7,2023-10-11,1158,D,0
-17.7994,29.7251,333.4,2023-10-11,1158,D,0
-17.6235,29.9218,332.7,2023-10-11,1158,D,0
-17.5242,30.5252,346.6,2023-10-11,1158,D,0
-17.5256,30.5156,340.8,2023-10-11,1158,D,0
-18.0381,26.4228,336.9,2023-10-11,1158,D,0
-18.04,26.4063,349.7,2023-10-11,1158,D,0
-18.042,26.3898,338.1,2023-10-11,1158,D,0
-17.3235,31.7427,345.9,2023-10-11,1158,D,0
-17.3248,31.7334,334.2,2023-10-11,1158,D,0
-18.0263,26.4214,334.2,2023-10-11,1158,D,0
-18.0283,26.405,333.9,2023-10-11,1158,D,0
-17.6608,29.0955,336.6,2023-10-11,1158,D,0
-17.6623,29.0845,360.5,2023-10-11,1158,D,0
-17.6637,29.0735,333.2,2023-10-11,1158,D,0
-17.9856,26.4658,334.2,2023-10-11,1158,D,0
-17.3213,31.5046,352.9,2023-10-11,1158,D,0
-17.6512,29.0941,332.9,2023-10-11,1158,D,0
-17.6526,29.0831,337.8,2023-10-11,1158,D,0
-17.2775,31.7449,327.7,2023-10-11,1158,D,0
-17.2788,31.7356,327.4,2023-10-11,1158,D,0
-17.5212,30.0037,333.2,2023-10-11,1158,D,0
-17.2363,31.8933,326.8,2023-10-11,1158,D,0
-17.504,30.0047,326.7,2023-10-11,1158,D,0
-17.3181,31.1353,328.6,2023-10-11,1158,D,0
-17.4364,30.0861,369.8,2023-10-11,1158,D,0
-17.4378,30.0762,335.8,2023-10-11,1158,D,0
-17.3286,30.8009,326.2,2023-10-11,1158,D,0
-17.2228,31.4824,330.3,2023-10-11,1158,D,0
-17.46,29.7714,333.4,2023-10-11,1158,D,0
-17.2505,31.2241,327.9,2023-10-11,1158,D,0
-17.2518,31.2147,330.0,2023-10-11,1158,D,0
-17.2712,30.9498,357.2,2023-10-11,1158,D,0
-17.2725,30.9404,359.3,2023-10-11,1158,D,0
-17.2739,30.931,335.4,2023-10-11,1158,D,0
-17.2622,30.9484,333.8,2023-10-11,1158,D,0
-17.0961,31.9128,328.0,2023-10-11,1158,D,0
-17.3541,29.6178,332.0,2023-10-11,1158,D,0
-17.2044,30.4375,329.4,2023-10-11,1158,D,0
-17.1205,30.7799,337.3,2023-10-11,1158,D,0
-17.1803,30.2207,326.6,2023-10-11,1158,D,0
-17.2183,29.6659,326.4,2023-10-11,1158,D,0
-16.7534,32.8518,333.9,2023-10-11,1158,D,0
-17.1018,30.3208,333.0,2023-10-11,1158,D,0
-17.0159,30.6698,332.4,2023-10-11,1158,D,0
-16.8816,30.7786,325.3,2023-10-11,1158,D,0
-16.7784,31.1762,327.6,2023-10-11,1158,D,0
-16.7797,31.1669,363.6,2023-10-11,1158,D,0
-16.781,31.1576,337.4,2023-10-11,1158,D,0
-16.6639,31.8408,353.3,2023-10-11,1158,D,0
-16.655,31.8394,343.2,2023-10-11,1158,D,0
-16.5954,31.8718,328.4,2023-10-11,1158,D,0
-16.5652,31.9526,331.3,2023-10-11,1158,D,0
-16.9651,28.6513,333.5,2023-10-11,1158,D,0
-16.4915,32.0105,330.4,2023-10-11,1158,D,0
-16.9585,28.6096,335.4,2023-10-11,1158,D,0
-16.9502,28.5962,332.2,2023-10-11,1158,D,0
-16.9518,28.5844,335.7,2023-10-11,1158,D,0
-16.47,30.3643,356.5,2023-10-11,1159,D,0
-16.4687,30.3739,348.9,2023-10-11,1159,D,0
-16.4314,31.4826,342.7,2023-10-11,1159,D,0
-16.4766,30.6465,354.7,2023-10-11,1159,D,0
-16.4663,30.6545,336.7,2023-10-11,1159,D,0
-16.4881,30.3672,327.9,2023-10-11,1159,D,0
-16.4894,30.3576,333.0,2023-10-11,1159,D,0
-16.4777,30.3753,351.4,2023-10-11,1159,D,0
-16.4791,30.3658,348.8,2023-10-11,1159,D,0
-15.7603,30.1783,326.7,2023-10-11,1159,D,0
-16.0185,30.5067,335.3,2023-10-11,1159,D,0
-16.3626,29.054,336.3,2023-10-11,1159,D,0
-16.2117,30.3746,338.1,2023-10-11,1159,D,0
-16.2221,30.3665,331.5,2023-10-11,1159,D,0
-16.2208,30.376,343.0,2023-10-11,1159,D,0
-16.2643,30.1974,335.3,2023-10-11,1159,D,0
-16.3294,29.9307,328.8,2023-10-11,1159,D,0
-16.3128,30.1713,331.3,2023-10-11,1159,D,0
-16.5002,28.9247,363.3,2023-10-11,1159,D,0
-16.4831,29.0539,333.7,2023-10-11,1159,D,0
-16.5098,28.926,365.3,2023-10-11,1159,D,0
-16.4042,29.8472,343.6,2023-10-11,1159,D,0
-16.6826,30.2231,336.5,2023-10-11,1159,D,0
-16.4029,29.857,338.5,2023-10-11,1159,D,0
-16.3263,30.4076,331.3,2023-10-11,1159,D,0
-16.4538,30.356,327.6,2023-10-11,1159,D,0
-16.4726,30.3453,341.8,2023-10-11,1159,D,0
-16.4713,30.3548,362.5,2023-10-11,1159,D,0
-16.4589,31.7958,336.8,2023-10-11,1159,D,0
-16.4674,30.3834,346.0,2023-10-11,1159,D,0
-16.6839,30.2135,341.9,2023-10-11,1159,D,0
-16.4524,30.3655,330.9,2023-10-11,1159,D,0
-16.4636,30.3439,341.1,2023-10-11,1159,D,0
-16.4623,30.3534,353.8,2023-10-11,1159,D,0
-16.461,30.3629,344.6,2023-10-11,1159,D,0
-16.9323,28.6118,304.0,2023-10-12,28,N,0
-16.9388,28.6032,308.8,2023-10-12,28,N,0
-16.942,28.6365,305.2,2023-10-12,28,N,0
-18.0145,26.4716,304.2,2023-10-12,29,N,0
-18.0183,26.4638,308.0,2023-10-12,29,N,0
-16.4963,30.5901,326.0,2023-10-12,758,D,0
-16.0256,30.4277,341.4,2023-10-12,758,D,0
-16.162,30.3637,327.4,2023-10-12,758,D,0
-16.4339,29.4451,332.4,2023-10-12,758,D,0
-16.4352,29.4548,325.8,2023-10-12,758,D,0
-16.8033,32.0216,330.9,2023-10-12,758,D,0
-16.8118,31.6157,328.4,2023-10-12,758,D,0
-16.667,30.346,335.2,2023-10-12,758,D,0
-16.6765,30.3446,329.2,2023-10-12,758,D,0
-16.5725,29.1187,337.6,2023-10-12,758,D,0
-16.9628,31.9195,324.9,2023-10-12,758,D,0
-16.8614,31.0469,330.5,2023-10-12,758,D,0
-16.9734,31.9188,329.0,2023-10-12,758,D,0
-16.8714,31.0455,327.5,2023-10-12,758,D,0
-16.9383,30.688,327.0,2023-10-12,758,D,0
-17.0225,30.4792,325.9,2023-10-12,758,D,0
-17.1091,30.4388,334.7,2023-10-12,758,D,0
-17.0444,29.879,327.5,2023-10-12,758,D,0
-17.0972,29.9868,336.1,2023-10-12,758,D,0
-16.2413,30.6688,327.8,2023-10-12,758,D,0
-16.9897,29.1397,328.7,2023-10-12,758,D,0
-16.9839,29.0329,327.9,2023-10-12,758,D,0
-16.9308,28.5902,328.5,2023-10-12,758,D,0
-16.9358,28.561,354.5,2023-10-12,758,D,0
-16.9371,28.5704,357.7,2023-10-12,758,D,0
-16.9437,28.6168,329.9,2023-10-12,758,D,0
-16.945,28.6262,327.8,2023-10-12,758,D,0
-16.6159,31.0347,325.7,2023-10-12,758,D,0
-16.6141,31.0293,328.3,2023-10-12,758,D,0
-16.5074,30.5995,338.0,2023-10-12,758,D,0
-16.5059,30.5887,350.8,2023-10-12,758,D,0
-16.3639,30.5336,324.8,2023-10-12,758,D,0
-16.3671,30.5273,325.0,2023-10-12,758,D,0
-16.5715,32.0625,325.6,2023-10-12,758,D,0
-16.3826,30.351,323.7,2023-10-12,758,D,0
-16.4432,30.6591,327.6,2023-10-12,758,D,0
-16.4978,30.601,333.2,2023-10-12,758,D,0
-19.4266,27.8249,401.2,2023-10-12,759,D,0
-17.241,30.6718,325.3,2023-10-12,759,D,0
-17.3763,31.7381,323.7,2023-10-12,759,D,0
-17.4195,31.5171,359.7,2023-10-12,759,D,0
-17.151,29.3115,337.4,2023-10-12,759,D,0
-17.3047,30.2347,324.6,2023-10-12,759,D,0
-17.3061,30.2454,348.1,2023-10-12,759,D,0
-17.3176,30.3312,343.7,2023-10-12,759,D,0
-17.319,30.342,327.7,2023-10-12,759,D,0
-17.413,30.4332,336.5,2023-10-12,759,D,0
-17.5973,31.6167,332.8,2023-10-12,759,D,0
-17.599,31.6297,327.0,2023-10-12,759,D,0
-17.6049,31.6232,326.0,2023-10-12,759,D,0
-17.2764,28.9554,333.1,2023-10-12,759,D,0
-17.2777,28.9649,337.0,2023-10-12,759,D,0
-17.6177,31.3875,326.0,2023-10-12,759,D,0
-17.4418,29.8187,327.3,2023-10-12,759,D,0
-17.8718,31.6143,343.5,2023-10-12,759,D,0
-17.8773,31.6071,331.1,2023-10-12,759,D,0
-17.8788,31.62,328.0,2023-10-12,759,D,0
-18.1085,32.0397,323.9,2023-10-12,759,D,0
-18.111,32.0328,327.6,2023-10-12,759,D,0
-17.8633,29.8221,326.4,2023-10-12,759,D,0
-17.8647,29.8328,325.5,2023-10-12,759,D,0
-17.8713,29.8103,339.9,2023-10-12,759,D,0
-17.8727,29.8208,367.7,2023-10-12,759,D,0
-17.8741,29.8315,330.2,2023-10-12,759,D,0
-17.8919,29.8928,333.1,2023-10-12,759,D,0
-17.8933,29.9034,332.7,2023-10-12,759,D,0
-17.6925,28.0571,325.7,2023-10-12,759,D,0
-17.8177,28.6818,332.0,2023-10-12,759,D,0
-17.8191,28.6913,329.1,2023-10-12,759,D,0
-18.14,30.5329,330.1,2023-10-12,759,D,0
-18.0294,29.4112,326.7,2023-10-12,759,D,0
-18.4536,31.7864,336.3,2023-10-12,759,D,0
-18.4554,31.8003,331.0,2023-10-12,759,D,0
-18.4483,31.7948,329.6,2023-10-12,759,D,0
-18.4589,31.7933,330.1,2023-10-12,759,D,0
-18.2585,30.1088,333.1,2023-10-12,759,D,0
-18.2599,30.1196,326.0,2023-10-12,759,D,0
-18.6295,32.6571,321.8,2023-10-12,759,D,0
-18.6316,32.6743,324.6,2023-10-12,759,D,0
-18.379,29.8139,334.0,2023-10-12,759,D,0
-18.3846,29.8173,328.8,2023-10-12,759,D,0
-17.9733,26.4654,335.3,2023-10-12,759,D,0
-18.0187,26.462,332.5,2023-10-12,759,D,0
-18.4538,29.1546,327.0,2023-10-12,759,D,0
-18.4551,29.1646,327.8,2023-10-12,759,D,0
-18.6235,29.9447,364.7,2023-10-12,759,D,0
-18.9537,31.0887,330.0,2023-10-12,759,D,0
-18.8462,30.1681,332.9,2023-10-12,759,D,0
-18.3716,26.478,328.3,2023-10-12,759,D,0
-18.4503,26.8163,326.5,2023-10-12,759,D,0
-18.5928,27.5986,328.1,2023-10-12,759,D,0
-18.9218,29.753,324.8,2023-10-12,759,D,0
-19.0239,30.5131,330.9,2023-10-12,759,D,0
-19.0338,30.5117,341.1,2023-10-12,759,D,0
-19.0353,30.5235,329.7,2023-10-12,759,D,0
-18.9605,29.4314,338.5,2023-10-12,759,D,0
-19.2376,31.3356,329.8,2023-10-12,759,D,0
-19.3896,29.8185,327.1,2023-10-12,759,D,0
-19.4793,30.0238,339.7,2023-10-12,759,D,0
-19.3663,28.7093,330.4,2023-10-12,759,D,0
-19.4177,27.8263,402.8,2023-10-12,759,D,0
-19.419,27.8357,408.4,2023-10-12,759,D,0
-19.4279,27.8344,396.2,2023-10-12,759,D,0
-19.9149,29.7742,326.9,2023-10-12,759,D,0
-19.8178,28.3813,326.7,2023-10-12,759,D,0
-19.8268,28.38,338.1,2023-10-12,759,D,0
-20.2421,30.0185,327.2,2023-10-12,759,D,0
-20.2434,30.0118,327.8,2023-10-12,759,D,0
-20.3155,29.9552,336.5,2023-10-12,759,D,0
-20.317,29.9666,335.5,2023-10-12,759,D,0
-20.4741,27.9448,332.1,2023-10-12,759,D,0
-20.483,27.9434,362.5,2023-10-12,759,D,0
-20.4844,27.953,365.6,2023-10-12,759,D,0
-21.8032,30.7117,328.4,2023-10-12,800,D,0
-21.3077,30.6296,343.7,2023-10-12,800,D,0
-21.7476,30.7237,361.8,2023-10-12,1239,D,0
-20.495,27.9453,332.5,2023-10-12,1239,D,0
-20.4917,27.9632,330.7,2023-10-12,1239,D,0
-20.3382,29.1454,334.6,2023-10-12,1239,D,0
-20.1052,30.4504,331.1,2023-10-12,1239,D,0
-20.1059,30.4584,328.7,2023-10-12,1239,D,0
-21.7422,30.751,343.3,2023-10-12,1239,D,0
-21.7816,30.7033,329.5,2023-10-12,1239,D,0
-21.7763,30.7306,329.2,2023-10-12,1239,D,0
-21.7959,30.7068,338.1,2023-10-12,1239,D,0
-21.7822,30.7083,334.3,2023-10-12,1239,D,0
-21.7965,30.7117,337.9,2023-10-12,1239,D,0
-20.4796,27.9609,336.1,2023-10-12,1239,D,0
-20.483,27.9428,342.5,2023-10-12,1239,D,0
-20.4887,27.9575,333.4,2023-10-12,1239,D,0
-20.4766,27.9551,340.0,2023-10-12,1239,D,0
-20.4799,27.9369,334.4,2023-10-12,1239,D,0
-19.8325,28.3844,333.1,2023-10-12,1239,D,0
-19.8209,28.3769,334.3,2023-10-12,1239,D,0
-19.5202,28.6439,332.2,2023-10-12,1239,D,0
-19.522,28.6369,331.5,2023-10-12,1239,D,0
-19.4413,27.847,343.1,2023-10-12,1239,D,0
-18.9265,30.1913,326.7,2023-10-12,1239,D,0
-19.2416,28.1581,333.0,2023-10-12,1239,D,0
-19.2371,28.1704,329.6,2023-10-12,1239,D,0
-18.6361,29.6258,336.5,2023-10-12,1239,D,0
-16.6976,30.8038,327.0,2023-10-12,1240,D,0
-16.6138,31.4786,324.8,2023-10-12,1240,D,0
-17.6923,28.0441,345.2,2023-10-12,1240,D,0
-17.6885,28.0654,339.4,2023-10-12,1240,D,0
-17.6895,28.0489,338.9,2023-10-12,1240,D,0
-17.7023,28.0516,346.9,2023-10-12,1240,D,0
-18.0384,26.4399,336.3,2023-10-12,1240,D,0
-17.5196,29.9969,329.9,2023-10-12,1240,D,0
-17.5316,30.0045,329.5,2023-10-12,1240,D,0
-18.5052,29.5903,333.2,2023-10-12,1240,D,0
-18.5035,29.5851,333.0,2023-10-12,1240,D,0
-18.8417,27.3831,344.8,2023-10-12,1240,D,0
-18.8297,27.3807,339.6,2023-10-12,1240,D,0
-17.8078,29.9275,327.6,2023-10-12,1240,D,0
-17.7891,29.8646,326.9,2023-10-12,1240,D,0
-17.5006,30.4765,361.0,2023-10-12,1240,D,0
-17.507,30.4447,337.2,2023-10-12,1240,D,0
-17.5049,30.4694,344.1,2023-10-12,1240,D,0
-16.7684,29.909,325.1,2023-10-12,1240,D,0
-16.7705,29.8839,328.5,2023-10-12,1240,D,0
-16.7648,29.9131,326.3,2023-10-12,1240,D,0
-17.4895,30.4663,351.4,2023-10-12,1240,D,0
-18.8332,27.3924,338.7,2023-10-12,1240,D,0
-17.9993,30.1372,334.3,2023-10-12,1240,D,0
-17.6212,31.614,326.7,2023-10-12,1240,D,0
-17.6165,31.6048,325.1,2023-10-12,1240,D,0
-18.4013,27.1205,334.4,2023-10-12,1240,D,0
-18.4083,27.1163,328.4,2023-10-12,1240,D,0
-17.8787,29.8046,325.2,2023-10-12,1240,D,0
-17.8076,29.9353,331.1,2023-10-12,1240,D,0
-21.7677,30.7418,319.6,2023-10-12,2008,N,0
-21.7588,30.7345,307.8,2023-10-12,2008,N,0
-21.9951,31.2861,344.8,2023-10-12,2008,N,0
-21.9938,31.2956,345.8,2023-10-12,2008,N,0
-21.9924,31.3052,316.1,2023-10-12,2008,N,0
-21.9862,31.2846,328.8,2023-10-12,2008,N,0
-21.9849,31.2941,326.9,2023-10-12,2008,N,0
-21.9835,31.3037,319.2,2023-10-12,2008,N,0
-18.93,30.6374,308.8,2023-10-12,2009,N,0
-20.5575,30.5107,310.0,2023-10-12,2009,N,0
-20.006,32.606,306.0,2023-10-12,2009,N,0
-19.9502,32.7231,301.8,2023-10-12,2009,N,0
-19.9519,32.7125,317.5,2023-10-12,2009,N,0
-19.9426,32.7105,308.1,2023-10-12,2009,N,0
-19.8921,32.852,303.9,2023-10-12,2009,N,0
-20.1342,31.1614,306.4,2023-10-12,2009,N,0
-20.4845,27.9755,300.3,2023-10-12,2009,N,0
-20.4859,27.964,310.6,2023-10-12,2009,N,0
-19.763,31.3147,307.2,2023-10-12,2009,N,0
-19.8551,29.3176,354.8,2023-10-12,2009,N,0
-19.8564,29.3077,325.1,2023-10-12,2009,N,0
-19.8448,29.326,343.7,2023-10-12,2009,N,0
-19.8461,29.3162,369.1,2023-10-12,2009,N,0
-19.8474,29.3063,317.3,2023-10-12,2009,N,0
-19.5794,30.1349,309.0,2023-10-12,2009,N,0
-19.5807,30.1254,307.3,2023-10-12,2009,N,0
-19.3723,31.2101,302.2,2023-10-12,2009,N,0
-19.332,30.9755,307.3,2023-10-12,2009,N,0
-18.9389,30.6388,309.5,2023-10-12,2009,N,0
-18.7139,32.1124,310.5,2023-10-12,2009,N,0
-18.6749,31.3839,306.1,2023-10-12,2009,N,0
-18.4102,32.118,307.2,2023-10-12,2009,N,0
-18.3995,32.1264,308.9,2023-10-12,2009,N,0
-18.401,32.1164,328.3,2023-10-12,2009,N,0
-18.415,31.8341,313.8,2023-10-12,2009,N,0
-18.4165,31.8243,309.3,2023-10-12,2009,N,0
-18.4059,31.8326,306.7,2023-10-12,2009,N,0
-18.4074,31.8227,303.9,2023-10-12,2009,N,0
-18.1764,32.8612,322.0,2023-10-12,2009,N,0
-18.1781,32.8503,318.0,2023-10-12,2009,N,0
-18.1668,32.8597,311.9,2023-10-12,2009,N,0
-18.1385,32.8265,309.5,2023-10-12,2009,N,0
-18.1273,32.8359,355.1,2023-10-12,2009,N,0
-18.129,32.8248,398.8,2023-10-12,2009,N,0
-18.1307,32.8138,305.6,2023-10-12,2009,N,0
-18.8456,27.3947,309.9,2023-10-12,2009,N,0
-18.8202,27.4381,310.2,2023-10-12,2009,N,0
-18.8216,27.4266,315.7,2023-10-12,2009,N,0
-18.8104,27.4367,322.9,2023-10-12,2009,N,0
-18.8118,27.4253,334.1,2023-10-12,2009,N,0
-18.8132,27.4137,307.6,2023-10-12,2009,N,0
-18.2618,31.3729,304.9,2023-10-12,2009,N,0
-18.2528,31.3715,302.7,2023-10-12,2009,N,0
-18.5019,29.1311,305.2,2023-10-12,2009,N,0
-17.9966,31.6733,315.4,2023-10-12,2009,N,0
-17.998,31.6635,302.8,2023-10-12,2009,N,0
-17.9875,31.6718,306.0,2023-10-12,2009,N,0
-16.314,30.1843,304.2,2023-10-12,2010,N,0
-16.3347,30.1745,306.6,2023-10-12,2010,N,0
-16.5183,31.1992,307.1,2023-10-12,2010,N,0
-16.7769,29.5072,311.9,2023-10-12,2010,N,0
-16.9281,28.5994,307.4,2023-10-12,2010,N,0
-16.9359,28.6104,306.5,2023-10-12,2010,N,0
-16.5593,31.6114,316.6,2023-10-12,2010,N,0
-16.5578,31.6212,319.5,2023-10-12,2010,N,0
-16.698,30.8517,306.2,2023-10-12,2010,N,0
-16.8276,30.0084,308.1,2023-10-12,2010,N,0
-16.7069,30.8531,305.6,2023-10-12,2010,N,0
-16.9339,30.2289,303.8,2023-10-12,2010,N,0
-16.8425,31.061,306.2,2023-10-12,2010,N,0
-16.8515,31.0624,305.6,2023-10-12,2010,N,0
-17.096,29.4662,305.9,2023-10-12,2010,N,0
-17.0947,29.4754,310.2,2023-10-12,2010,N,0
-17.1037,29.4768,314.1,2023-10-12,2010,N,0
-16.9073,30.8682,302.7,2023-10-12,2010,N,0
-16.9059,30.8776,305.5,2023-10-12,2010,N,0
-16.9369,30.8537,306.7,2023-10-12,2010,N,0
-16.8181,32.0299,307.3,2023-10-12,2010,N,0
-17.1144,30.3829,307.1,2023-10-12,2010,N,0
-17.2088,30.0447,303.0,2023-10-12,2010,N,0
-16.9908,31.6828,302.6,2023-10-12,2010,N,0
-17.1615,30.8311,302.8,2023-10-12,2010,N,0
-17.1602,30.8405,302.0,2023-10-12,2010,N,0
-17.1844,30.989,303.1,2023-10-12,2010,N,0
-17.1456,31.6296,310.8,2023-10-12,2010,N,0
-17.1441,31.6395,308.2,2023-10-12,2010,N,0
-17.5094,30.1286,303.1,2023-10-12,2010,N,0
-18.0365,26.4412,311.7,2023-10-12,2010,N,0
-17.5239,30.4212,308.3,2023-10-12,2010,N,0
-17.5226,30.4305,307.6,2023-10-12,2010,N,0
-17.561,31.3141,307.7,2023-10-12,2010,N,0
-17.5596,31.3237,301.5,2023-10-12,2010,N,0
-17.5167,32.1001,306.2,2023-10-12,2010,N,0
-17.8852,29.8127,312.4,2023-10-12,2010,N,0
-17.8839,29.822,313.3,2023-10-12,2010,N,0
-17.7423,30.8264,303.5,2023-10-12,2010,N,0
-17.8941,29.8141,307.3,2023-10-12,2010,N,0
-17.8928,29.8234,314.1,2023-10-12,2010,N,0
-18.3699,26.4777,308.2,2023-10-12,2010,N,0
-18.3672,26.4704,304.8,2023-10-12,2010,N,0
-17.6787,31.7636,305.2,2023-10-12,2010,N,0
-16.5966,30.0901,312.6,2023-10-12,2332,N,0
-16.7567,30.2506,307.2,2023-10-12,2332,N,0
-16.9864,31.6819,302.3,2023-10-12,2332,N,0
-17.1914,31.9924,308.2,2023-10-12,2332,N,0
-17.0703,30.9857,331.7,2023-10-12,2332,N,0
-16.8802,29.1961,309.7,2023-10-12,2332,N,0
-16.9634,28.663,307.2,2023-10-12,2332,N,0
-17.5254,30.4329,309.0,2023-10-12,2332,N,0
-18.1211,32.8321,308.6,2023-10-12,2332,N,0
-18.1286,32.8214,308.4,2023-10-12,2332,N,0
-18.13,32.8307,412.8,2023-10-12,2332,N,0
-18.1314,32.84,343.4,2023-10-12,2332,N,0
-18.1718,32.8564,301.9,2023-10-12,2332,N,0
-18.1732,32.8657,302.5,2023-10-12,2332,N,0
-18.1419,30.9386,311.3,2023-10-12,2332,N,0
-18.1435,30.9488,312.2,2023-10-12,2332,N,0
-18.2595,31.3823,304.8,2023-10-12,2332,N,0
-18.4007,32.1187,301.3,2023-10-12,2332,N,0
-18.4021,32.1282,301.1,2023-10-12,2332,N,0
-18.3487,30.6563,302.1,2023-10-12,2332,N,0
-18.6071,31.6547,306.2,2023-10-12,2332,N,0
-18.8575,31.8491,305.5,2023-10-12,2332,N,0
-18.0233,26.4625,316.3,2023-10-12,2332,N,0
-18.0267,26.4817,314.2,2023-10-12,2332,N,0
-18.9115,31.8398,307.0,2023-10-12,2332,N,0
-18.0247,26.4569,308.7,2023-10-12,2332,N,0
-18.0282,26.4761,321.2,2023-10-12,2332,N,0
-18.0372,26.4542,306.6,2023-10-12,2332,N,0
-19.1163,29.7511,300.5,2023-10-12,2332,N,0
-19.9471,32.7204,303.0,2023-10-12,2333,N,0
-19.5828,30.1375,311.2,2023-10-12,2333,N,0
-19.8377,29.3258,309.0,2023-10-12,2333,N,0
-19.8397,29.3376,303.3,2023-10-12,2333,N,0
-20.3409,31.901,308.2,2023-10-12,2333,N,0
-20.3424,31.9105,319.9,2023-10-12,2333,N,0
-20.3513,31.909,308.9,2023-10-12,2333,N,0
-21.9934,31.3041,308.6,2023-10-12,2333,N,0
-17.3545,31.1556,325.0,2023-10-13,701,D,0
-17.3533,31.1476,326.5,2023-10-13,701,D,0
-18.1281,32.841,320.3,2023-10-13,702,D,0
-18.138,32.8099,320.6,2023-10-13,702,D,0
-18.1432,32.8369,328.9,2023-10-13,702,D,0
-18.1391,32.8328,337.8,2023-10-13,702,D,0
-17.9895,31.6623,318.7,2023-10-13,702,D,0
-17.9925,31.654,317.2,2023-10-13,702,D,0
-22.0009,31.2713,315.9,2023-10-13,703,D,0
-18.9049,27.3985,337.6,2023-10-13,840,D,0
-18.8331,27.4106,336.3,2023-10-13,840,D,0
-18.85,27.4091,327.9,2023-10-13,840,D,0
-18.8631,27.3694,339.8,2023-10-13,840,D,0
-18.8668,27.4076,359.6,2023-10-13,840,D,0
-18.8209,27.4062,334.6,2023-10-13,840,D,0
-18.8242,27.4448,328.5,2023-10-13,840,D,0
-18.8545,27.4031,338.9,2023-10-13,840,D,0
-18.8679,27.3633,338.6,2023-10-13,840,D,0
-18.8713,27.4016,362.2,2023-10-13,840,D,0
-18.8846,27.3617,333.9,2023-10-13,840,D,0
-18.8881,27.4,353.2,2023-10-13,840,D,0
-18.8927,27.3932,353.5,2023-10-13,840,D,0
-21.6667,30.7027,346.7,2023-10-13,1142,D,0
-21.4321,30.8528,338.3,2023-10-13,1142,D,0
-21.434,30.8358,333.0,2023-10-13,1142,D,0
-21.4372,30.8483,332.9,2023-10-13,1142,D,0
-21.4254,30.8469,332.5,2023-10-13,1142,D,0
-21.9891,31.2806,330.3,2023-10-13,1142,D,0
-21.9909,31.2646,344.8,2023-10-13,1142,D,0
-21.9758,31.295,339.1,2023-10-13,1142,D,0
-21.9776,31.2791,342.5,2023-10-13,1142,D,0
-21.6905,30.7056,334.5,2023-10-13,1142,D,0
-21.6766,30.7217,331.9,2023-10-13,1142,D,0
-21.6786,30.7041,343.7,2023-10-13,1142,D,0
-21.6647,30.7203,341.2,2023-10-13,1142,D,0
-20.554,29.3569,334.2,2023-10-13,1143,D,0
-20.1715,32.5353,342.7,2023-10-13,1143,D,0
-20.541,29.3552,335.3,2023-10-13,1143,D,0
-20.2461,30.7891,329.6,2023-10-13,1143,D,0
-20.0108,32.6025,326.5,2023-10-13,1143,D,0
-19.9262,32.7051,346.4,2023-10-13,1143,D,0
-19.9276,32.6932,370.4,2023-10-13,1143,D,0
-19.9277,32.7,355.3,2023-10-13,1143,D,0
-19.9293,32.6878,329.5,2023-10-13,1143,D,0
-19.9177,32.6983,372.0,2023-10-13,1143,D,0
-19.9193,32.6858,347.9,2023-10-13,1143,D,0
-19.5397,32.7868,360.7,2023-10-13,1143,D,0
-19.5413,32.7748,347.3,2023-10-13,1143,D,0
-19.5297,32.7862,376.6,2023-10-13,1143,D,0
-19.5312,32.7742,353.5,2023-10-13,1143,D,0
-19.5196,32.7856,328.8,2023-10-13,1143,D,0
-19.7491,30.94,332.6,2023-10-13,1143,D,0
-19.6526,29.5221,326.0,2023-10-13,1143,D,0
-19.4565,30.9006,352.2,2023-10-13,1143,D,0
-19.2136,32.7092,328.6,2023-10-13,1143,D,0
-19.3791,30.1027,334.6,2023-10-13,1143,D,0
-19.2085,30.9752,349.9,2023-10-13,1143,D,0
-19.1973,30.9735,360.3,2023-10-13,1143,D,0
-19.0879,31.419,333.1,2023-10-13,1143,D,0
-18.624,32.7018,335.7,2023-10-13,1143,D,0
-18.6775,31.8768,335.8,2023-10-13,1143,D,0
-18.6163,32.2027,335.3,2023-10-13,1143,D,0
-18.7506,30.5984,342.6,2023-10-13,1143,D,0
-18.3944,32.6713,332.0,2023-10-13,1143,D,0
-18.4225,32.1326,344.2,2023-10-13,1143,D,0
-18.4199,31.8222,330.7,2023-10-13,1143,D,0
-18.4215,31.8093,327.5,2023-10-13,1143,D,0
-18.2499,32.4483,336.1,2023-10-13,1143,D,0
-18.3605,31.5674,330.8,2023-10-13,1143,D,0
-18.2399,32.4468,332.6,2023-10-13,1143,D,0
-18.3499,31.566,335.6,2023-10-13,1143,D,0
-18.1966,32.6283,361.8,2023-10-13,1143,D,0
-18.1981,32.6168,333.0,2023-10-13,1143,D,0
-18.1941,32.633,342.1,2023-10-13,1143,D,0
-18.1957,32.6215,342.6,2023-10-13,1143,D,0
-18.1843,32.6315,328.0,2023-10-13,1143,D,0
-18.1291,32.8234,384.2,2023-10-13,1143,D,0
-18.1154,32.4628,335.6,2023-10-13,1143,D,0
-18.183,31.4358,327.8,2023-10-13,1143,D,0
-18.0429,32.3129,327.7,2023-10-13,1143,D,0
-18.0444,32.3012,341.9,2023-10-13,1143,D,0
-18.1593,30.6855,331.3,2023-10-13,1143,D,0
-17.7696,32.3039,333.5,2023-10-13,1143,D,0
-18.4979,25.7479,352.8,2023-10-13,1143,D,0
-18.5014,25.7114,336.6,2023-10-13,1143,D,0
-17.9833,29.8326,333.0,2023-10-13,1143,D,0
-17.8725,30.598,336.3,2023-10-13,1143,D,0
-17.6605,32.0381,338.5,2023-10-13,1143,D,0
-17.6621,32.026,384.9,2023-10-13,1143,D,0
-17.7227,31.5438,328.7,2023-10-13,1143,D,0
-17.8517,30.4848,330.3,2023-10-13,1143,D,0
-17.6519,32.0245,350.1,2023-10-13,1143,D,0
-17.9038,29.8332,333.4,2023-10-13,1143,D,0
-17.9058,29.8158,331.1,2023-10-13,1143,D,0
-17.6286,32.0459,337.2,2023-10-13,1143,D,0
-17.6439,31.9229,330.2,2023-10-13,1143,D,0
-17.8193,30.4645,342.5,2023-10-13,1143,D,0
-17.8212,30.4487,330.6,2023-10-13,1143,D,0
-17.9282,29.5062,331.8,2023-10-13,1143,D,0
-17.6311,32.0408,332.0,2023-10-13,1143,D,0
-17.8218,30.4596,344.4,2023-10-13,1143,D,0
-17.8997,29.7202,332.1,2023-10-13,1143,D,0
-17.7053,31.0373,349.6,2023-10-13,1143,D,0
-17.7071,31.023,382.7,2023-10-13,1143,D,0
-17.805,30.2129,331.9,2023-10-13,1143,D,0
-17.8071,30.0945,338.3,2023-10-13,1143,D,0
-17.7972,29.8684,331.0,2023-10-13,1143,D,0
-17.5216,31.6887,334.3,2023-10-13,1143,D,0
-17.5232,31.6757,338.8,2023-10-13,1143,D,0
-17.5017,31.7636,331.5,2023-10-13,1143,D,0
-17.5033,31.7509,333.7,2023-10-13,1143,D,0
-17.5443,31.2985,328.2,2023-10-13,1143,D,0
-17.433,31.4988,339.0,2023-10-13,1143,D,0
-17.4274,31.4579,337.2,2023-10-13,1143,D,0
-17.5386,30.4354,332.3,2023-10-13,1143,D,0
-17.4274,31.4912,343.4,2023-10-13,1143,D,0
-17.4407,29.7986,339.9,2023-10-13,1143,D,0
-17.2002,31.98,341.8,2023-10-13,1143,D,0
-17.2671,31.6995,329.7,2023-10-13,1143,D,0
-17.3193,31.6738,335.5,2023-10-13,1143,D,0
-17.6212,29.4428,327.3,2023-10-13,1143,D,0
-17.5273,30.4339,333.8,2023-10-13,1143,D,0
-20.3172,32.6686,331.5,2023-10-13,1143,D,0
-20.5398,30.6237,330.9,2023-10-13,1143,D,0
-20.2564,32.5923,329.1,2023-10-13,1143,D,0
-20.2579,32.5801,347.1,2023-10-13,1143,D,0
-20.1768,32.5751,326.6,2023-10-13,1143,D,0
-20.5517,29.378,332.0,2023-10-13,1143,D,0
-16.6354,32.5559,333.9,2023-10-13,1144,D,0
-17.2279,31.4518,330.8,2023-10-13,1144,D,0
-17.3071,30.2633,336.7,2023-10-13,1144,D,0
-17.3103,30.2588,332.1,2023-10-13,1144,D,0
-17.1949,30.6355,331.9,2023-10-13,1144,D,0
-17.1589,30.8397,341.3,2023-10-13,1144,D,0
-17.0164,31.9037,333.5,2023-10-13,1144,D,0
-17.0318,31.7813,339.0,2023-10-13,1144,D,0
-17.0063,31.9021,331.9,2023-10-13,1144,D,0
-17.2256,30.0841,334.8,2023-10-13,1144,D,0
-17.2292,30.0775,332.8,2023-10-13,1144,D,0
-16.995,31.757,330.6,2023-10-13,1144,D,0
-17.0046,31.6825,334.1,2023-10-13,1144,D,0
-16.9847,31.7556,349.8,2023-10-13,1144,D,0
-16.9863,31.7434,332.2,2023-10-13,1144,D,0
-17.1766,30.2193,330.3,2023-10-13,1144,D,0
-17.1923,30.0894,336.9,2023-10-13,1144,D,0
-17.1943,30.073,350.0,2023-10-13,1144,D,0
-17.1501,30.3423,329.4,2023-10-13,1144,D,0
-16.9649,31.1961,328.4,2023-10-13,1144,D,0
-16.8082,32.0211,331.9,2023-10-13,1144,D,0
-17.0666,29.883,333.5,2023-10-13,1144,D,0
-16.8354,31.735,370.6,2023-10-13,1144,D,0
-16.837,31.7227,347.1,2023-10-13,1144,D,0
-17.0692,29.8933,331.0,2023-10-13,1144,D,0
-17.0266,29.5378,330.7,2023-10-13,1144,D,0
-16.6369,32.5448,348.4,2023-10-13,1144,D,0
-17.0205,29.5501,332.0,2023-10-13,1144,D,0
-16.9625,29.415,336.4,2023-10-13,1144,D,0
-16.9646,29.3968,331.2,2023-10-13,1144,D,0
-16.9584,29.408,332.7,2023-10-13,1144,D,0
-16.7356,30.4653,346.8,2023-10-13,1144,D,0
-16.9354,28.6139,349.1,2023-10-13,1144,D,0
-16.9377,28.5926,335.2,2023-10-13,1144,D,0
-16.7346,30.475,333.0,2023-10-13,1144,D,0
-16.7365,30.4602,337.1,2023-10-13,1144,D,0
-16.4808,32.3396,331.3,2023-10-13,1144,D,0
-16.7503,30.1662,327.2,2023-10-13,1144,D,0
-16.9378,28.6093,350.0,2023-10-13,1144,D,0
-16.4991,32.0499,357.8,2023-10-13,1144,D,0
-16.5006,32.0382,330.7,2023-10-13,1144,D,0
-16.9248,28.6075,339.3,2023-10-13,1144,D,0
-16.9299,28.563,328.1,2023-10-13,1144,D,0
-16.9325,28.5409,331.8,2023-10-13,1144,D,0
-16.7993,29.2506,334.4,2023-10-13,1144,D,0
-16.4881,31.588,335.6,2023-10-13,1144,D,0
-16.4897,31.5757,331.3,2023-10-13,1144,D,0
-16.5013,31.4872,350.1,2023-10-13,1144,D,0
-16.5029,31.4746,330.4,2023-10-13,1144,D,0
-16.4779,31.5861,342.1,2023-10-13,1144,D,0
-16.4795,31.5737,365.4,2023-10-13,1144,D,0
-16.4676,31.5846,336.2,2023-10-13,1144,D,0
-16.4692,31.5721,341.0,2023-10-13,1144,D,0
-16.5221,31.1602,335.9,2023-10-13,1144,D,0
-16.5239,31.1467,329.9,2023-10-13,1144,D,0
-16.7548,29.2752,334.2,2023-10-13,1144,D,0
-16.757,29.2563,330.7,2023-10-13,1144,D,0
-16.5115,31.1588,356.5,2023-10-13,1144,D,0
-16.5397,30.2982,329.1,2023-10-13,1144,D,0
-16.4341,30.8773,328.9,2023-10-13,1144,D,0
-16.4202,30.5194,330.4,2023-10-13,1144,D,0
-16.4066,29.7987,342.4,2023-10-13,1144,D,0
-16.3113,30.3907,331.6,2023-10-13,1144,D,0
-16.3371,30.1785,330.9,2023-10-13,1144,D,0
-16.2697,30.6383,337.1,2023-10-13,1144,D,0
-16.3019,30.3741,339.9,2023-10-13,1144,D,0
-16.3238,30.1923,330.5,2023-10-13,1144,D,0
-16.2308,30.2968,335.0,2023-10-13,1144,D,0
-16.2196,30.2952,340.7,2023-10-13,1144,D,0
-16.2214,30.2801,334.0,2023-10-13,1144,D,0
-16.2764,29.2616,328.1,2023-10-13,1144,D,0
-16.2642,29.2598,335.4,2023-10-13,1144,D,0
-16.2663,29.2415,330.0,2023-10-13,1144,D,0
-16.2499,29.2758,343.5,2023-10-13,1144,D,0
-16.2436,29.2862,332.9,2023-10-13,1144,D,0
-17.6918,30.8093,307.0,2023-10-13,2050,N,0
-18.7479,30.3395,304.4,2023-10-13,2050,N,0
-16.2731,29.2126,310.1,2023-10-13,2050,N,0
-18.0071,26.4998,308.7,2023-10-13,2050,N,0
-17.6992,30.7605,318.7,2023-10-13,2050,N,0
-17.6911,30.8019,314.3,2023-10-13,2050,N,0
-17.7002,30.7679,323.8,2023-10-13,2050,N,0
-16.2793,29.2362,301.8,2023-10-14,13,N,0
-16.9399,28.6715,309.1,2023-10-14,13,N,0
-16.9427,28.6637,310.6,2023-10-14,13,N,0
-16.2772,29.2176,302.9,2023-10-14,13,N,0
-16.2448,29.4988,304.1,2023-10-14,13,N,0
-16.2774,29.2246,305.8,2023-10-14,13,N,0
-16.244,29.4939,300.7,2023-10-14,13,N,0
-16.9376,28.6525,312.3,2023-10-14,13,N,0
-16.9149,28.5666,307.7,2023-10-14,13,N,0
-17.6677,29.0994,304.2,2023-10-14,14,N,0
-18.1205,32.8403,303.7,2023-10-14,14,N,0
-18.1377,32.8407,312.7,2023-10-14,14,N,0
-18.1228,32.8314,309.6,2023-10-14,14,N,0
-18.1399,32.8304,310.4,2023-10-14,14,N,0
-17.6655,29.0794,323.3,2023-10-14,14,N,0
-17.542,30.3089,304.0,2023-10-14,14,N,0
-16.2738,29.196,329.9,2023-10-14,742,D,0
-16.2818,29.183,342.6,2023-10-14,742,D,0
-16.2836,29.1944,348.7,2023-10-14,742,D,0
-16.2855,29.206,357.0,2023-10-14,742,D,0
-16.2873,29.2174,346.8,2023-10-14,742,D,0
-16.2891,29.2287,357.2,2023-10-14,742,D,0
-16.2909,29.2401,337.1,2023-10-14,742,D,0
-16.2953,29.2044,389.5,2023-10-14,742,D,0
-16.2971,29.2159,396.4,2023-10-14,742,D,0
-16.2989,29.2274,329.9,2023-10-14,742,D,0
-16.5726,31.0036,328.9,2023-10-14,742,D,0
-16.6758,31.6972,339.0,2023-10-14,742,D,0
-16.6772,31.7065,327.5,2023-10-14,742,D,0
-16.7437,32.0366,326.7,2023-10-14,742,D,0
-16.3032,28.9951,324.3,2023-10-14,742,D,0
-16.3132,28.9937,326.4,2023-10-14,742,D,0
-16.406,29.511,328.8,2023-10-14,742,D,0
-16.6736,30.7589,336.8,2023-10-14,742,D,0
-16.675,30.7686,339.8,2023-10-14,742,D,0
-16.5688,30.0205,328.2,2023-10-14,742,D,0
-16.5782,30.0188,325.5,2023-10-14,742,D,0
-16.8073,31.3403,331.6,2023-10-14,742,D,0
-16.8129,31.3777,350.6,2023-10-14,742,D,0
-16.8143,31.3871,328.2,2023-10-14,742,D,0
-16.4934,29.2269,340.6,2023-10-14,742,D,0
-16.4951,29.238,340.8,2023-10-14,742,D,0
-16.4969,29.2492,338.3,2023-10-14,742,D,0
-16.8177,31.3483,419.6,2023-10-14,742,D,0
-16.819,31.3576,353.1,2023-10-14,742,D,0
-16.8971,31.8871,335.3,2023-10-14,742,D,0
-16.5031,29.2251,353.6,2023-10-14,742,D,0
-16.5049,29.2362,367.8,2023-10-14,742,D,0
-16.5066,29.2475,330.4,2023-10-14,742,D,0
-16.8266,31.3468,337.4,2023-10-14,742,D,0
-16.5057,29.2296,374.0,2023-10-14,742,D,0
-16.5075,29.2407,354.6,2023-10-14,742,D,0
-16.5155,29.2278,327.5,2023-10-14,742,D,0
-16.5173,29.239,336.3,2023-10-14,742,D,0
-16.6752,30.0497,354.7,2023-10-14,742,D,0
-16.6768,30.06,357.0,2023-10-14,742,D,0
-16.9494,31.7401,327.2,2023-10-14,742,D,0
-16.9103,31.4135,347.8,2023-10-14,742,D,0
-16.9117,31.4228,338.1,2023-10-14,742,D,0
-16.9802,31.7637,332.9,2023-10-14,742,D,0
-16.8937,31.0542,330.8,2023-10-14,742,D,0
-16.9013,31.0434,332.4,2023-10-14,742,D,0
-16.9027,31.0528,353.0,2023-10-14,742,D,0
-16.7483,29.9263,329.3,2023-10-14,742,D,0
-16.9121,30.9931,332.2,2023-10-14,742,D,0
-16.9671,31.3602,331.7,2023-10-14,742,D,0
-16.9893,31.5095,331.3,2023-10-14,742,D,0
-16.9761,31.3589,333.7,2023-10-14,742,D,0
-17.0941,31.7809,328.6,2023-10-14,742,D,0
-17.0954,31.7902,334.8,2023-10-14,742,D,0
-16.9577,30.6246,333.9,2023-10-14,742,D,0
-16.9591,30.6343,328.9,2023-10-14,742,D,0
-17.048,31.1006,335.6,2023-10-14,742,D,0
-17.0494,31.11,332.3,2023-10-14,742,D,0
-16.8218,29.495,330.9,2023-10-14,742,D,0
-16.8247,29.4885,342.9,2023-10-14,742,D,0
-16.8129,29.2296,336.4,2023-10-14,742,D,0
-17.0443,30.4642,336.8,2023-10-14,742,D,0
-17.1818,31.2563,333.8,2023-10-14,742,D,0
-17.1624,30.7581,332.3,2023-10-14,742,D,0
-17.1819,30.7647,349.9,2023-10-14,742,D,0
-17.1834,30.7743,332.2,2023-10-14,742,D,0
-17.2389,31.1445,333.8,2023-10-14,742,D,0
-17.2403,31.1539,336.0,2023-10-14,742,D,0
-17.0859,30.0721,333.6,2023-10-14,742,D,0
-16.9105,28.5635,327.0,2023-10-14,742,D,0
-16.9126,28.5764,336.8,2023-10-14,742,D,0
-16.9226,28.5742,338.3,2023-10-14,742,D,0
-16.9326,28.6358,331.9,2023-10-14,742,D,0
-16.9346,28.6484,333.5,2023-10-14,742,D,0
-16.9365,28.6604,327.6,2023-10-14,742,D,0
-17.4487,31.7483,327.4,2023-10-14,742,D,0
-17.4385,31.4933,334.4,2023-10-14,742,D,0
-17.4474,31.4919,335.5,2023-10-14,742,D,0
-17.2263,29.9108,326.6,2023-10-14,742,D,0
-17.6429,32.7182,325.6,2023-10-14,742,D,0
-17.3309,30.4691,332.7,2023-10-14,742,D,0
-17.5443,31.9041,334.5,2023-10-14,742,D,0
-17.5456,31.9134,336.7,2023-10-14,742,D,0
-17.4081,30.7979,331.2,2023-10-14,742,D,0
-17.4096,30.8075,328.5,2023-10-14,742,D,0
-17.497,30.9591,327.0,2023-10-14,742,D,0
-17.5941,31.3611,333.4,2023-10-14,742,D,0
-17.5955,31.3704,331.3,2023-10-14,742,D,0
-17.5397,30.9362,326.4,2023-10-14,742,D,0
-17.6925,31.9067,333.8,2023-10-14,742,D,0
-17.7041,31.9238,326.3,2023-10-14,742,D,0
-17.8174,32.6506,327.4,2023-10-14,742,D,0
-17.7679,32.1133,333.3,2023-10-14,742,D,0
-17.8127,32.1005,330.9,2023-10-14,742,D,0
-17.8141,32.1098,337.1,2023-10-14,742,D,0
-17.8467,31.4519,327.1,2023-10-14,742,D,0
-17.6359,29.8846,331.2,2023-10-14,742,D,0
-18.1275,32.8266,346.4,2023-10-14,742,D,0
-18.1352,32.8156,354.3,2023-10-14,742,D,0
-18.1365,32.8253,339.5,2023-10-14,742,D,0
-18.1455,32.8239,341.9,2023-10-14,742,D,0
-18.0482,32.0073,324.6,2023-10-14,742,D,0
-18.1149,32.4748,326.8,2023-10-14,742,D,0
-18.1693,32.8629,352.6,2023-10-14,742,D,0
-17.9743,31.4386,333.2,2023-10-14,742,D,0
-17.9756,31.4479,336.0,2023-10-14,742,D,0
-18.0261,31.792,327.9,2023-10-14,742,D,0
-18.1783,32.8615,327.7,2023-10-14,742,D,0
-17.9832,31.4372,374.4,2023-10-14,742,D,0
-17.9907,31.4264,331.0,2023-10-14,742,D,0
-18.1721,32.6204,332.1,2023-10-14,742,D,0
-18.1734,32.6299,327.3,2023-10-14,742,D,0
-17.6906,29.3392,330.1,2023-10-14,742,D,0
-17.773,29.8661,329.1,2023-10-14,742,D,0
-18.0161,31.4129,338.1,2023-10-14,742,D,0
-18.2373,32.4305,332.7,2023-10-14,742,D,0
-18.2386,32.4399,326.1,2023-10-14,742,D,0
-18.2426,32.4682,321.0,2023-10-14,742,D,0
-18.2462,32.4292,342.0,2023-10-14,742,D,0
-18.2476,32.4386,329.4,2023-10-14,742,D,0
-18.1799,31.708,327.9,2023-10-14,742,D,0
-18.1888,31.7066,348.8,2023-10-14,742,D,0
-18.1474,31.1784,325.7,2023-10-14,742,D,0
-18.0008,30.0855,334.1,2023-10-14,742,D,0
-17.6747,27.9594,339.7,2023-10-14,742,D,0
-17.6768,27.9727,344.9,2023-10-14,742,D,0
-17.8444,28.2553,328.6,2023-10-14,742,D,0
-18.2697,30.8855,327.3,2023-10-14,742,D,0
-18.2711,30.895,329.7,2023-10-14,742,D,0
-18.2619,30.1057,335.8,2023-10-14,742,D,0
-19.0296,31.2889,323.0,2023-10-14,742,D,0
-18.2595,31.2506,324.4,2023-10-14,742,D,0
-16.027,30.9303,338.4,2023-10-14,742,D,0
-16.4178,31.699,334.0,2023-10-14,742,D,0
-16.4544,31.9485,328.9,2023-10-14,742,D,0
-16.4558,31.9577,334.5,2023-10-14,742,D,0
-16.2381,30.3895,332.7,2023-10-14,742,D,0
-16.459,31.6011,330.5,2023-10-14,742,D,0
-16.2999,30.359,340.7,2023-10-14,742,D,0
-16.3091,30.3575,346.0,2023-10-14,742,D,0
-16.2698,30.0027,330.2,2023-10-14,742,D,0
-16.4985,31.4934,330.5,2023-10-14,742,D,0
-16.5921,32.0659,328.0,2023-10-14,742,D,0
-16.2387,29.4947,328.0,2023-10-14,742,D,0
-16.2404,29.5055,327.0,2023-10-14,742,D,0
-16.2466,29.482,355.0,2023-10-14,742,D,0
-16.2483,29.4932,337.1,2023-10-14,742,D,0
-16.25,29.5041,325.6,2023-10-14,742,D,0
-16.3829,30.2375,334.7,2023-10-14,742,D,0
-16.7313,32.4542,327.8,2023-10-14,742,D,0
-16.2621,29.1859,338.9,2023-10-14,742,D,0
-16.2639,29.1974,338.7,2023-10-14,742,D,0
-16.2658,29.2092,332.7,2023-10-14,742,D,0
-16.272,29.1845,335.7,2023-10-14,742,D,0
-20.4431,29.9545,328.9,2023-10-14,743,D,0
-19.8208,28.6163,333.3,2023-10-14,743,D,0
-19.6566,30.9749,324.7,2023-10-14,743,D,0
-18.9788,32.552,326.5,2023-10-14,1224,D,0
-19.5591,30.3195,323.1,2023-10-14,1224,D,0
-18.9844,32.5479,326.0,2023-10-14,1224,D,0
-18.983,32.5302,323.1,2023-10-14,1224,D,0
-19.5617,30.3048,323.3,2023-10-14,1224,D,0
-19.56,30.3141,327.6,2023-10-14,1224,D,0
-16.2522,29.4735,336.5,2023-10-14,1225,D,0
-18.9509,31.9237,324.7,2023-10-14,1225,D,0
-18.5991,31.9766,324.6,2023-10-14,1225,D,0
-18.1782,32.847,341.7,2023-10-14,1225,D,0
-18.1232,32.8358,333.0,2023-10-14,1225,D,0
-18.1279,32.8106,333.0,2023-10-14,1225,D,0
-18.946,27.4094,337.2,2023-10-14,1225,D,0
-18.9476,27.3991,398.0,2023-10-14,1225,D,0
-18.9492,27.3887,362.2,2023-10-14,1225,D,0
-18.9509,27.3783,343.1,2023-10-14,1225,D,0
-18.9382,27.3974,340.1,2023-10-14,1225,D,0
-18.9399,27.387,364.3,2023-10-14,1225,D,0
-18.9415,27.3767,335.2,2023-10-14,1225,D,0
-18.909,27.521,342.8,2023-10-14,1225,D,0
-18.9038,27.5254,337.3,2023-10-14,1225,D,0
-18.9054,27.5148,351.2,2023-10-14,1225,D,0
-18.896,27.5132,341.3,2023-10-14,1225,D,0
-18.0473,31.6706,333.5,2023-10-14,1225,D,0
-17.9811,31.4428,327.5,2023-10-14,1225,D,0
-17.6251,32.4628,327.9,2023-10-14,1225,D,0
-17.5622,31.9515,333.3,2023-10-14,1225,D,0
-17.544,31.9038,330.3,2023-10-14,1225,D,0
-17.5478,31.8827,328.8,2023-10-14,1225,D,0
-17.8775,29.8336,332.1,2023-10-14,1225,D,0
-17.8801,29.8184,334.0,2023-10-14,1225,D,0
-17.8765,29.8263,335.2,2023-10-14,1225,D,0
-17.4783,31.1773,331.1,2023-10-14,1225,D,0
-17.3767,31.5116,335.6,2023-10-14,1225,D,0
-17.3352,31.6695,331.5,2023-10-14,1225,D,0
-17.3007,31.4976,331.0,2023-10-14,1225,D,0
-17.3019,31.4925,328.3,2023-10-14,1225,D,0
-17.1027,31.7867,330.7,2023-10-14,1225,D,0
-17.8143,27.4406,335.1,2023-10-14,1225,D,0
-17.3671,29.5798,332.1,2023-10-14,1225,D,0
-17.4545,29.0692,335.8,2023-10-14,1225,D,0
-17.4568,29.056,334.4,2023-10-14,1225,D,0
-17.3629,29.5871,333.9,2023-10-14,1225,D,0
-17.4495,29.0616,334.6,2023-10-14,1225,D,0
-17.4874,28.4421,352.4,2023-10-14,1225,D,0
-17.4895,28.4295,336.3,2023-10-14,1225,D,0
-17.4774,28.44,343.7,2023-10-14,1225,D,0
-17.4794,28.4277,335.9,2023-10-14,1225,D,0
-16.8358,31.3674,330.0,2023-10-14,1225,D,0
-17.33,28.3393,335.9,2023-10-14,1225,D,0
-16.5319,32.4638,328.1,2023-10-14,1225,D,0
-17.228,28.4033,331.8,2023-10-14,1225,D,0
-16.6055,31.7659,330.2,2023-10-14,1225,D,0
-16.4786,32.2468,328.3,2023-10-14,1225,D,0
-16.5095,31.8532,334.8,2023-10-14,1225,D,0
-16.5148,31.8494,333.8,2023-10-14,1225,D,0
-16.6818,30.4653,330.3,2023-10-14,1225,D,0
-16.6727,30.4743,330.4,2023-10-14,1225,D,0
-16.9231,28.6338,334.2,2023-10-14,1225,D,0
-16.919,28.5944,336.9,2023-10-14,1225,D,0
-16.921,28.582,348.4,2023-10-14,1225,D,0
-16.9046,28.6171,332.2,2023-10-14,1225,D,0
-16.9067,28.6046,355.9,2023-10-14,1225,D,0
-16.9088,28.5922,332.2,2023-10-14,1225,D,0
-16.9108,28.5799,347.0,2023-10-14,1225,D,0
-16.9128,28.5676,337.5,2023-10-14,1225,D,0
-16.6586,29.6692,329.0,2023-10-14,1225,D,0
-16.4248,30.4858,328.2,2023-10-14,1225,D,0
-16.4251,30.3443,331.4,2023-10-14,1225,D,0
-16.428,30.3275,339.9,2023-10-14,1225,D,0
-16.431,30.3103,331.0,2023-10-14,1225,D,0
-16.4164,30.3248,339.8,2023-10-14,1225,D,0
-16.4194,30.3078,343.7,2023-10-14,1225,D,0
-16.4229,30.3207,337.4,2023-10-14,1225,D,0
-16.4112,30.3183,333.4,2023-10-14,1225,D,0
-16.4021,30.2295,341.1,2023-10-14,1225,D,0
-16.319,30.358,332.7,2023-10-14,1225,D,0
-16.4021,29.8168,334.1,2023-10-14,1225,D,0
-16.4036,29.8099,330.9,2023-10-14,1225,D,0
-16.4965,29.2487,361.7,2023-10-14,1225,D,0
-16.4857,29.2463,342.1,2023-10-14,1225,D,0
-16.236,30.3001,333.0,2023-10-14,1225,D,0
-16.2389,30.2832,331.4,2023-10-14,1225,D,0
-16.0984,31.0,335.7,2023-10-14,1225,D,0
-16.1018,30.9809,343.3,2023-10-14,1225,D,0
-16.242,30.1973,334.0,2023-10-14,1225,D,0
-16.0983,30.9948,339.7,2023-10-14,1225,D,0
-16.1017,30.9757,336.2,2023-10-14,1225,D,0
-16.1868,30.4095,334.4,2023-10-14,1225,D,0
-16.2751,29.4839,356.3,2023-10-14,1225,D,0
-16.2776,29.4692,373.2,2023-10-14,1225,D,0
-16.0317,30.9155,336.6,2023-10-14,1225,D,0
-16.2745,29.477,371.7,2023-10-14,1225,D,0
-16.2769,29.4623,347.8,2023-10-14,1225,D,0
-16.2586,29.5039,355.0,2023-10-14,1225,D,0
-16.2634,29.4751,334.5,2023-10-14,1225,D,0
-16.2474,29.5024,336.5,2023-10-14,1225,D,0
-16.2499,29.4875,329.6,2023-10-14,1225,D,0
-16.2387,29.4856,335.3,2023-10-14,1225,D,0
-16.3088,28.9997,329.7,2023-10-14,1225,D,0
-16.3111,28.9858,335.2,2023-10-14,1225,D,0
-16.2678,29.1786,334.9,2023-10-14,1225,D,0
-16.2379,29.289,334.6,2023-10-14,1225,D,0
-16.2545,29.191,333.6,2023-10-14,1225,D,0
-19.7392,28.6245,302.4,2023-10-14,1952,N,0
-19.7419,28.6313,306.0,2023-10-14,1952,N,0
-18.1616,32.8511,334.3,2023-10-14,1953,N,0
-18.1511,32.8593,311.4,2023-10-14,1953,N,0
-17.5685,31.5699,304.6,2023-10-14,1953,N,0
-17.5076,31.6625,308.4,2023-10-14,1953,N,0
-17.5041,31.2799,305.4,2023-10-14,1953,N,0
-17.4558,31.5031,309.3,2023-10-14,1953,N,0
-17.4674,31.3329,305.7,2023-10-14,1953,N,0
-17.4115,31.3645,325.7,2023-10-14,1953,N,0
-18.1707,32.8525,309.4,2023-10-14,1953,N,0
-17.3455,31.5711,308.9,2023-10-14,1953,N,0
-17.2909,31.5124,317.3,2023-10-14,1953,N,0
-17.2883,31.4555,307.7,2023-10-14,1953,N,0
-17.2817,30.9446,313.7,2023-10-14,1953,N,0
-17.1799,31.1102,304.5,2023-10-14,1953,N,0
-17.1798,31.1046,308.4,2023-10-14,1953,N,0
-17.0019,31.4657,310.2,2023-10-14,1953,N,0
-17.0304,31.242,305.8,2023-10-14,1953,N,0
-16.9922,31.4643,311.5,2023-10-14,1953,N,0
-16.9812,31.4739,313.7,2023-10-14,1953,N,0
-16.9618,31.3923,331.9,2023-10-14,1953,N,0
-15.7374,30.259,319.0,2023-10-14,1953,N,0
-16.0229,30.916,319.1,2023-10-14,1953,N,0
-16.4736,29.2529,303.2,2023-10-14,1953,N,0
-16.434,30.3177,302.3,2023-10-14,1953,N,0
-16.4135,30.4809,308.2,2023-10-14,1953,N,0
-16.4415,31.6919,308.5,2023-10-14,1953,N,0
-16.512,31.2256,315.0,2023-10-14,1953,N,0
-16.4888,31.4797,337.7,2023-10-14,1953,N,0
-16.4874,31.4903,334.5,2023-10-14,1953,N,0
-16.4917,31.4863,316.9,2023-10-14,1953,N,0
-16.5956,30.9758,304.4,2023-10-14,1953,N,0
-16.65,30.8653,306.5,2023-10-14,1953,N,0
-16.6485,30.8772,304.7,2023-10-14,1953,N,0
-16.7339,30.3439,301.0,2023-10-14,1953,N,0
-16.5879,31.6046,311.4,2023-10-14,1953,N,0
-16.5865,31.6153,320.5,2023-10-14,1953,N,0
-16.6599,31.3482,321.2,2023-10-14,1953,N,0
-16.6585,31.3593,334.8,2023-10-14,1953,N,0
-16.657,31.3703,321.0,2023-10-14,1953,N,0
-16.6447,31.8029,307.6,2023-10-14,1953,N,0
-16.7372,31.1482,308.1,2023-10-14,1953,N,0
-16.7195,31.6728,311.6,2023-10-14,1953,N,0
-16.7333,31.6422,307.8,2023-10-14,1953,N,0
-16.7319,31.6528,320.6,2023-10-14,1953,N,0
-16.7428,31.6435,314.3,2023-10-14,1953,N,0
-16.7476,31.639,309.3,2023-10-14,1953,N,0
-16.7462,31.6498,311.2,2023-10-14,1953,N,0
-16.8638,30.9483,308.7,2023-10-14,1953,N,0
-16.8221,31.3602,311.8,2023-10-14,1953,N,0
-16.8983,31.1535,328.0,2023-10-14,1953,N,0
-16.8968,31.1647,319.4,2023-10-14,1953,N,0
-16.9005,31.1484,308.9,2023-10-14,1953,N,0
-16.8991,31.1599,336.3,2023-10-14,1953,N,0
-16.9209,31.4595,321.8,2023-10-14,1953,N,0
-16.9599,31.3862,331.6,2023-10-14,1953,N,0
-16.9632,31.3811,324.9,2023-10-14,1953,N,0
-16.2719,29.4992,304.3,2023-10-14,1953,N,0
-18.1603,32.861,333.0,2023-10-14,1953,N,0
-16.6621,31.3557,304.9,2023-10-14,2317,N,0
-16.4651,29.2775,320.8,2023-10-15,822,D,0
-16.4993,29.2674,326.8,2023-10-15,822,D,0
-16.5018,29.2902,322.4,2023-10-15,822,D,0
-16.6788,30.4016,319.5,2023-10-15,822,D,0
-16.678,30.3968,320.3,2023-10-15,822,D,0
-16.7344,30.2142,322.2,2023-10-15,822,D,0
-16.7461,30.1844,325.4,2023-10-15,822,D,0
-16.7492,30.2128,333.0,2023-10-15,822,D,0
-16.7492,30.2056,337.1,2023-10-15,822,D,0
-16.832,30.2822,324.8,2023-10-15,822,D,0
-16.2251,29.5091,323.0,2023-10-15,822,D,0
-19.7395,28.6322,328.3,2023-10-15,823,D,0
-19.7507,28.6072,322.2,2023-10-15,823,D,0
-19.7531,28.6306,328.3,2023-10-15,823,D,0
-19.7466,28.6259,339.8,2023-10-15,823,D,0
-17.1291,31.441,321.9,2023-10-15,1129,D,0
-16.7653,30.2026,322.2,2023-10-15,1129,D,0
-16.6795,29.2782,324.0,2023-10-15,1129,D,0
-16.4386,30.2983,322.1,2023-10-15,1129,D,0
-16.4251,30.2904,320.8,2023-10-15,1129,D,0
-17.1334,31.4465,320.8,2023-10-15,1129,D,0
-16.8449,29.894,332.4,2023-10-15,1129,D,0
-16.2309,29.5275,308.4,2023-10-15,2034,N,0
-16.9622,29.4299,305.6,2023-10-15,2034,N,0
-16.9669,29.4253,305.0,2023-10-15,2034,N,0
-16.2338,29.5103,321.9,2023-10-15,2034,N,0
-16.2287,29.5036,310.0,2023-10-15,2034,N,0
-15.7326,30.2732,303.0,2023-10-15,2358,N,0
-16.2233,29.5216,324.6,2023-10-15,2358,N,0
-16.2346,29.5313,309.7,2023-10-15,2358,N,0
-16.6698,29.2797,305.0,2023-10-15,2359,N,0
-16.6724,29.284,302.3,2023-10-15,2359,N,0
-16.7715,29.4289,302.8,2023-10-15,2359,N,0
-17.012,29.5398,306.1,2023-10-15,2359,N,0
-18.3686,26.4825,313.7,2023-10-15,2359,N,0
-17.8895,30.3299,323.6,2023-10-16,725,D,0
-17.1234,30.453,324.1,2023-10-16,725,D,0
-17.1264,30.4703,333.1,2023-10-16,725,D,0
-17.1383,30.4679,336.4,2023-10-16,725,D,0
-17.1233,30.2104,318.5,2023-10-16,725,D,0
-17.2243,30.6404,321.1,2023-10-16,725,D,0
-17.2273,30.6578,320.1,2023-10-16,725,D,0
-17.2037,30.023,316.7,2023-10-16,725,D,0
-17.1998,29.6178,318.5,2023-10-16,725,D,0
-17.4225,29.9815,324.6,2023-10-16,725,D,0
-17.4258,30.0,321.5,2023-10-16,725,D,0
-17.8833,30.325,319.9,2023-10-16,725,D,0
-16.937,31.4447,327.5,2023-10-16,1210,D,0
-16.6973,31.5999,334.4,2023-10-16,1210,D,0
-16.6912,31.0692,327.1,2023-10-16,1210,D,0
-16.7412,31.0007,328.5,2023-10-16,1210,D,0
-17.0102,29.2961,328.2,2023-10-16,1210,D,0
-16.7507,31.0024,330.1,2023-10-16,1210,D,0
-16.6928,31.0588,334.8,2023-10-16,1210,D,0
-16.6876,31.0622,333.1,2023-10-16,1210,D,0
-16.7273,30.6172,342.1,2023-10-16,1210,D,0
-16.7163,30.6261,325.9,2023-10-16,1210,D,0
-16.7179,30.6157,343.7,2023-10-16,1210,D,0
-16.8358,29.8434,335.7,2023-10-16,1210,D,0
-16.8372,29.8338,328.2,2023-10-16,1210,D,0
-16.5965,30.9966,328.8,2023-10-16,1210,D,0
-16.6807,30.3863,327.4,2023-10-16,1210,D,0
-16.723,30.1078,327.0,2023-10-16,1210,D,0
-16.5298,31.2974,328.9,2023-10-16,1210,D,0
-16.6714,30.3847,328.4,2023-10-16,1210,D,0
-16.4657,30.3999,326.4,2023-10-16,1210,D,0
-16.2569,29.2206,327.8,2023-10-16,1211,D,0
-17.9468,27.2099,333.8,2023-10-17,806,D,0
-18.369,26.4805,332.3,2023-10-17,806,D,0
-17.7441,27.6198,326.3,2023-10-17,1252,D,0
-17.7483,27.6131,328.3,2023-10-17,1252,D,0
-16.6035,29.4453,302.8,2023-10-17,2017,N,0
-21.0604,31.495,333.8,2023-10-18,1154,D,0
-21.059,31.5054,318.1,2023-10-18,1154,D,0
-18.2477,31.6456,319.2,2023-10-18,1155,D,0
-18.3802,30.248,321.8,2023-10-18,1155,D,0
-18.2041,31.4361,317.3,2023-10-18,1155,D,0
-18.0355,31.6495,317.7,2023-10-18,1155,D,0
-18.0265,30.3687,328.4,2023-10-18,1155,D,0
-17.6428,32.0853,328.7,2023-10-18,1155,D,0
-17.8599,30.1683,320.5,2023-10-18,1155,D,0
-17.3844,31.6419,315.4,2023-10-18,1155,D,0
-17.3857,31.6325,317.3,2023-10-18,1155,D,0
-17.0918,29.7364,321.2,2023-10-18,1155,D,0
-16.4817,29.8591,322.9,2023-10-18,1156,D,0
-17.5813,30.0448,317.4,2023-10-19,749,D,0
-17.5827,30.0541,330.4,2023-10-19,749,D,0
-18.7601,29.0969,324.4,2023-10-19,750,D,0
-19.1046,30.7214,315.9,2023-10-19,750,D,0
-19.1685,31.0493,323.7,2023-10-19,750,D,0
-19.1699,31.0591,314.9,2023-10-19,750,D,0
-19.4581,31.1494,316.0,2023-10-19,750,D,0
-20.5473,28.7204,320.7,2023-10-19,750,D,0
-21.0897,29.5984,327.0,2023-10-19,750,D,0
-19.4925,30.5745,319.7,2023-10-19,1236,D,0
-19.27,27.9452,340.2,2023-10-19,1236,D,0
-19.2693,27.9349,344.9,2023-10-19,1236,D,0
-19.2779,27.9536,333.6,2023-10-19,1236,D,0
-19.275,27.9701,332.5,2023-10-19,1236,D,0
-18.6583,31.3939,321.7,2023-10-19,1236,D,0
-16.6499,30.9167,302.7,2023-10-19,2000,N,0
-20.0287,29.1766,300.9,2023-10-19,2000,N,0
-19.1923,31.2848,306.6,2023-10-19,2000,N,0
-18.8593,32.5174,306.9,2023-10-19,2000,N,0
-16.954,29.1889,311.2,2023-10-19,2000,N,0
-16.6487,30.9263,303.4,2023-10-19,2000,N,0
-17.7009,29.1873,322.2,2023-10-20,830,D,0
-17.6938,29.1822,325.5,2023-10-20,830,D,0
-20.147,28.9784,323.5,2023-10-20,1140,D,0
-18.4848,26.4499,323.0,2023-10-20,1140,D,0
-18.4883,26.4124,322.7,2023-10-20,1140,D,0
-17.706,30.8831,327.7,2023-10-20,1140,D,0
-16.8633,30.9674,326.5,2023-10-20,1141,D,0
-16.8533,30.9772,318.6,2023-10-20,1141,D,0
-16.8553,30.9615,321.6,2023-10-20,1141,D,0
-16.7635,29.7891,319.8,2023-10-20,1141,D,0
-16.6896,29.418,319.7,2023-10-20,1141,D,0
-16.5408,29.9222,341.8,2023-10-20,1141,D,0
-16.5385,29.9154,333.1,2023-10-20,1141,D,0
-16.5195,31.3476,320.8,2023-10-21,732,D,0
-16.4564,30.5779,319.7,2023-10-21,732,D,0
-16.8348,31.1378,321.3,2023-10-21,732,D,0
-16.6397,29.3952,328.9,2023-10-21,732,D,0
-16.9101,30.2667,328.1,2023-10-21,732,D,0
-16.9144,30.2595,319.8,2023-10-21,732,D,0
-16.9166,30.2725,319.8,2023-10-21,732,D,0
-16.8289,29.4908,322.5,2023-10-21,732,D,0
-17.757,31.6502,318.5,2023-10-21,733,D,0
-17.5734,30.3737,323.3,2023-10-21,733,D,0
-17.5837,30.372,324.7,2023-10-21,733,D,0
-17.5818,30.3793,328.5,2023-10-21,733,D,0
-18.0972,30.6964,325.0,2023-10-21,733,D,0
-18.4114,31.5172,327.6,2023-10-21,733,D,0
-18.4145,31.5102,328.4,2023-10-21,733,D,0
-18.4162,31.521,352.8,2023-10-21,733,D,0
-18.4257,31.5193,323.4,2023-10-21,733,D,0
-18.5383,31.7403,327.3,2023-10-21,733,D,0
-18.5399,31.7507,322.9,2023-10-21,733,D,0
-18.7202,32.2746,323.2,2023-10-21,733,D,0
-18.8505,32.3378,337.1,2023-10-21,733,D,0
-18.9139,32.6294,321.9,2023-10-21,733,D,0
-18.803,29.0174,382.1,2023-10-21,733,D,0
-18.8055,29.0326,371.9,2023-10-21,733,D,0
-19.3962,31.2377,327.5,2023-10-21,733,D,0
-19.3979,31.2485,326.2,2023-10-21,733,D,0
-20.0208,32.5101,331.8,2023-10-21,733,D,0
-20.4766,32.66,332.8,2023-10-21,733,D,0
-21.3155,30.6241,365.1,2023-10-21,734,D,0
-21.3173,30.6353,327.7,2023-10-21,734,D,0
-21.3177,30.6177,337.9,2023-10-21,734,D,0
-21.3196,30.6288,339.4,2023-10-21,734,D,0
-21.3461,30.67,327.8,2023-10-21,734,D,0
-21.1231,31.5272,329.6,2023-10-21,1221,D,0
-21.3163,30.619,335.1,2023-10-21,1221,D,0
-20.8142,31.9011,325.4,2023-10-21,1221,D,0
-19.3907,31.3234,327.2,2023-10-21,1221,D,0
-19.3485,31.1042,325.9,2023-10-21,1221,D,0
-16.7568,31.774,328.3,2023-10-21,1222,D,0
-19.0326,27.5615,339.7,2023-10-21,1222,D,0
-18.0891,30.0335,323.5,2023-10-21,1222,D,0
-17.1115,29.044,327.9,2023-10-22,813,D,0
-18.0317,28.9116,339.8,2023-10-22,813,D,0
-17.0234,30.4658,324.2,2023-10-22,813,D,0
-17.113,29.0496,331.3,2023-10-22,813,D,0
-19.3868,29.6541,321.7,2023-10-22,814,D,0
-19.389,29.6727,330.6,2023-10-22,814,D,0
-19.3919,29.6668,329.2,2023-10-22,814,D,0
-20.5292,27.7507,323.5,2023-10-22,814,D,0
-18.4782,27.1397,328.2,2023-10-22,814,D,0
-18.4783,26.4274,328.6,2023-10-22,814,D,0
-17.4547,31.3191,324.6,2023-10-22,1125,D,0
-18.374,26.4759,307.0,2023-10-22,2024,N,0
-17.7548,30.1527,305.2,2023-10-22,2024,N,0
-17.4246,31.6564,301.6,2023-10-22,2024,N,0
-18.6288,31.4325,302.5,2023-10-22,2024,N,0
-17.5954,30.6304,307.2,2023-10-22,2024,N,0
-17.1777,29.5921,301.5,2023-10-22,2024,N,0
-16.7281,30.8535,302.5,2023-10-22,2024,N,0
-16.9528,29.2017,319.2,2023-10-22,2024,N,0
-16.95,29.2065,316.0,2023-10-22,2024,N,0
-16.9518,29.1951,323.0,2023-10-22,2024,N,0
-16.6198,30.8128,301.7,2023-10-22,2024,N,0
-19.1811,31.2955,303.4,2023-10-22,2024,N,0
-18.6286,31.4261,303.0,2023-10-22,2024,N,0
-16.2346,30.0471,306.2,2023-10-22,2025,N,0
-18.6218,25.79,313.3,2023-10-22,2356,N,0
-18.6233,25.7996,351.2,2023-10-22,2356,N,0
-18.3683,26.4815,314.1,2023-10-22,2356,N,0
-20.4675,27.993,356.2,2023-10-23,1206,D,0
-20.4628,27.9977,349.4,2023-10-23,1206,D,0
-20.4287,29.6416,322.2,2023-10-23,1206,D,0
-19.8002,29.7319,332.6,2023-10-23,1206,D,0
-20.3442,28.0495,340.1,2023-10-23,1206,D,0
-20.4661,28.0038,332.6,2023-10-23,1206,D,0
-18.3945,25.7111,380.7,2023-10-23,1207,D,0
-19.4703,30.2288,324.6,2023-10-23,1207,D,0
-19.2064,31.018,324.6,2023-10-23,1207,D,0
-19.3836,27.5415,339.1,2023-10-23,1207,D,0
-18.9177,27.9259,332.6,2023-10-23,1207,D,0
-18.9109,27.929,339.1,2023-10-23,1207,D,0
-18.9123,27.9186,331.7,2023-10-23,1207,D,0
-18.7137,28.9536,338.9,2023-10-23,1207,D,0
-17.9905,30.588,337.0,2023-10-23,1207,D,0
-17.9919,30.5785,328.9,2023-10-23,1207,D,0
-17.9548,30.5755,342.0,2023-10-23,1207,D,0
-17.9562,30.566,331.6,2023-10-23,1207,D,0
-17.8965,30.2898,323.5,2023-10-23,1207,D,0
-17.831,30.0424,328.8,2023-10-23,1207,D,0
-18.4174,25.7003,356.7,2023-10-23,1207,D,0
-18.4018,25.7393,335.7,2023-10-23,1207,D,0
-18.4051,25.7124,349.2,2023-10-23,1207,D,0
-18.3912,25.7379,343.7,2023-10-23,1207,D,0
-18.3928,25.7245,380.4,2023-10-23,1207,D,0
-17.3146,32.9287,327.1,2023-10-23,1207,D,0
-17.8244,29.3294,332.9,2023-10-23,1207,D,0
-17.2467,30.8764,334.2,2023-10-23,1207,D,0
-17.0404,30.8988,340.1,2023-10-23,1207,D,0
-16.8732,31.3204,331.0,2023-10-23,1207,D,0
-17.0204,30.2929,333.3,2023-10-23,1207,D,0
-16.5929,31.348,327.8,2023-10-23,1207,D,0
-16.5945,31.3378,349.4,2023-10-23,1207,D,0
-16.5836,31.3464,328.2,2023-10-23,1207,D,0
-16.5852,31.3362,325.9,2023-10-23,1207,D,0
-16.756,29.5866,340.1,2023-10-23,1207,D,0
-16.7574,29.5774,337.2,2023-10-23,1207,D,0
-16.3881,30.9391,337.5,2023-10-23,1207,D,0
-16.2469,30.046,338.6,2023-10-23,1207,D,0
-16.2483,30.0367,336.4,2023-10-23,1207,D,0
-16.2379,30.0446,333.8,2023-10-23,1207,D,0
-16.2244,30.3173,330.7,2023-10-24,756,D,0
-16.6242,31.399,327.3,2023-10-24,756,D,0
-16.7033,31.7743,324.3,2023-10-24,756,D,0
-16.7134,31.773,324.1,2023-10-24,756,D,0
-16.497,29.5616,329.7,2023-10-24,756,D,0
-16.5555,29.5861,329.2,2023-10-24,756,D,0
-16.8171,30.0851,322.0,2023-10-24,756,D,0
-16.9371,29.8225,334.8,2023-10-24,756,D,0
-16.9384,29.8324,330.4,2023-10-24,756,D,0
-16.944,29.2064,336.0,2023-10-24,756,D,0
-17.3202,31.9121,320.4,2023-10-24,756,D,0
-17.3218,31.9247,321.3,2023-10-24,756,D,0
-17.3377,31.8841,328.7,2023-10-24,756,D,0
-17.0036,29.304,334.3,2023-10-24,756,D,0
-17.005,29.3135,338.4,2023-10-24,756,D,0
-17.348,31.8826,325.1,2023-10-24,756,D,0
-17.3648,31.5367,325.9,2023-10-24,756,D,0
-19.4246,31.2512,320.7,2023-10-24,757,D,0
-17.5706,30.0816,324.3,2023-10-24,757,D,0
-17.572,30.0918,321.2,2023-10-24,757,D,0
-17.5253,28.5685,331.6,2023-10-24,757,D,0
-17.8315,29.9738,324.7,2023-10-24,757,D,0
-17.8501,29.9713,325.0,2023-10-24,757,D,0
-17.9667,30.5895,331.7,2023-10-24,757,D,0
-17.9763,30.5882,324.5,2023-10-24,757,D,0
-17.891,29.4059,325.2,2023-10-24,757,D,0
-18.2636,32.2346,319.6,2023-10-24,757,D,0
-18.785,31.0962,325.5,2023-10-24,757,D,0
-18.6495,29.7689,321.8,2023-10-24,757,D,0
-18.3679,26.4776,333.8,2023-10-24,757,D,0
-19.0585,30.8491,320.5,2023-10-24,757,D,0
-18.6091,25.7712,332.6,2023-10-24,757,D,0
-18.6168,25.7592,337.3,2023-10-24,757,D,0
-18.6184,25.7696,336.6,2023-10-24,757,D,0
-19.4798,30.1599,324.5,2023-10-24,757,D,0
-19.8901,29.365,321.0,2023-10-24,757,D,0
-20.2761,29.1023,325.3,2023-10-24,757,D,0
-20.2426,28.0686,328.6,2023-10-24,757,D,0
-20.244,28.0781,332.0,2023-10-24,757,D,0
-20.2516,28.0672,331.4,2023-10-24,757,D,0
-20.2529,28.0767,342.8,2023-10-24,757,D,0
-21.0022,31.7563,324.8,2023-10-24,757,D,0
-20.7552,27.7274,329.4,2023-10-24,757,D,0
-16.2726,30.0316,325.3,2023-10-24,1249,D,0
-16.2699,30.0367,326.0,2023-10-24,1249,D,0
-17.1752,29.9323,325.5,2023-10-24,1249,D,0
-19.2109,30.8759,307.9,2023-10-24,2007,N,0
-19.0758,30.7849,307.8,2023-10-24,2007,N,0
-18.7307,25.7934,317.3,2023-10-24,2007,N,0
-18.7318,25.7879,324.4,2023-10-24,2007,N,0
-21.05,31.7365,323.1,2023-10-24,2007,N,0
-21.0223,31.5472,308.0,2023-10-24,2007,N,0
-19.2198,30.8773,304.6,2023-10-24,2007,N,0
-16.5862,29.7637,303.0,2023-10-24,2008,N,0
-16.2516,30.0463,303.2,2023-10-24,2008,N,0
-16.6871,29.426,305.7,2023-10-24,2008,N,0
-16.7251,29.3514,311.4,2023-10-24,2008,N,0
-17.0496,29.2626,305.5,2023-10-24,2008,N,0
-18.688,25.7947,304.2,2023-10-24,2341,N,0
-18.6906,25.8099,303.2,2023-10-24,2341,N,0
-18.6889,25.8035,309.7,2023-10-24,2341,N,0
-20.0157,32.8257,316.7,2023-10-25,700,D,0
-18.1975,26.1823,329.8,2023-10-25,837,D,0
-18.7134,25.7805,338.0,2023-10-25,838,D,0
-18.7163,25.8076,340.5,2023-10-25,838,D,0
-18.7038,25.8035,336.8,2023-10-25,838,D,0
-18.7182,25.8018,335.6,2023-10-25,838,D,0
-16.9721,28.2512,331.4,2023-10-25,1152,D,0
-18.8052,31.9504,337.7,2023-10-25,1152,D,0
-18.8066,31.9401,378.9,2023-10-25,1152,D,0
-18.6986,32.4057,331.0,2023-10-25,1152,D,0
-18.5842,32.362,330.8,2023-10-25,1152,D,0
-18.6191,31.3548,337.5,2023-10-25,1152,D,0
-18.4767,31.4086,339.0,2023-10-25,1152,D,0
-18.1666,32.8521,342.4,2023-10-25,1152,D,0
-18.1563,32.8601,351.7,2023-10-25,1152,D,0
-18.1576,32.8507,327.5,2023-10-25,1152,D,0
-18.0847,31.8457,335.3,2023-10-25,1152,D,0
-18.0861,31.8356,337.0,2023-10-25,1152,D,0
-18.0871,30.8121,332.1,2023-10-25,1152,D,0
-18.0886,30.8009,333.1,2023-10-25,1152,D,0
-18.0789,30.7996,324.9,2023-10-25,1152,D,0
-17.6306,32.4102,330.7,2023-10-25,1152,D,0
-17.4815,32.159,350.1,2023-10-25,1152,D,0
-17.4473,31.546,331.6,2023-10-25,1152,D,0
-17.237,31.5328,365.0,2023-10-25,1152,D,0
-17.208,31.4668,327.8,2023-10-25,1152,D,0
-17.0511,31.6867,334.3,2023-10-25,1152,D,0
-16.9736,31.1633,331.2,2023-10-25,1152,D,0
-16.7508,32.4556,334.9,2023-10-25,1152,D,0
-16.8156,31.7899,332.3,2023-10-25,1152,D,0
-16.9487,30.4083,329.5,2023-10-25,1152,D,0
-16.7571,31.7556,339.3,2023-10-25,1152,D,0
-16.6537,32.2998,333.7,2023-10-25,1152,D,0
-16.6603,31.854,334.8,2023-10-25,1152,D,0
-16.7,31.4982,348.5,2023-10-25,1152,D,0
-16.5927,31.4768,336.9,2023-10-25,1152,D,0
-16.4991,32.0892,327.7,2023-10-25,1152,D,0
-16.642,29.4044,335.7,2023-10-25,1152,D,0
-16.6123,29.3876,334.9,2023-10-25,1152,D,0
-16.3582,30.8512,331.8,2023-10-25,1152,D,0
-16.2623,30.05,340.4,2023-10-25,1152,D,0
-19.0265,31.8811,328.6,2023-10-25,1152,D,0
-18.9123,32.1885,337.1,2023-10-25,1152,D,0
-18.9202,31.1525,342.1,2023-10-25,1152,D,0
-16.2523,30.0485,339.8,2023-10-25,1153,D,0
-17.0629,29.3025,307.7,2023-10-25,2048,N,0
-18.2576,26.9052,310.2,2023-10-25,2048,N,0
-17.0585,29.3069,308.1,2023-10-25,2048,N,0
-19.0785,27.0558,327.9,2023-10-26,740,D,0
-19.0812,27.0709,330.1,2023-10-26,740,D,0
-16.6625,30.2323,325.2,2023-10-26,740,D,0
-16.7625,30.22,326.0,2023-10-26,740,D,0
-16.7686,30.1976,355.5,2023-10-26,740,D,0
-16.7703,30.208,334.0,2023-10-26,740,D,0
-16.9494,31.3696,347.5,2023-10-26,740,D,0
-16.7903,30.1505,339.2,2023-10-26,740,D,0
-16.6635,29.2829,330.2,2023-10-26,740,D,0
-17.0183,31.2155,347.6,2023-10-26,740,D,0
-17.0198,31.2251,352.0,2023-10-26,740,D,0
-16.9689,29.4624,325.7,2023-10-26,740,D,0
-17.3386,31.3212,324.3,2023-10-26,740,D,0
-16.9079,28.2765,328.6,2023-10-26,740,D,0
-17.317,29.916,329.4,2023-10-26,740,D,0
-17.7324,30.4595,323.0,2023-10-26,740,D,0
-17.734,30.4695,322.8,2023-10-26,740,D,0
-17.9142,31.2246,320.4,2023-10-26,740,D,0
-17.6155,29.2044,328.3,2023-10-26,740,D,0
-17.7994,29.9879,327.8,2023-10-26,740,D,0
-17.8518,29.5233,327.2,2023-10-26,740,D,0
-18.351,31.5553,333.0,2023-10-26,740,D,0
-18.3524,31.5647,352.5,2023-10-26,740,D,0
-18.3599,31.5538,328.8,2023-10-26,740,D,0
-18.3613,31.5632,354.7,2023-10-26,740,D,0
-18.8788,29.9338,323.5,2023-10-26,740,D,0
-18.8881,29.9322,323.0,2023-10-26,740,D,0
-19.0704,27.079,332.1,2023-10-26,740,D,0
-19.079,27.0618,338.1,2023-10-26,740,D,0
-19.0816,27.0769,326.4,2023-10-26,740,D,0
-18.7456,26.9215,373.4,2023-10-26,1233,D,0
-20.2462,28.3187,333.8,2023-10-26,1233,D,0
-20.1478,28.2175,334.6,2023-10-26,1233,D,0
-19.4236,30.7869,324.4,2023-10-26,1233,D,0
-19.6506,29.544,326.9,2023-10-26,1233,D,0
-19.122,29.6963,331.5,2023-10-26,1233,D,0
-18.2234,31.8403,326.7,2023-10-26,1233,D,0
-18.7531,26.9298,361.7,2023-10-26,1233,D,0
-18.7552,26.9172,343.1,2023-10-26,1233,D,0
-18.7408,26.9404,360.2,2023-10-26,1233,D,0
-18.7429,26.9279,403.8,2023-10-26,1233,D,0
-18.745,26.9154,350.7,2023-10-26,1233,D,0
-18.7436,26.934,367.8,2023-10-26,1233,D,0
-18.7334,26.9321,361.7,2023-10-26,1233,D,0
-18.7354,26.9196,335.1,2023-10-26,1233,D,0
-18.2174,26.1951,341.8,2023-10-26,1234,D,0
-16.6401,29.414,328.2,2023-10-26,1234,D,0
-17.5886,27.3912,329.9,2023-10-26,1234,D,0
-18.8123,32.7143,303.0,2023-10-26,1950,N,0
-18.7569,26.8969,311.6,2023-10-26,1951,N,0
-16.6808,31.2873,306.3,2023-10-26,1951,N,0
-16.6794,31.299,311.3,2023-10-26,1951,N,0
-17.0162,30.7121,315.8,2023-10-26,1951,N,0
-17.1994,30.9687,303.0,2023-10-26,1951,N,0
-17.9376,30.3505,312.4,2023-10-26,1951,N,0
-17.9393,30.3362,307.6,2023-10-26,1951,N,0
-17.9418,30.3428,311.1,2023-10-26,1951,N,0
-18.754,26.8913,307.5,2023-10-26,1951,N,0
-18.7513,26.9178,309.0,2023-10-26,1951,N,0
-19.6455,29.5541,335.3,2023-10-27,821,D,0
-19.652,29.5744,324.3,2023-10-27,821,D,0
-19.6463,28.5679,334.7,2023-10-27,821,D,0
-19.6487,28.5896,336.5,2023-10-27,821,D,0
-19.6453,28.5833,339.7,2023-10-27,821,D,0
-19.6496,29.5483,328.0,2023-10-27,821,D,0
-21.1347,31.8874,330.8,2023-10-27,1136,D,0
-21.138,31.8946,331.2,2023-10-27,1136,D,0
-20.1775,32.5727,327.0,2023-10-27,1136,D,0
-18.6953,31.1564,326.7,2023-10-27,1137,D,0
-18.6976,31.1369,327.3,2023-10-27,1137,D,0
-18.496,30.171,327.1,2023-10-27,1137,D,0
-18.7267,26.8829,327.7,2023-10-27,1137,D,0
-18.7377,26.9183,330.0,2023-10-27,1137,D,0
-18.0268,28.927,330.5,2023-10-27,1137,D,0
-18.0262,28.9199,330.9,2023-10-27,1137,D,0
-17.4578,30.0277,330.3,2023-10-27,1137,D,0
-17.4474,30.0443,323.3,2023-10-27,1137,D,0
-17.176,30.9288,325.4,2023-10-27,1137,D,0
-17.1781,30.9101,325.4,2023-10-27,1137,D,0
-17.1746,30.9238,327.7,2023-10-27,1137,D,0
-16.7562,32.839,331.4,2023-10-27,1137,D,0
-16.7732,32.7007,321.6,2023-10-27,1137,D,0
-16.7531,32.8328,327.9,2023-10-27,1137,D,0
-16.8148,32.3574,322.2,2023-10-27,1137,D,0
-16.7796,31.8097,329.0,2023-10-27,1137,D,0
-16.821,31.7394,326.9,2023-10-27,1137,D,0
-19.9097,32.7184,323.2,2023-10-27,1137,D,0
-19.6639,29.2751,325.4,2023-10-27,1137,D,0
-19.6578,28.5469,348.6,2023-10-27,1137,D,0
-19.6607,28.5148,332.3,2023-10-27,1137,D,0
-19.6619,28.5399,345.9,2023-10-27,1137,D,0
-19.6432,28.5703,328.7,2023-10-27,1137,D,0
-19.6463,28.5382,332.6,2023-10-27,1137,D,0
-19.193,31.1321,353.3,2023-10-27,1137,D,0
-19.1952,31.1119,343.6,2023-10-27,1137,D,0
-19.142,31.2462,330.8,2023-10-27,1137,D,0
-19.1441,31.2264,337.0,2023-10-27,1137,D,0
-19.1412,31.241,333.2,2023-10-27,1137,D,0
-19.1435,31.2213,325.5,2023-10-27,1137,D,0
-18.6486,32.3846,328.7,2023-10-27,1137,D,0
-18.775,31.275,342.0,2023-10-27,1137,D,0
-18.7771,31.2564,325.4,2023-10-27,1137,D,0
-18.6371,32.3837,325.7,2023-10-27,1137,D,0
-18.6395,32.3791,328.9,2023-10-27,1137,D,0
-18.7735,31.27,338.7,2023-10-27,1137,D,0
-18.6991,31.1442,332.6,2023-10-27,1137,D,0
-16.34,30.0376,335.2,2023-10-27,1138,D,0
-16.3175,30.4755,331.5,2023-10-27,1138,D,0
-16.3307,30.0323,336.0,2023-10-27,1138,D,0
-19.3899,30.4766,306.3,2023-10-27,2031,N,0
-18.3654,26.4762,310.0,2023-10-27,2031,N,0
-18.0491,26.0623,306.8,2023-10-27,2031,N,0
-16.9796,29.1991,308.5,2023-10-28,7,N,0
-16.6274,29.4622,324.3,2023-10-28,723,D,0
-17.1964,31.2584,323.5,2023-10-28,723,D,0
-17.1312,30.6001,321.6,2023-10-28,723,D,0
-17.1344,30.5926,324.8,2023-10-28,723,D,0
-17.3283,31.1426,328.2,2023-10-28,723,D,0
-17.3241,31.1374,325.8,2023-10-28,723,D,0
-17.2976,30.4226,325.5,2023-10-28,723,D,0
-17.2999,30.4152,327.9,2023-10-28,723,D,0
-18.0461,32.0593,324.6,2023-10-28,723,D,0
-18.2179,30.4094,325.3,2023-10-28,723,D,0
-18.3252,30.7777,324.6,2023-10-28,723,D,0
-18.579,31.0389,325.1,2023-10-28,723,D,0
-16.984,29.1945,326.8,2023-10-28,723,D,0
-16.3131,30.0612,334.8,2023-10-28,723,D,0
-16.3113,30.0553,334.1,2023-10-28,723,D,0
-16.812,31.776,330.4,2023-10-28,723,D,0
-19.0615,30.2388,325.5,2023-10-28,724,D,0
-19.3903,30.3918,324.2,2023-10-28,724,D,0
-19.0583,30.2206,322.6,2023-10-28,724,D,0
-20.4287,29.336,324.7,2023-10-28,724,D,0
-19.3481,28.067,338.0,2023-10-28,1218,D,0
-20.7834,30.2671,339.8,2023-10-28,1218,D,0
-20.6291,30.2024,333.9,2023-10-28,1218,D,0
-20.6247,28.3368,331.0,2023-10-28,1218,D,0
-20.436,29.3375,374.4,2023-10-28,1218,D,0
-20.4376,29.3272,344.8,2023-10-28,1218,D,0
-20.4268,29.3358,341.7,2023-10-28,1218,D,0
-20.4284,29.3255,332.2,2023-10-28,1218,D,0
-20.6284,27.6955,337.3,2023-10-28,1218,D,0
-20.6298,27.686,364.9,2023-10-28,1218,D,0
-20.2812,28.8408,342.0,2023-10-28,1218,D,0
-20.3119,27.9641,334.7,2023-10-28,1218,D,0
-20.2927,28.0334,342.7,2023-10-28,1218,D,0
-19.9792,29.6508,328.7,2023-10-28,1218,D,0
-19.9681,29.6596,340.1,2023-10-28,1218,D,0
-19.9698,29.649,368.4,2023-10-28,1218,D,0
-19.9715,29.6384,344.0,2023-10-28,1218,D,0
-19.9552,29.6793,333.7,2023-10-28,1218,D,0
-19.9604,29.6473,335.1,2023-10-28,1218,D,0
-20.089,28.4061,333.7,2023-10-28,1218,D,0
-19.8244,29.8328,339.8,2023-10-28,1218,D,0
-19.3857,30.3975,346.1,2023-10-28,1218,D,0
-19.3955,29.6232,329.6,2023-10-28,1218,D,0
-18.9482,31.8174,334.3,2023-10-28,1218,D,0
-19.4803,28.2299,336.9,2023-10-28,1218,D,0
-19.3391,28.0655,337.4,2023-10-28,1218,D,0
-19.4793,27.1102,334.1,2023-10-28,1218,D,0
-19.1012,29.5525,358.6,2023-10-28,1218,D,0
-19.2428,28.3358,334.8,2023-10-28,1218,D,0
-19.279,27.9704,337.3,2023-10-28,1218,D,0
-19.2804,27.9609,339.8,2023-10-28,1218,D,0
-19.2785,27.9117,345.1,2023-10-28,1218,D,0
-19.2799,27.9022,346.2,2023-10-28,1218,D,0
-18.6249,31.3408,346.1,2023-10-28,1218,D,0
-18.3816,32.4777,328.8,2023-10-28,1218,D,0
-18.3856,32.4718,328.6,2023-10-28,1218,D,0
-18.7409,29.4975,333.2,2023-10-28,1218,D,0
-18.7331,29.485,341.6,2023-10-28,1218,D,0
-18.9055,27.9416,346.8,2023-10-28,1218,D,0
-18.9069,27.9321,345.2,2023-10-28,1218,D,0
-18.8979,27.9306,338.0,2023-10-28,1218,D,0
-18.8597,27.8169,344.8,2023-10-28,1218,D,0
-18.8505,27.8195,333.0,2023-10-28,1218,D,0
-18.8519,27.81,350.4,2023-10-28,1218,D,0
-18.8533,27.8005,366.3,2023-10-28,1218,D,0
-18.4137,30.3863,335.1,2023-10-28,1218,D,0
-18.752,27.4865,342.1,2023-10-28,1218,D,0
-18.7533,27.4771,347.5,2023-10-28,1218,D,0
-18.743,27.485,353.4,2023-10-28,1218,D,0
-18.7444,27.4756,354.5,2023-10-28,1218,D,0
-18.1224,28.918,345.7,2023-10-28,1219,D,0
-17.6059,31.9034,332.3,2023-10-28,1219,D,0
-17.8852,30.167,333.1,2023-10-28,1219,D,0
-17.719,30.9125,361.2,2023-10-28,1219,D,0
-17.7222,30.92,359.8,2023-10-28,1219,D,0
-17.7853,30.0206,332.1,2023-10-28,1219,D,0
-18.2994,26.546,337.6,2023-10-28,1219,D,0
-18.2904,26.5446,341.6,2023-10-28,1219,D,0
-17.4544,31.8461,330.7,2023-10-28,1219,D,0
-18.2053,26.4285,339.4,2023-10-28,1219,D,0
-18.2066,26.4191,346.7,2023-10-28,1219,D,0
-18.208,26.4097,362.0,2023-10-28,1219,D,0
-17.9075,28.3876,333.5,2023-10-28,1219,D,0
-17.2409,31.5429,331.4,2023-10-28,1219,D,0
-17.2435,31.5281,333.0,2023-10-28,1219,D,0
-17.2406,31.536,337.6,2023-10-28,1219,D,0
-17.6029,29.2284,335.1,2023-10-28,1219,D,0
-17.499,29.1827,335.9,2023-10-28,1219,D,0
-17.3457,29.0458,335.3,2023-10-28,1219,D,0
-16.5772,31.5086,328.8,2023-10-28,1219,D,0
-16.9046,28.7884,342.5,2023-10-28,1219,D,0
-16.9062,28.7779,333.5,2023-10-28,1219,D,0
-16.7252,29.0692,335.0,2023-10-28,1219,D,0
-16.548,29.5541,342.7,2023-10-28,1219,D,0
-16.3082,30.4744,338.6,2023-10-28,1219,D,0
-17.5967,27.3911,340.8,2023-10-28,1219,D,0
-17.5981,27.3817,347.4,2023-10-28,1219,D,0
-17.2281,29.6648,328.9,2023-10-28,1219,D,0
-16.9751,30.389,328.7,2023-10-28,1219,D,0
-17.0071,30.0835,334.8,2023-10-28,1219,D,0
-18.1241,31.7288,302.2,2023-10-28,1934,N,0
-16.5432,29.5267,343.0,2023-10-29,803,D,0
-16.2074,30.5561,334.8,2023-10-29,803,D,0
-16.2953,30.0529,327.7,2023-10-29,803,D,0
-16.5334,29.5281,339.4,2023-10-29,803,D,0
-16.5417,29.5152,332.9,2023-10-29,803,D,0
-20.28,29.7178,331.2,2023-10-29,804,D,0
-17.3085,31.1413,331.6,2023-10-29,804,D,0
-17.6858,31.3335,328.4,2023-10-29,804,D,0
-18.1425,32.8029,326.3,2023-10-29,804,D,0
-18.1436,32.8185,319.2,2023-10-29,804,D,0
-18.5845,32.1059,324.7,2023-10-29,804,D,0
-18.1177,27.25,333.0,2023-10-29,804,D,0
-18.301,26.5264,331.7,2023-10-29,804,D,0
-18.3684,26.4815,328.4,2023-10-29,804,D,0
-18.4981,26.4263,332.0,2023-10-29,804,D,0
-18.499,26.3687,346.4,2023-10-29,804,D,0
-18.503,26.3968,354.7,2023-10-29,804,D,0
-18.5044,26.4062,344.2,2023-10-29,804,D,0
-18.5079,26.3673,333.5,2023-10-29,804,D,0
-18.5093,26.3767,339.7,2023-10-29,804,D,0
-19.1041,30.8814,335.9,2023-10-29,804,D,0
-19.1059,30.8967,325.0,2023-10-29,804,D,0
-19.4196,31.4379,330.1,2023-10-29,804,D,0
-19.4216,31.4553,323.7,2023-10-29,804,D,0
-19.4385,30.3249,327.5,2023-10-29,804,D,0
-20.5037,27.9954,328.5,2023-10-29,805,D,0
-20.5132,27.9941,328.3,2023-10-29,805,D,0
-19.2961,31.0946,321.2,2023-10-29,1122,D,0
-18.9986,31.7444,319.5,2023-10-29,1122,D,0
-17.4767,29.9946,328.6,2023-10-29,1122,D,0
-16.7527,30.2082,331.5,2023-10-29,2015,N,0
-16.848,29.2422,305.3,2023-10-29,2015,N,0
-16.7773,29.6,305.5,2023-10-29,2015,N,0
-16.7787,29.5905,303.9,2023-10-29,2015,N,0
-16.886,28.7773,318.7,2023-10-29,2015,N,0
-16.8873,28.768,333.0,2023-10-29,2015,N,0
-16.8771,28.7758,307.1,2023-10-29,2015,N,0
-16.586,30.7051,305.0,2023-10-29,2015,N,0
-16.6726,29.3075,321.0,2023-10-29,2015,N,0
-16.2943,30.0634,312.3,2023-10-29,2015,N,0
-16.9741,31.2516,304.8,2023-10-29,2015,N,0
-16.7552,31.8067,305.5,2023-10-29,2015,N,0
-17.027,29.2161,307.6,2023-10-29,2015,N,0
-16.7023,29.4599,301.9,2023-10-29,2352,N,0
-17.3145,29.9503,303.6,2023-10-29,2352,N,0
-18.3676,26.482,305.7,2023-10-29,2353,N,0
-18.0623,30.1029,317.5,2023-10-31,1958,N,0
-18.7812,30.8698,301.6,2023-10-31,1958,N,0
-17.6092,30.1443,305.4,2023-10-31,2337,N,0
-18.639,31.3729,324.7,2023-11-01,1148,D,0
-18.629,31.3715,322.9,2023-11-01,1148,D,0
-16.8888,30.2447,348.7,2023-11-01,1149,D,0
-17.3453,30.4912,312.2,2023-11-02,730,D,0
-17.3347,30.4931,332.4,2023-11-02,730,D,0
-17.3369,30.5065,311.7,2023-11-02,730,D,0
-17.2165,29.1812,328.3,2023-11-03,811,D,0
-16.6497,29.7939,318.6,2023-11-03,811,D,0
-17.6161,30.314,341.3,2023-11-03,1134,D,0
-17.6195,30.3195,337.6,2023-11-03,1134,D,0
-16.6902,31.2514,327.3,2023-11-03,1134,D,0
-16.6925,31.2308,337.4,2023-11-03,1134,D,0
-16.6917,31.2447,338.0,2023-11-03,1134,D,0
-16.6941,31.2241,324.0,2023-11-03,1134,D,0
-17.1111,29.672,300.9,2023-11-03,2022,N,0
-17.0032,29.4511,307.5,2023-11-03,2022,N,0
-17.1775,29.0462,308.1,2023-11-03,2022,N,0
-18.3683,26.4851,303.3,2023-11-04,4,N,0
-18.7297,30.9991,318.7,2023-11-04,714,D,0
-17.3567,30.4125,324.2,2023-11-04,714,D,0
-17.7205,31.3026,326.6,2023-11-04,714,D,0
-16.8764,29.1704,322.5,2023-11-04,714,D,0
-16.8831,29.2055,322.9,2023-11-04,714,D,0
-16.8743,29.2016,320.5,2023-11-04,714,D,0
-17.2894,30.5457,328.5,2023-11-04,714,D,0
-17.3515,30.3847,321.3,2023-11-04,714,D,0
-17.7247,31.3258,317.6,2023-11-04,714,D,0
-17.7312,31.3178,324.2,2023-11-04,714,D,0
-17.7267,31.2944,319.5,2023-11-04,714,D,0
-17.2009,31.5758,326.6,2023-11-04,1215,D,0
-17.2258,31.165,328.5,2023-11-04,1215,D,0
-17.2869,30.2812,329.6,2023-11-04,1215,D,0
-16.7513,31.7988,328.4,2023-11-04,1215,D,0
-17.0116,30.0811,336.1,2023-11-04,1215,D,0
-16.9024,30.5675,327.4,2023-11-04,1215,D,0
-17.0216,29.8056,328.4,2023-11-04,1215,D,0
-16.7023,31.3028,331.2,2023-11-04,1215,D,0
-17.5263,30.6369,330.0,2023-11-04,1215,D,0
-19.7244,29.3683,329.3,2023-11-04,1215,D,0
-19.3615,30.9111,326.7,2023-11-04,1215,D,0
-19.4179,30.0378,323.6,2023-11-04,1215,D,0
-18.8613,31.762,328.2,2023-11-04,1215,D,0
-18.202,32.7753,336.6,2023-11-04,1215,D,0
-18.461,30.1923,335.2,2023-11-04,1215,D,0
-18.2062,30.1187,332.7,2023-11-04,1215,D,0
-17.5603,32.3424,333.3,2023-11-04,1215,D,0
-17.7318,31.2671,324.9,2023-11-04,1215,D,0
-17.8408,29.1495,330.9,2023-11-04,1215,D,0
-17.944,28.461,333.0,2023-11-04,1215,D,0
-17.5773,30.7112,327.8,2023-11-04,1215,D,0
-17.5791,30.6998,326.4,2023-11-04,1215,D,0
-17.4582,30.1788,324.2,2023-11-04,1215,D,0
-16.753,30.6044,327.2,2023-11-04,1216,D,0
-16.6568,30.5706,327.8,2023-11-04,1216,D,0
-16.8491,29.2466,333.5,2023-11-04,1216,D,0
-16.6005,29.4184,335.3,2023-11-04,1216,D,0
-16.3262,30.4559,341.7,2023-11-04,1216,D,0
-16.2949,30.3852,331.7,2023-11-04,1216,D,0
-16.2851,30.3835,328.4,2023-11-04,1216,D,0
-16.0133,30.5483,334.8,2023-11-04,1216,D,0
-15.7503,30.3946,327.7,2023-11-04,1216,D,0
-17.2938,29.9338,328.6,2023-11-05,754,D,0
-16.7508,31.9768,322.0,2023-11-05,754,D,0
-16.7373,30.4984,339.1,2023-11-05,754,D,0
-16.7729,30.156,328.3,2023-11-05,754,D,0
-16.7062,29.2234,327.9,2023-11-05,754,D,0
-16.7281,29.2486,329.5,2023-11-05,754,D,0
-16.8636,30.2156,326.6,2023-11-05,754,D,0
-16.8683,29.2024,328.0,2023-11-05,754,D,0
-17.3085,31.4821,324.6,2023-11-05,754,D,0
-17.3197,31.492,368.4,2023-11-05,754,D,0
-17.5415,30.726,326.3,2023-11-05,754,D,0
-17.5429,30.7364,332.5,2023-11-05,754,D,0
-17.5478,30.7297,332.7,2023-11-05,754,D,0
-17.5491,30.7401,324.6,2023-11-05,754,D,0
-17.707,30.4747,324.4,2023-11-05,754,D,0
-18.1068,31.4288,323.1,2023-11-05,754,D,0
-18.1082,31.4403,325.8,2023-11-05,754,D,0
-17.9553,28.37,344.8,2023-11-05,754,D,0
-17.9567,28.3793,357.7,2023-11-05,754,D,0
-17.9642,28.3686,340.0,2023-11-05,754,D,0
-17.9656,28.3779,334.5,2023-11-05,754,D,0
-18.8301,29.7412,361.5,2023-11-05,755,D,0
-19.8033,32.949,319.8,2023-11-05,1118,D,0
-19.8072,32.9103,304.0,2023-11-05,2004,N,0
-16.4519,29.613,308.7,2023-11-05,2005,N,0
-16.4135,29.6942,310.5,2023-11-05,2005,N,0
-17.1796,31.0096,307.4,2023-11-05,2005,N,0
-17.6966,32.0318,302.7,2023-11-05,2005,N,0
-19.0642,30.2203,302.0,2023-11-05,2005,N,0
-17.6952,32.0413,300.1,2023-11-05,2005,N,0
-18.1238,28.8551,312.6,2023-11-05,2005,N,0
-18.1859,32.7794,301.4,2023-11-05,2349,N,0
-20.452,32.6684,332.8,2023-11-06,1159,D,0
-21.1452,31.4246,329.1,2023-11-06,1159,D,0
-21.1362,31.4232,328.4,2023-11-06,1159,D,0
-18.5015,26.3778,333.8,2023-11-06,1200,D,0
-17.9937,28.3964,342.3,2023-11-06,1200,D,0
-17.9952,28.3845,351.1,2023-11-06,1200,D,0
-17.995,28.391,347.6,2023-11-06,1200,D,0
-17.4228,30.8884,330.1,2023-11-06,1200,D,0
-17.2934,31.7247,326.9,2023-11-06,1200,D,0
-17.3684,31.0138,340.3,2023-11-06,1200,D,0
-17.3698,31.0044,341.8,2023-11-06,1200,D,0
-17.3381,30.8975,328.8,2023-11-06,1200,D,0
-17.358,30.7569,331.7,2023-11-06,1200,D,0
-17.4598,30.0273,335.9,2023-11-06,1200,D,0
-17.2274,31.1603,328.9,2023-11-06,1200,D,0
-17.2245,30.7304,329.6,2023-11-06,1200,D,0
-17.2508,29.4032,339.6,2023-11-06,1200,D,0
-17.0117,30.9336,340.6,2023-11-06,1200,D,0
-16.7266,32.7444,331.4,2023-11-06,1200,D,0
-16.8908,31.2592,330.0,2023-11-06,1200,D,0
-17.017,30.3014,331.5,2023-11-06,1200,D,0
-20.0429,32.6264,336.0,2023-11-06,1200,D,0
-19.8724,32.7871,342.2,2023-11-06,1200,D,0
-19.8271,32.9002,339.9,2023-11-06,1200,D,0
-20.0568,29.5402,351.8,2023-11-06,1200,D,0
-20.0582,29.5291,332.3,2023-11-06,1200,D,0
-19.3896,31.4206,329.2,2023-11-06,1200,D,0
-19.0205,31.7471,330.8,2023-11-06,1200,D,0
-19.0924,29.9007,324.6,2023-11-06,1200,D,0
-18.807,31.57,333.2,2023-11-06,1200,D,0
-18.3643,33.0066,329.9,2023-11-06,1200,D,0
-18.5471,29.6066,337.3,2023-11-06,1200,D,0
-18.0226,32.0254,338.3,2023-11-06,1200,D,0
-16.9507,29.9235,333.7,2023-11-06,1201,D,0
-16.7033,31.7927,335.0,2023-11-06,1201,D,0
-16.5548,32.4758,338.0,2023-11-06,1201,D,0
-16.7719,30.546,334.0,2023-11-06,1201,D,0
-16.4884,32.0613,336.7,2023-11-06,1201,D,0
-16.5852,30.693,358.7,2023-11-06,1201,D,0
-16.5771,30.686,333.0,2023-11-06,1201,D,0
-16.4886,30.7294,341.5,2023-11-06,1201,D,0
-16.4195,30.9493,338.7,2023-11-06,1201,D,0
-16.37,30.065,338.9,2023-11-06,1201,D,0
-16.3713,30.0553,350.9,2023-11-06,1201,D,0
-16.3068,29.5228,348.1,2023-11-06,1201,D,0
-16.3081,29.5128,337.4,2023-11-06,1201,D,0
-16.2975,29.5214,360.3,2023-11-06,1201,D,0
-16.2989,29.5114,331.2,2023-11-06,1201,D,0
-16.1472,30.4061,346.5,2023-11-06,1201,D,0
-16.0142,30.1779,332.0,2023-11-06,1201,D,0
-16.2942,29.506,303.6,2023-11-06,2046,N,0
-16.5287,29.933,331.9,2023-11-07,737,D,0
-16.6973,30.2727,327.5,2023-11-07,737,D,0
-16.7609,30.3624,329.0,2023-11-07,737,D,0
-16.6852,29.4377,326.8,2023-11-07,737,D,0
-16.6871,29.4499,332.9,2023-11-07,737,D,0
-16.7907,29.195,337.3,2023-11-07,737,D,0
-16.7869,29.1895,335.7,2023-11-07,737,D,0
-17.3395,31.0559,339.6,2023-11-07,737,D,0
-17.341,31.0659,328.3,2023-11-07,737,D,0
-17.3487,31.0544,348.5,2023-11-07,737,D,0
-17.3502,31.0644,333.3,2023-11-07,737,D,0
-17.7426,32.0776,335.5,2023-11-07,737,D,0
-17.6401,30.4886,336.0,2023-11-07,737,D,0
-17.6418,30.4991,342.1,2023-11-07,737,D,0
-17.9729,31.6449,321.6,2023-11-07,737,D,0
-16.2319,30.3294,335.9,2023-11-07,737,D,0
-16.2355,30.3339,334.4,2023-11-07,737,D,0
-16.2953,29.5044,330.9,2023-11-07,737,D,0
-16.6439,31.2708,342.0,2023-11-07,737,D,0
-16.6454,31.2806,341.5,2023-11-07,737,D,0
-16.8089,31.814,328.2,2023-11-07,737,D,0
-16.578,30.7442,328.9,2023-11-07,737,D,0
-20.0444,32.6384,335.8,2023-11-07,738,D,0
-20.1903,32.6906,322.9,2023-11-07,738,D,0
-20.2033,32.7178,322.6,2023-11-07,738,D,0
-19.8806,29.3365,320.9,2023-11-07,738,D,0
-20.0522,29.5189,326.3,2023-11-07,738,D,0
-20.0539,29.53,323.2,2023-11-07,738,D,0
-20.5321,32.6381,324.1,2023-11-07,738,D,0
-17.8668,30.5382,324.8,2023-11-07,738,D,0
-18.1695,32.7926,321.7,2023-11-07,738,D,0
-17.8718,30.1718,325.5,2023-11-07,738,D,0
-17.8621,30.0501,326.9,2023-11-07,738,D,0
-18.2231,31.4088,320.7,2023-11-07,738,D,0
-18.2839,31.3234,331.1,2023-11-07,738,D,0
-18.4265,31.4122,332.6,2023-11-07,738,D,0
-18.5052,31.3832,332.7,2023-11-07,738,D,0
-18.3065,29.3138,331.3,2023-11-07,738,D,0
-18.8045,32.5297,331.1,2023-11-07,738,D,0
-18.904,29.3297,329.2,2023-11-07,738,D,0
-19.1535,30.7324,327.3,2023-11-07,738,D,0
-19.7396,32.8265,323.5,2023-11-07,738,D,0
-19.8048,32.8302,406.1,2023-11-07,738,D,0
-19.8062,32.8395,334.5,2023-11-07,738,D,0
-19.8124,32.8194,358.6,2023-11-07,738,D,0
-19.8138,32.8288,456.0,2023-11-07,738,D,0
-19.8151,32.8382,338.2,2023-11-07,738,D,0
-19.9916,32.7208,331.8,2023-11-07,738,D,0
-19.9924,32.6626,346.8,2023-11-07,738,D,0
-20.0012,32.6549,375.5,2023-11-07,738,D,0
-20.0025,32.6643,371.7,2023-11-07,738,D,0
-20.0431,32.629,360.1,2023-11-07,738,D,0
-17.5241,32.1187,306.8,2023-11-07,1948,N,0
-16.9633,29.7948,303.8,2023-11-07,1949,N,0
-16.9664,29.7895,301.9,2023-11-07,1949,N,0
-16.2355,30.7273,318.9,2023-11-07,2334,N,0
-16.8034,29.8105,302.3,2023-11-07,2334,N,0
-17.5326,32.0354,316.9,2023-11-08,818,D,0
-20.8946,28.2195,321.1,2023-11-08,1144,D,0
-20.9103,28.252,364.1,2023-11-08,1144,D,0
-20.9034,28.2722,334.1,2023-11-08,1144,D,0
-20.9061,28.2466,371.4,2023-11-08,1144,D,0
-20.8894,28.2707,322.7,2023-11-08,1144,D,0
-20.892,28.245,369.5,2023-11-08,1144,D,0
-17.7327,29.1367,329.9,2023-11-08,1145,D,0
-17.7202,29.1351,333.5,2023-11-08,1145,D,0
-17.7338,29.1419,331.9,2023-11-08,1145,D,0
-16.3125,30.3977,331.5,2023-11-08,1146,D,0
-16.7122,29.434,326.3,2023-11-08,1146,D,0
-18.1649,25.6418,304.7,2023-11-08,2029,N,0
-18.1548,25.6415,314.9,2023-11-09,16,N,0
-17.3834,31.0063,342.1,2023-11-09,721,D,0
-17.3866,31.0243,343.7,2023-11-09,721,D,0
-17.3955,31.0042,345.3,2023-11-09,721,D,0
-17.3987,31.0222,344.6,2023-11-09,721,D,0
-17.0629,30.1462,331.0,2023-11-09,1227,D,0
-16.7359,30.2129,303.1,2023-11-09,1932,N,0
-17.6387,29.272,304.5,2023-11-09,1932,N,0
-17.2489,31.3242,324.4,2023-11-10,801,D,0
-17.2506,31.3385,332.3,2023-11-10,801,D,0
-17.3415,29.9254,331.4,2023-11-10,801,D,0
-17.247,31.3303,337.8,2023-11-10,801,D,0
-17.2488,31.3446,324.6,2023-11-10,801,D,0
-18.3726,26.4796,330.8,2023-11-10,802,D,0
-18.9442,30.6156,324.2,2023-11-10,802,D,0
-18.8005,30.758,328.8,2023-11-10,802,D,0
-18.3068,26.1561,333.3,2023-11-10,802,D,0
-18.3041,26.1373,341.2,2023-11-10,802,D,0
-18.3054,26.1467,355.7,2023-11-10,802,D,0
-17.7815,30.0367,326.3,2023-11-10,1130,D,0
-18.364,29.7162,307.8,2023-11-10,2012,N,0
-16.6046,30.7811,301.9,2023-11-10,2012,N,0
-16.6152,30.7726,302.7,2023-11-10,2012,N,0
-17.0487,29.3783,308.9,2023-11-10,2012,N,0
-17.7729,30.0446,304.4,2023-11-10,2012,N,0
-17.5621,31.6415,301.8,2023-11-10,2012,N,0
-16.2234,29.1508,328.1,2023-11-10,2013,N,0
-16.2151,29.1531,307.9,2023-11-11,0,N,0
-16.2282,29.1552,306.8,2023-11-11,0,N,0
-18.7277,29.6043,332.4,2023-11-11,1211,D,0
-20.3917,30.9112,326.7,2023-11-11,1211,D,0
-20.0434,32.6358,323.3,2023-11-11,1211,D,0
-20.0453,32.624,321.4,2023-11-11,1211,D,0
-19.9914,32.5099,330.1,2023-11-11,1211,D,0
-19.9023,32.7379,327.1,2023-11-11,1211,D,0
-19.9044,32.7254,329.0,2023-11-11,1211,D,0
-19.9047,32.7329,332.6,2023-11-11,1211,D,0
-19.9569,30.9274,331.0,2023-11-11,1211,D,0
-19.9584,30.9174,332.0,2023-11-11,1211,D,0
-20.2634,28.1978,338.3,2023-11-11,1211,D,0
-20.1667,28.2365,350.2,2023-11-11,1211,D,0
-20.168,28.2268,345.8,2023-11-11,1211,D,0
-19.6381,30.2948,335.1,2023-11-11,1211,D,0
-19.6396,30.2851,335.9,2023-11-11,1211,D,0
-19.5812,30.3646,335.6,2023-11-11,1211,D,0
-19.4311,31.2758,326.7,2023-11-11,1211,D,0
-19.6543,29.3172,331.5,2023-11-11,1211,D,0
-19.6868,28.1794,336.4,2023-11-11,1211,D,0
-19.1945,31.2694,331.5,2023-11-11,1211,D,0
-19.1884,31.2469,341.9,2023-11-11,1211,D,0
-19.2719,29.7857,328.5,2023-11-11,1211,D,0
-18.6661,32.1484,341.0,2023-11-11,1211,D,0
-18.668,32.1368,397.8,2023-11-11,1211,D,0
-18.6699,32.1251,329.4,2023-11-11,1211,D,0
-18.7407,30.7889,338.4,2023-11-11,1211,D,0
-18.7369,30.7721,337.8,2023-11-11,1211,D,0
-18.7077,30.7775,345.8,2023-11-11,1211,D,0
-18.893,29.5472,331.8,2023-11-11,1211,D,0
-18.7372,29.6018,337.0,2023-11-11,1211,D,0
-18.4284,30.1286,333.2,2023-11-11,1211,D,0
-18.1126,29.5914,333.3,2023-11-11,1212,D,0
-18.4723,28.7033,333.5,2023-11-11,1212,D,0
-17.9859,29.327,337.1,2023-11-11,1212,D,0
-17.7587,29.1752,330.6,2023-11-11,1212,D,0
-17.7058,29.224,329.4,2023-11-11,1212,D,0
-17.6117,29.117,335.4,2023-11-11,1212,D,0
-16.8655,30.4538,379.8,2023-11-11,1212,D,0
-16.867,30.4437,363.4,2023-11-11,1212,D,0
-16.8562,30.4522,344.0,2023-11-11,1212,D,0
-16.8578,30.4421,332.9,2023-11-11,1212,D,0
-16.7666,29.5284,334.0,2023-11-11,1212,D,0
-16.3789,29.6549,330.2,2023-11-11,1212,D,0
-16.0382,30.489,331.9,2023-11-12,744,D,0
-16.3017,31.6609,328.2,2023-11-12,744,D,0
-16.587,31.5331,323.0,2023-11-12,744,D,0
-17.047,30.147,334.6,2023-11-12,744,D,0
-17.2063,31.1683,333.8,2023-11-12,744,D,0
-17.2076,31.1775,325.5,2023-11-12,744,D,0
-17.0159,29.6369,328.7,2023-11-12,744,D,0
-17.6232,30.7352,330.5,2023-11-12,744,D,0
-18.3085,32.0596,328.2,2023-11-12,745,D,0
-18.3367,31.2817,327.8,2023-11-12,745,D,0
-18.9205,30.035,324.3,2023-11-12,745,D,0
-18.9219,30.0444,340.8,2023-11-12,745,D,0
-18.9294,30.0336,350.5,2023-11-12,745,D,0
-18.9308,30.043,365.6,2023-11-12,745,D,0
-18.6544,27.8752,334.8,2023-11-12,745,D,0
-19.465,29.9776,332.0,2023-11-12,745,D,0
-19.899,32.6666,326.5,2023-11-12,745,D,0
-20.4542,28.6596,334.4,2023-11-12,745,D,0
-20.0551,32.6174,319.5,2023-11-12,1114,D,0
-20.0552,32.6127,318.5,2023-11-12,1114,D,0
-19.9592,32.6974,314.5,2023-11-12,1114,D,0
-19.9541,32.7293,318.4,2023-11-12,1114,D,0
-20.0232,32.7051,307.4,2023-11-12,1955,N,0
-19.7802,29.8656,302.5,2023-11-12,1955,N,0
-19.7459,28.6064,313.0,2023-11-12,1955,N,0
-18.5701,30.9386,304.6,2023-11-12,1955,N,0
-16.9265,29.4298,317.2,2023-11-12,2345,N,0
-18.0556,30.3233,301.6,2023-11-12,2345,N,0
-19.7755,29.8666,304.3,2023-11-12,2346,N,0
-19.7666,29.8681,302.1,2023-11-12,2346,N,0
-19.2848,27.8407,342.8,2023-11-13,826,D,0
-19.2874,27.865,350.9,2023-11-13,826,D,0
-19.2801,27.8602,345.4,2023-11-13,826,D,0
-19.2938,27.8586,342.6,2023-11-13,826,D,0
-20.9321,31.8033,320.1,2023-11-13,1156,D,0
-20.0446,32.6302,327.1,2023-11-13,1156,D,0
-19.9768,32.9773,330.0,2023-11-13,1156,D,0
-19.9943,32.6545,319.3,2023-11-13,1156,D,0
-19.9158,31.1703,324.6,2023-11-13,1156,D,0
-19.9172,31.1599,323.5,2023-11-13,1156,D,0
-19.3134,31.2711,328.7,2023-11-13,1156,D,0
-19.1478,30.9954,337.2,2023-11-13,1156,D,0
-19.1326,30.9866,328.3,2023-11-13,1156,D,0
-18.741,31.2903,337.1,2023-11-13,1156,D,0
-18.9485,29.5357,324.8,2023-11-13,1156,D,0
-18.2699,26.9047,334.1,2023-11-13,1157,D,0
-17.7984,30.314,329.4,2023-11-13,1157,D,0
-17.5557,32.0144,328.2,2023-11-13,1157,D,0
-17.4192,31.8082,327.4,2023-11-13,1157,D,0
-17.3959,31.3807,321.1,2023-11-13,1157,D,0
-17.3187,31.0764,346.5,2023-11-13,1157,D,0
-17.32,31.0666,358.8,2023-11-13,1157,D,0
-17.1389,29.972,338.0,2023-11-13,1157,D,0
-16.907,30.4695,349.0,2023-11-13,1157,D,0
-16.5614,29.556,335.9,2023-11-13,1157,D,0
-16.0274,30.1836,336.8,2023-11-13,1157,D,0
-15.9606,30.1118,333.5,2023-11-13,1157,D,0
-15.954,30.1148,338.5,2023-11-13,1157,D,0
-15.9554,30.1046,332.1,2023-11-13,1157,D,0
-16.9732,30.3357,320.9,2023-11-14,728,D,0
-16.9844,30.3337,320.3,2023-11-14,728,D,0
-18.1227,26.2584,331.9,2023-11-15,809,D,0
-18.6465,29.8855,323.6,2023-11-15,809,D,0
-18.9867,30.8089,301.9,2023-11-15,2019,N,0
-17.9671,30.0399,307.9,2023-11-15,2019,N,0
-16.8007,29.2147,303.2,2023-11-15,2019,N,0
-16.4015,29.7019,303.5,2023-11-15,2020,N,0
-18.8619,32.4894,326.5,2023-11-16,711,D,0
-20.7081,29.0148,325.9,2023-11-16,1222,D,0
-19.6598,29.1595,327.9,2023-11-16,1222,D,0
-19.6616,29.1484,327.7,2023-11-16,1222,D,0
-18.4047,25.581,338.1,2023-11-16,1223,D,0
-18.4033,25.5904,339.0,2023-11-16,1223,D,0
-18.3957,25.5796,335.7,2023-11-16,1223,D,0
-16.0491,30.5103,337.8,2023-11-16,1223,D,0
-17.3452,30.3912,331.6,2023-11-17,751,D,0
-16.2281,30.0381,335.7,2023-11-17,751,D,0
-17.3764,29.4423,333.4,2023-11-17,751,D,0
-17.5195,30.1906,323.4,2023-11-17,751,D,0
-16.4297,30.7552,326.9,2023-11-17,751,D,0
-16.0511,30.1529,326.2,2023-11-17,751,D,0
-16.4388,30.7538,334.9,2023-11-17,751,D,0
-16.3556,29.5153,336.6,2023-11-17,751,D,0
-17.1296,30.5631,327.9,2023-11-17,751,D,0
-17.1164,29.2958,330.7,2023-11-17,751,D,0
-17.2763,30.2939,325.1,2023-11-17,751,D,0
-19.3609,31.3825,326.1,2023-11-17,752,D,0
-20.0457,32.6369,318.3,2023-11-17,752,D,0
-19.8094,29.7909,333.8,2023-11-17,752,D,0
-20.0912,31.3563,328.3,2023-11-17,752,D,0
-19.9191,29.9185,324.3,2023-11-17,752,D,0
-19.9785,29.6835,330.6,2023-11-17,752,D,0
-20.1658,28.1649,333.8,2023-11-17,752,D,0
-18.917,29.9872,400.2,2023-11-17,752,D,0
-17.7043,30.732,331.0,2023-11-17,752,D,0
-17.7056,30.742,333.8,2023-11-17,752,D,0
-17.9838,31.3046,331.4,2023-11-17,752,D,0
-18.0481,30.2872,329.6,2023-11-17,752,D,0
-18.5406,31.0601,328.5,2023-11-17,752,D,0
-18.5499,31.0588,349.2,2023-11-17,752,D,0
-18.5514,31.0692,328.1,2023-11-17,752,D,0
-18.9156,29.9775,324.9,2023-11-17,752,D,0
-18.9183,29.9969,330.0,2023-11-17,752,D,0
-19.2145,31.2916,327.1,2023-11-17,752,D,0
-21.7635,29.6321,330.9,2023-11-17,753,D,0
-21.7649,29.6421,330.1,2023-11-17,753,D,0
-18.1236,30.6394,328.9,2023-11-17,1126,D,0
-19.6375,30.2442,322.8,2023-11-17,1126,D,0
-18.4514,31.4087,343.7,2023-11-17,1126,D,0
-18.4557,31.4046,343.9,2023-11-17,1126,D,0
-20.1726,28.1438,304.5,2023-11-17,2002,N,0
-18.8694,32.2279,310.0,2023-11-17,2002,N,0
-17.6997,30.647,301.8,2023-11-17,2002,N,0
-17.1806,31.9343,306.9,2023-11-17,2002,N,0
-18.4148,25.5561,338.4,2023-11-18,832,D,0
-18.4043,25.5639,336.0,2023-11-18,832,D,0
-18.4174,25.5624,331.8,2023-11-18,832,D,0
-19.3767,28.1209,330.2,2023-11-18,1207,D,0
-20.5677,30.5868,333.5,2023-11-18,1207,D,0
-20.591,30.4258,332.8,2023-11-18,1207,D,0
-20.3514,31.9044,341.0,2023-11-18,1207,D,0
-20.4914,30.0282,331.5,2023-11-18,1207,D,0
-20.4928,30.0187,331.2,2023-11-18,1207,D,0
-19.9316,32.9337,334.9,2023-11-18,1207,D,0
-19.9335,32.9223,324.2,2023-11-18,1207,D,0
-20.5916,28.4328,335.6,2023-11-18,1207,D,0
-19.9185,32.9542,329.0,2023-11-18,1207,D,0
-20.5822,28.4315,341.0,2023-11-18,1207,D,0
-20.5836,28.4209,340.4,2023-11-18,1207,D,0
-19.9667,32.5943,328.5,2023-11-18,1207,D,0
-20.5742,28.4195,332.5,2023-11-18,1207,D,0
-20.5134,27.7004,331.2,2023-11-18,1207,D,0
-20.0477,30.9942,335.0,2023-11-18,1207,D,0
-20.0528,29.5566,336.6,2023-11-18,1207,D,0
-19.5435,31.2799,335.2,2023-11-18,1207,D,0
-19.4809,31.3329,336.9,2023-11-18,1207,D,0
-19.476,31.2428,333.9,2023-11-18,1207,D,0
-19.6641,29.3068,330.2,2023-11-18,1207,D,0
-19.3638,31.1873,331.4,2023-11-18,1207,D,0
-19.5628,29.2456,338.5,2023-11-18,1207,D,0
-19.5498,29.2731,328.9,2023-11-18,1207,D,0
-19.5511,29.2635,352.5,2023-11-18,1207,D,0
-19.5524,29.2538,345.2,2023-11-18,1207,D,0
-19.5538,29.2442,328.4,2023-11-18,1207,D,0
-19.5408,29.2717,334.8,2023-11-18,1207,D,0
-19.5421,29.262,336.2,2023-11-18,1207,D,0
-19.5434,29.2524,338.9,2023-11-18,1207,D,0
-19.5368,29.1659,335.8,2023-11-18,1207,D,0
-19.5381,29.1562,341.8,2023-11-18,1207,D,0
-19.5277,29.1645,341.4,2023-11-18,1207,D,0
-19.5291,29.1548,341.1,2023-11-18,1207,D,0
-19.5304,29.1451,340.2,2023-11-18,1207,D,0
-19.3569,29.9835,330.1,2023-11-18,1207,D,0
-18.8488,32.5017,330.0,2023-11-18,1207,D,0
-18.8779,32.1921,360.4,2023-11-18,1207,D,0
-18.8795,32.1817,338.0,2023-11-18,1207,D,0
-19.046,30.5394,333.7,2023-11-18,1207,D,0
-19.2034,27.9,337.6,2023-11-18,1208,D,0
-18.7031,31.8854,335.1,2023-11-18,1208,D,0
-18.7203,31.7746,331.4,2023-11-18,1208,D,0
-18.8764,30.688,336.1,2023-11-18,1208,D,0
-18.7432,31.4572,334.2,2023-11-18,1208,D,0
-19.2048,27.8894,346.0,2023-11-18,1208,D,0
-19.1953,27.888,331.5,2023-11-18,1208,D,0
-18.6704,31.5051,339.5,2023-11-18,1208,D,0
-18.6628,31.4937,336.1,2023-11-18,1208,D,0
-19.0673,28.7033,335.5,2023-11-18,1208,D,0
-18.9345,29.5223,329.2,2023-11-18,1208,D,0
-18.9023,29.5558,341.9,2023-11-18,1208,D,0
-18.9036,29.5463,354.5,2023-11-18,1208,D,0
-18.8764,29.6094,335.6,2023-11-18,1208,D,0
-18.8674,29.608,342.3,2023-11-18,1208,D,0
-18.6416,30.8445,360.2,2023-11-18,1208,D,0
-18.643,30.835,336.9,2023-11-18,1208,D,0
-18.7398,30.1765,333.8,2023-11-18,1208,D,0
-18.6236,30.8415,336.5,2023-11-18,1208,D,0
-18.702,30.1225,333.7,2023-11-18,1208,D,0
-18.7229,29.9152,341.5,2023-11-18,1208,D,0
-18.4246,31.8396,332.6,2023-11-18,1208,D,0
-18.6774,30.1664,340.5,2023-11-18,1208,D,0
-18.6414,30.2783,331.8,2023-11-18,1208,D,0
-18.9889,27.7295,337.2,2023-11-18,1208,D,0
-18.4489,31.0795,339.4,2023-11-18,1208,D,0
-18.4504,31.0699,354.4,2023-11-18,1208,D,0
-18.4623,30.3776,339.5,2023-11-18,1208,D,0
-18.4502,30.3882,334.6,2023-11-18,1208,D,0
-18.4768,30.1435,336.2,2023-11-18,1208,D,0
-18.4782,30.1342,340.0,2023-11-18,1208,D,0
-18.4693,30.1328,338.0,2023-11-18,1208,D,0
-18.072,32.6838,353.6,2023-11-18,1208,D,0
-18.0738,32.6727,344.9,2023-11-18,1208,D,0
-18.3281,30.2858,331.6,2023-11-18,1208,D,0
-18.3294,30.2765,334.0,2023-11-18,1208,D,0
-18.5002,28.819,333.6,2023-11-18,1208,D,0
-18.363,29.721,335.4,2023-11-18,1208,D,0
-18.3643,29.7117,336.9,2023-11-18,1208,D,0
-18.4709,28.8967,334.1,2023-11-18,1208,D,0
-17.9976,31.8594,338.2,2023-11-18,1208,D,0
-18.1822,30.3359,330.8,2023-11-18,1208,D,0
-18.1875,30.0499,336.9,2023-11-18,1208,D,0
-17.5425,32.4072,331.8,2023-11-18,1208,D,0
-17.8174,30.4972,357.2,2023-11-18,1208,D,0
-17.8188,30.4878,341.4,2023-11-18,1208,D,0
-17.896,29.4537,336.6,2023-11-18,1208,D,0
-17.6861,30.7016,333.0,2023-11-18,1208,D,0
-17.8411,29.6456,332.2,2023-11-18,1208,D,0
-17.6113,30.3973,334.4,2023-11-18,1208,D,0
-17.9919,27.494,336.5,2023-11-18,1208,D,0
-17.6166,29.9876,331.7,2023-11-18,1208,D,0
-17.5914,30.0978,331.4,2023-11-18,1208,D,0
-17.7284,29.0791,333.7,2023-11-18,1208,D,0
-17.6379,29.4515,342.4,2023-11-18,1208,D,0
-17.6392,29.4422,346.0,2023-11-18,1208,D,0
-17.6294,29.3833,339.5,2023-11-18,1208,D,0
-17.6018,29.1914,340.1,2023-11-18,1208,D,0
-17.1344,31.7246,332.6,2023-11-18,1208,D,0
-17.4651,29.1155,335.2,2023-11-18,1208,D,0
-17.1035,30.1537,336.3,2023-11-18,1208,D,0
-16.8174,31.8654,351.5,2023-11-18,1208,D,0
-16.9298,30.9481,335.0,2023-11-18,1208,D,0
-16.7262,31.4845,332.0,2023-11-18,1208,D,0
-17.0441,29.2298,342.1,2023-11-18,1208,D,0
-16.6041,31.741,334.4,2023-11-18,1208,D,0
-16.6318,31.4558,331.7,2023-11-18,1208,D,0
-16.6486,31.3454,336.4,2023-11-18,1208,D,0
-16.9864,28.9851,334.4,2023-11-18,1208,D,0
-16.9878,28.9757,344.4,2023-11-18,1208,D,0
-16.8423,29.9214,333.9,2023-11-18,1208,D,0
-16.7072,30.4636,336.5,2023-11-18,1208,D,0
-16.8036,29.1133,342.2,2023-11-18,1208,D,0
-16.5248,29.5718,337.3,2023-11-18,1208,D,0
-16.3814,29.5528,336.5,2023-11-18,1208,D,0
-16.2751,29.7089,335.2,2023-11-18,1208,D,0
-16.166,29.7048,331.4,2023-11-18,1208,D,0
-15.9448,30.1414,334.6,2023-11-18,1208,D,0
-15.771,30.3801,334.4,2023-11-18,1208,D,0
-18.04,30.4047,307.2,2023-11-18,2043,N,0
-16.6806,30.828,330.0,2023-11-19,734,D,0
-16.4267,30.2765,346.1,2023-11-19,734,D,0
-16.6764,30.8236,330.6,2023-11-19,734,D,0
-16.3861,29.535,332.0,2023-11-19,734,D,0
-18.4017,31.67,327.5,2023-11-19,735,D,0
-18.5518,31.2033,328.1,2023-11-19,735,D,0
-18.3185,27.6668,330.3,2023-11-19,735,D,0
-18.9768,30.7826,334.7,2023-11-19,735,D,0
-18.9828,30.7858,332.0,2023-11-19,735,D,0
-19.3422,30.7596,327.6,2023-11-19,735,D,0
-19.9287,32.9494,322.6,2023-11-19,735,D,0
-19.9811,32.8004,352.8,2023-11-19,735,D,0
-19.9824,32.8098,349.2,2023-11-19,735,D,0
-20.0791,32.7784,328.5,2023-11-19,735,D,0
-19.5469,29.2711,327.9,2023-11-19,735,D,0
-19.5489,29.2835,326.9,2023-11-19,735,D,0
-19.5651,29.2551,331.3,2023-11-19,735,D,0
-19.5729,29.2475,345.4,2023-11-19,735,D,0
-19.575,29.26,333.0,2023-11-19,735,D,0
-20.0666,31.0368,332.1,2023-11-19,735,D,0
-17.3529,30.4298,346.3,2023-11-19,735,D,0
-17.3559,30.4348,339.5,2023-11-19,735,D,0
-18.0404,30.423,329.1,2023-11-19,735,D,0
-18.0101,29.4723,343.4,2023-11-19,735,D,0
-20.5731,28.4539,307.0,2023-11-19,1945,N,0
-20.5799,28.4354,308.8,2023-11-19,1945,N,0
-20.5757,28.4278,304.9,2023-11-19,1945,N,0
-16.9894,32.1804,307.7,2023-11-19,1946,N,0
-16.4085,30.2582,304.9,2023-11-19,2341,N,0
-16.41,30.2678,306.7,2023-11-19,2341,N,0
-16.4161,30.2471,310.3,2023-11-19,2341,N,0
-16.4987,30.06,306.9,2023-11-19,2341,N,0
-16.5626,30.122,303.2,2023-11-19,2341,N,0
-16.5641,30.1316,300.6,2023-11-19,2341,N,0
-16.6682,29.4969,303.9,2023-11-19,2341,N,0
-16.8109,29.8744,308.4,2023-11-19,2341,N,0
-16.5801,30.1247,324.5,2023-11-20,815,D,0
-16.8857,30.5453,327.2,2023-11-20,815,D,0
-16.8883,30.5686,323.6,2023-11-20,815,D,0
-19.3029,27.9446,337.5,2023-11-20,816,D,0
-19.3144,27.9432,328.8,2023-11-20,816,D,0
-20.5244,32.4783,320.6,2023-11-20,816,D,0
-20.7465,30.8249,332.5,2023-11-20,1152,D,0
-18.8301,29.6967,328.7,2023-11-20,1152,D,0
-19.9532,32.953,343.7,2023-11-20,1152,D,0
-19.9623,32.9543,340.4,2023-11-20,1152,D,0
-19.9583,32.9833,326.2,2023-11-20,1152,D,0
-19.9781,32.973,325.3,2023-11-20,1152,D,0
-19.9978,32.8969,386.9,2023-11-20,1152,D,0
-19.9965,32.9065,374.6,2023-11-20,1152,D,0
-20.0069,32.8981,327.4,2023-11-20,1152,D,0
-20.0056,32.9077,323.0,2023-11-20,1152,D,0
-17.7612,27.6519,334.6,2023-11-20,1153,D,0
-18.2782,32.5635,326.1,2023-11-20,1153,D,0
-17.7489,27.651,333.0,2023-11-20,1153,D,0
-16.3806,29.3155,337.5,2023-11-20,1153,D,0
-16.0459,30.4734,336.7,2023-11-20,1153,D,0
-15.9886,30.2179,340.1,2023-11-20,1153,D,0
-15.9787,30.2166,336.8,2023-11-20,1153,D,0
-15.789,30.3392,345.2,2023-11-20,1153,D,0
-19.5113,29.2326,322.4,2023-11-20,2026,N,0
-20.0716,28.8698,303.0,2023-11-20,2026,N,0
-19.949,29.6384,313.3,2023-11-20,2026,N,0
-20.0698,28.881,312.2,2023-11-20,2026,N,0
-19.947,29.6508,327.2,2023-11-20,2026,N,0
-19.5206,29.24,307.1,2023-11-20,2026,N,0
-19.5107,29.2383,318.2,2023-11-20,2026,N,0
-19.5126,29.2263,308.1,2023-11-20,2026,N,0
-16.0074,30.3021,313.5,2023-11-20,2027,N,0
-16.0047,30.3178,311.0,2023-11-20,2027,N,0
-16.0074,30.3127,315.2,2023-11-20,2027,N,0
-17.9866,31.8118,324.5,2023-11-21,718,D,0
-17.9895,31.829,322.5,2023-11-21,718,D,0
-17.9839,31.8229,331.6,2023-11-21,718,D,0
-18.3922,32.6451,321.6,2023-11-21,718,D,0
-18.403,32.6428,327.0,2023-11-21,718,D,0
-18.3933,32.6389,334.1,2023-11-21,718,D,0
-18.7507,32.714,324.0,2023-11-21,718,D,0
-19.9213,32.9547,328.3,2023-11-21,719,D,0
-19.935,32.9332,324.4,2023-11-21,719,D,0
-15.9638,30.2103,329.5,2023-11-21,1235,D,0
-19.5617,29.1869,323.2,2023-11-22,759,D,0
-20.0449,32.6375,328.7,2023-11-22,1137,D,0
-18.3987,32.6856,318.7,2023-11-22,1137,D,0
-20.0469,32.6199,335.5,2023-11-22,1137,D,0
-20.0492,32.633,337.5,2023-11-22,1137,D,0
-20.0514,32.6149,326.3,2023-11-22,1137,D,0
-19.9328,32.9278,331.9,2023-11-22,1137,D,0
-19.9214,32.9266,340.2,2023-11-22,1137,D,0
-19.9226,32.9204,330.6,2023-11-22,1137,D,0
-20.0092,29.4929,329.7,2023-11-22,1137,D,0
-18.3972,32.6904,326.7,2023-11-22,1137,D,0
-18.3967,32.7014,317.9,2023-11-22,1137,D,0
-17.1614,31.0533,305.8,2023-11-22,2009,N,0
-19.9971,32.9101,312.9,2023-11-22,2009,N,0
-16.5516,30.812,300.5,2023-11-22,2010,N,0
-16.6701,30.183,318.2,2023-11-22,2010,N,0
-17.0895,31.1053,312.0,2023-11-22,2010,N,0
-16.729,31.7152,319.5,2023-11-23,701,D,0
-16.7406,31.7443,320.0,2023-11-23,701,D,0
-20.0,32.8945,321.4,2023-11-23,702,D,0
-19.9977,32.9016,328.0,2023-11-23,702,D,0
-20.0048,32.9184,325.5,2023-11-23,702,D,0
-20.0022,32.9252,321.0,2023-11-23,702,D,0
-20.0441,32.6242,354.5,2023-11-23,1218,D,0
-21.0716,31.7361,333.2,2023-11-23,1218,D,0
-20.0052,32.911,360.9,2023-11-23,1218,D,0
-20.0554,32.6262,327.0,2023-11-23,1218,D,0
-19.9704,32.9732,327.9,2023-11-23,1218,D,0
-19.922,32.9209,364.8,2023-11-23,1218,D,0
-19.8882,32.9114,328.1,2023-11-23,1218,D,0
-20.2099,28.3033,342.4,2023-11-23,1218,D,0
-19.6525,31.5552,349.7,2023-11-23,1218,D,0
-19.6446,31.5605,338.1,2023-11-23,1218,D,0
-19.6468,31.5472,341.5,2023-11-23,1218,D,0
-16.8355,29.7867,329.3,2023-11-23,1219,D,0
-17.3016,28.0298,333.5,2023-11-23,1219,D,0
-18.3685,32.7842,316.6,2023-11-23,2311,N,0
-18.3772,32.7951,300.2,2023-11-23,2311,N,0
-19.9063,32.9286,312.5,2023-11-23,2312,N,0
-19.8718,32.9257,305.9,2023-11-23,2312,N,0
-19.7585,32.8026,304.5,2023-11-23,2312,N,0
-16.7993,31.3095,325.4,2023-11-24,741,D,0
-15.9399,30.0685,339.3,2023-11-24,741,D,0
-15.9384,30.0583,351.0,2023-11-24,741,D,0
-15.966,30.0535,327.5,2023-11-24,741,D,0
-16.757,31.1456,327.2,2023-11-24,741,D,0
-15.9491,30.0667,327.3,2023-11-24,741,D,0
-18.3722,32.7812,326.2,2023-11-24,742,D,0
-18.3827,32.7898,327.7,2023-11-24,742,D,0
-18.8657,32.4932,330.6,2023-11-24,742,D,0
-19.8877,32.9007,345.5,2023-11-24,742,D,0
-19.892,32.9322,332.7,2023-11-24,742,D,0
-19.8919,32.8114,323.4,2023-11-24,742,D,0
-19.9069,32.9237,336.5,2023-11-24,742,D,0
-17.0123,31.0017,323.4,2023-11-24,742,D,0
-17.3668,30.6557,329.4,2023-11-24,742,D,0
-17.5162,31.6686,330.6,2023-11-24,742,D,0
-17.8676,31.9381,338.2,2023-11-24,742,D,0
-17.8765,31.9368,328.7,2023-11-24,742,D,0
-18.144,32.7963,353.6,2023-11-24,742,D,0
-18.1453,32.8062,327.5,2023-11-24,742,D,0
-17.9114,30.4144,324.1,2023-11-24,742,D,0
-17.9128,30.4239,325.2,2023-11-24,742,D,0
-18.3618,32.7727,347.0,2023-11-24,742,D,0
-18.3631,32.7825,330.2,2023-11-24,742,D,0
-18.3709,32.7714,330.9,2023-11-24,742,D,0
-19.9162,32.9227,345.0,2023-11-24,742,D,0
-19.9255,32.9212,360.2,2023-11-24,742,D,0
-19.9962,32.9043,341.8,2023-11-24,742,D,0
-19.9976,32.9152,336.3,2023-11-24,742,D,0
-20.0055,32.9032,345.0,2023-11-24,742,D,0
-20.0069,32.9141,347.1,2023-11-24,742,D,0
-19.8833,30.7769,331.0,2023-11-24,742,D,0
-19.9285,30.837,331.8,2023-11-24,742,D,0
-20.2463,32.714,331.9,2023-11-24,742,D,0
-20.2852,32.5835,324.2,2023-11-24,742,D,0
-19.9473,32.9347,320.4,2023-11-24,1122,D,0
-18.4414,31.1295,324.9,2023-11-24,1122,D,0
-18.6722,32.7441,325.6,2023-11-24,1122,D,0
-18.6704,32.7517,320.5,2023-11-24,1122,D,0
-19.9035,32.9252,337.1,2023-11-24,1122,D,0
-19.8888,32.9025,326.0,2023-11-24,1122,D,0
-19.9042,32.9022,319.9,2023-11-24,1122,D,0
-19.9015,32.9311,332.6,2023-11-24,1122,D,0
-16.7452,32.8586,331.3,2023-11-24,1123,D,0
-16.7448,32.8536,333.9,2023-11-24,1123,D,0
-16.7481,32.8307,321.4,2023-11-24,1123,D,0
-19.8799,32.9097,306.6,2023-11-24,1952,N,0
-20.0096,32.9037,315.8,2023-11-24,1952,N,0
-20.0005,32.9027,315.2,2023-11-24,1952,N,0
-19.9667,32.9475,303.1,2023-11-24,1952,N,0
-19.9582,32.9506,305.5,2023-11-24,1952,N,0
-19.9256,32.9157,312.8,2023-11-24,1952,N,0
-19.9048,32.9327,312.5,2023-11-24,1952,N,0
-19.8774,32.9288,306.5,2023-11-24,1952,N,0
-19.8812,32.8998,310.4,2023-11-24,1952,N,0
-19.87,32.9219,310.3,2023-11-24,1952,N,0
-19.8713,32.9123,319.8,2023-11-24,1952,N,0
-19.8726,32.9025,311.3,2023-11-24,1952,N,0
-20.0526,29.5607,305.7,2023-11-24,1952,N,0
-19.5198,28.8314,311.2,2023-11-24,1952,N,0
-18.3541,32.7783,306.2,2023-11-24,1952,N,0
-18.345,32.777,342.7,2023-11-24,1952,N,0
-18.3463,32.7673,340.9,2023-11-24,1952,N,0
-17.0063,31.3637,306.3,2023-11-24,1953,N,0
-17.1696,31.7398,306.5,2023-11-24,1953,N,0
-17.0077,31.353,307.2,2023-11-24,1953,N,0
-16.3507,29.8878,304.1,2023-11-24,2352,N,0
-19.9745,29.5006,300.2,2023-11-24,2353,N,0
-19.7695,27.9916,331.2,2023-11-25,823,D,0
-19.767,27.9689,343.1,2023-11-25,823,D,0
-19.778,27.9839,334.8,2023-11-25,823,D,0
-20.0463,32.6355,327.6,2023-11-25,1203,D,0
-19.9003,32.627,328.2,2023-11-25,1203,D,0
-19.731,32.9464,329.6,2023-11-25,1203,D,0
-19.67,32.7464,328.2,2023-11-25,1203,D,0
-19.5387,28.8618,335.7,2023-11-25,1203,D,0
-20.0925,32.8112,328.5,2023-11-25,1203,D,0
-20.0789,32.7177,337.7,2023-11-25,1203,D,0
-20.0804,32.708,331.9,2023-11-25,1203,D,0
-20.0059,32.901,376.5,2023-11-25,1203,D,0
-20.0074,32.8913,341.1,2023-11-25,1203,D,0
-20.0478,32.6258,338.8,2023-11-25,1203,D,0
-19.9602,32.9546,378.4,2023-11-25,1203,D,0
-19.9617,32.9449,332.0,2023-11-25,1203,D,0
-19.9072,32.9387,360.2,2023-11-25,1203,D,0
-19.9088,32.9286,371.5,2023-11-25,1203,D,0
-19.9088,32.8066,328.0,2023-11-25,1203,D,0
-19.8724,32.9217,359.7,2023-11-25,1203,D,0
-19.874,32.9114,349.4,2023-11-25,1203,D,0
-19.9088,32.6243,335.0,2023-11-25,1203,D,0
-16.5474,30.8725,323.5,2023-11-25,1204,D,0
-19.0343,30.2191,335.3,2023-11-25,1204,D,0
-16.5291,30.2402,338.5,2023-11-25,1204,D,0
-19.904,32.6286,311.9,2023-11-25,2032,N,0
-17.438,30.6621,324.4,2023-11-26,725,D,0
-17.4353,30.6464,326.9,2023-11-26,725,D,0
-20.8647,28.2921,333.2,2023-11-26,1244,D,0
-16.3767,31.4709,306.8,2023-11-26,2337,N,0
-21.8668,31.1346,306.8,2023-11-26,2339,N,0
-16.8123,29.7733,324.5,2023-11-27,805,D,0
-17.004,31.2437,320.7,2023-11-27,805,D,0
-16.7135,29.6301,324.4,2023-11-27,805,D,0
-20.2066,29.2786,326.1,2023-11-27,806,D,0
-20.8584,28.2801,354.2,2023-11-27,806,D,0
-18.7545,30.8174,330.5,2023-11-27,806,D,0
-20.8483,28.2815,333.2,2023-11-27,806,D,0
-19.8832,30.6943,333.7,2023-11-27,1148,D,0
-20.4305,28.1108,331.2,2023-11-27,1148,D,0
-20.8619,28.2852,339.5,2023-11-27,1148,D,0
-20.8642,28.2623,343.7,2023-11-27,1148,D,0
-20.8634,28.301,332.5,2023-11-27,1148,D,0
-20.8658,28.2784,340.1,2023-11-27,1148,D,0
-20.8683,28.2555,335.3,2023-11-27,1148,D,0
-20.2458,32.6888,338.3,2023-11-27,1148,D,0
-20.2473,32.6778,362.4,2023-11-27,1148,D,0
-20.0493,32.6383,326.9,2023-11-27,1148,D,0
-20.0507,32.6272,329.1,2023-11-27,1148,D,0
-19.9916,32.9298,328.8,2023-11-27,1148,D,0
-19.9751,32.9815,331.8,2023-11-27,1148,D,0
-19.9821,32.9283,327.2,2023-11-27,1148,D,0
-19.9589,32.9581,325.4,2023-11-27,1148,D,0
-19.9194,32.6256,366.2,2023-11-27,1148,D,0
-19.9209,32.6142,368.1,2023-11-27,1148,D,0
-19.8648,32.8665,339.6,2023-11-27,1148,D,0
-20.4386,28.1167,334.4,2023-11-27,1148,D,0
-18.9198,31.2789,326.4,2023-11-27,1148,D,0
-19.3133,30.751,328.9,2023-11-27,1148,D,0
-19.3115,30.765,336.3,2023-11-27,1148,D,0
-19.3167,30.7582,343.2,2023-11-27,1148,D,0
-19.542,29.7307,332.6,2023-11-27,1148,D,0
-19.5392,29.7184,328.1,2023-11-27,1148,D,0
-19.5373,29.7351,327.9,2023-11-27,1148,D,0
-19.8248,28.4238,339.9,2023-11-27,1148,D,0
-19.8981,30.4705,331.0,2023-11-27,1148,D,0
-17.5558,31.9904,333.0,2023-11-27,1149,D,0
-18.4061,32.7169,328.8,2023-11-27,1149,D,0
-17.5631,32.4052,335.4,2023-11-27,1149,D,0
-17.5645,32.3947,330.1,2023-11-27,1149,D,0
-17.5587,31.7385,332.2,2023-11-27,1149,D,0
-17.4635,32.1381,331.4,2023-11-27,1149,D,0
-17.4242,31.8227,337.1,2023-11-27,1149,D,0
-17.4257,31.8113,332.3,2023-11-27,1149,D,0
-20.5299,28.2294,309.0,2023-11-27,2016,N,0
-18.4048,32.7166,344.2,2023-11-27,2016,N,0
-18.4071,32.7028,316.3,2023-11-27,2016,N,0
-19.7721,32.7613,305.5,2023-11-27,2016,N,0
-20.5286,28.2389,326.9,2023-11-27,2016,N,0
-19.7742,32.7485,319.0,2023-11-27,2016,N,0
-20.4967,27.8751,310.5,2023-11-27,2016,N,0
-20.498,27.8655,308.5,2023-11-27,2016,N,0
-19.8534,29.7437,316.1,2023-11-27,2016,N,0
-20.5273,28.2483,307.5,2023-11-27,2016,N,0
-19.8548,29.7339,310.8,2023-11-27,2016,N,0
-19.0856,30.3763,305.8,2023-11-27,2016,N,0
-20.8634,28.2977,304.4,2023-11-28,20,N,0
-20.8659,28.3205,301.8,2023-11-28,20,N,0
-20.178,30.9838,320.5,2023-11-28,709,D,0
-18.3302,25.7843,333.7,2023-11-28,846,D,0
-18.3312,25.7768,336.3,2023-11-28,846,D,0
-20.5568,27.831,336.0,2023-11-28,1229,D,0
-20.5108,27.8691,346.8,2023-11-28,1229,D,0
-20.5089,27.8805,358.0,2023-11-28,1229,D,0
-20.52,28.2483,355.8,2023-11-28,1229,D,0
-20.5219,28.2364,336.9,2023-11-28,1229,D,0
-20.512,28.2344,343.4,2023-11-28,1229,D,0
-19.5028,28.8645,344.7,2023-11-28,1230,D,0
-19.9975,32.6431,300.2,2023-11-28,1918,N,0
-19.9926,32.6379,301.3,2023-11-28,1918,N,0
-19.0521,27.3409,301.7,2023-11-28,2056,N,0
-19.9892,32.6492,324.8,2023-11-28,2323,N,0
-19.9796,32.6515,317.1,2023-11-28,2323,N,0
-19.9815,32.6628,344.4,2023-11-28,2323,N,0
-19.9833,32.6736,321.0,2023-11-28,2323,N,0
-19.9911,32.6607,349.4,2023-11-28,2323,N,0
-16.852,29.9111,328.6,2023-11-29,748,D,0
-16.8609,29.9097,337.7,2023-11-29,748,D,0
-17.1355,31.3946,323.5,2023-11-29,748,D,0
-16.6101,30.9895,327.8,2023-11-29,748,D,0
-16.4896,30.9169,324.2,2023-11-29,748,D,0
-17.2242,29.9991,363.8,2023-11-29,749,D,0
-17.2256,30.0083,350.2,2023-11-29,749,D,0
-17.4057,31.0219,331.6,2023-11-29,749,D,0
-17.4392,30.0863,326.2,2023-11-29,749,D,0
-18.4119,32.7075,321.2,2023-11-29,749,D,0
-18.9063,31.2953,325.3,2023-11-29,749,D,0
-19.3077,30.5399,329.8,2023-11-29,749,D,0
-19.3979,30.7301,329.0,2023-11-29,749,D,0
-19.3993,30.74,329.0,2023-11-29,749,D,0
-19.9234,32.7377,327.1,2023-11-29,749,D,0
-19.9328,32.743,325.1,2023-11-29,749,D,0
-19.9742,32.6606,320.0,2023-11-29,749,D,0
-19.9828,32.6474,325.5,2023-11-29,749,D,0
-20.5102,27.9034,347.7,2023-11-29,749,D,0
-19.8194,29.0843,329.7,2023-11-29,749,D,0
-19.9946,32.6588,354.4,2023-11-29,749,D,0
-19.993,32.6465,345.3,2023-11-29,749,D,0
-19.986,32.6727,328.5,2023-11-29,749,D,0
-19.9843,32.6595,340.7,2023-11-29,749,D,0
-17.0078,29.1494,341.2,2023-11-29,749,D,0
-17.3737,31.654,326.4,2023-11-29,749,D,0
-17.2153,30.0004,377.9,2023-11-29,749,D,0
-17.2167,30.0097,377.0,2023-11-29,749,D,0
-20.5572,27.8491,327.7,2023-11-29,750,D,0
-20.0227,32.6896,347.0,2023-11-29,1133,D,0
-20.2415,31.9909,329.7,2023-11-29,1133,D,0
-20.0218,32.7164,325.9,2023-11-29,1133,D,0
-20.024,32.6963,367.9,2023-11-29,1133,D,0
-20.0204,32.7099,344.4,2023-11-29,1133,D,0
-20.0018,32.6477,344.9,2023-11-29,1133,D,0
-19.9548,32.9565,325.2,2023-11-29,1133,D,0
-19.957,32.9367,327.3,2023-11-29,1133,D,0
-19.989,32.6471,342.1,2023-11-29,1133,D,0
-19.9591,32.6867,372.2,2023-11-29,1133,D,0
-19.9565,32.7006,337.5,2023-11-29,1133,D,0
-19.9587,32.6814,357.7,2023-11-29,1133,D,0
-18.4233,32.7074,335.7,2023-11-29,1133,D,0
-20.0204,32.7026,301.0,2023-11-29,1959,N,0
-20.0306,32.6947,321.0,2023-11-29,1959,N,0
-19.9795,32.6609,315.1,2023-11-29,1959,N,0
-20.0293,32.7041,337.6,2023-11-29,1959,N,0
-19.9693,32.6689,341.9,2023-11-29,1959,N,0
-19.9707,32.6595,353.9,2023-11-29,1959,N,0
-19.9782,32.6703,335.1,2023-11-29,1959,N,0
-19.9911,32.6435,314.4,2023-11-29,1959,N,0
-20.0217,32.6932,312.3,2023-11-29,1959,N,0
-16.577,29.9303,319.6,2023-12-02,812,D,0
-16.5699,29.9439,318.4,2023-12-02,812,D,0
-16.6385,29.6333,324.9,2023-12-02,812,D,0
-19.2536,27.9016,330.0,2023-12-02,1159,D,0
-18.7785,31.3562,334.8,2023-12-02,1159,D,0
-18.7708,31.3452,349.4,2023-12-02,1159,D,0
-18.7695,31.3548,355.5,2023-12-02,1159,D,0
-18.8123,30.5861,333.5,2023-12-02,1159,D,0
-18.8137,30.576,330.6,2023-12-02,1159,D,0
-21.1638,29.6157,331.2,2023-12-02,1159,D,0
-21.1647,29.6104,357.3,2023-12-02,1159,D,0
-21.1663,29.5984,361.0,2023-12-02,1159,D,0
-20.8321,28.2682,376.4,2023-12-02,1159,D,0
-20.8338,28.2537,346.9,2023-12-02,1159,D,0
-20.0276,32.5394,319.7,2023-12-02,1159,D,0
-19.4803,31.1428,330.3,2023-12-02,1159,D,0
-19.251,30.7344,331.2,2023-12-02,1159,D,0
-19.2418,30.733,340.6,2023-12-02,1159,D,0
-17.3276,31.9181,331.7,2023-12-02,1200,D,0
-16.5013,29.4796,345.4,2023-12-02,1200,D,0
-16.5028,29.4691,333.0,2023-12-02,1200,D,0
-17.3262,31.9273,335.2,2023-12-02,1200,D,0
-16.8916,31.3626,339.6,2023-12-02,1200,D,0
-20.8274,28.2544,306.5,2023-12-02,2022,N,0
-20.8289,28.2445,311.9,2023-12-02,2022,N,0
-20.0435,29.5156,300.3,2023-12-02,2023,N,0
-20.0552,29.1521,322.8,2023-12-03,716,D,0
-20.0617,29.1718,323.0,2023-12-03,716,D,0
-20.8334,28.2431,320.8,2023-12-03,716,D,0
-21.1784,29.5838,328.0,2023-12-03,1240,D,0
-20.8455,28.2434,346.0,2023-12-03,1240,D,0
-20.8487,28.2257,343.4,2023-12-03,1240,D,0
-20.2898,29.3907,333.2,2023-12-03,1240,D,0
-20.2926,29.384,327.9,2023-12-03,1240,D,0
-20.0546,29.1635,333.1,2023-12-03,1240,D,0
-20.0451,29.156,344.3,2023-12-03,1240,D,0
-20.0362,29.1318,335.4,2023-12-03,1240,D,0
-18.9651,27.568,336.1,2023-12-03,1241,D,0
-18.9682,27.551,358.4,2023-12-03,1241,D,0
-18.9699,27.562,347.2,2023-12-03,1241,D,0
-18.9611,27.5427,338.0,2023-12-03,1241,D,0
-18.9386,27.5228,305.1,2023-12-03,2334,N,0
-18.9416,27.5396,312.4,2023-12-03,2334,N,0
-20.8443,28.2329,301.4,2023-12-03,2334,N,0
-16.3838,30.0177,330.2,2023-12-04,755,D,0
-17.6231,30.7599,322.1,2023-12-04,755,D,0
-20.0887,30.598,326.1,2023-12-04,756,D,0
-20.0987,30.5968,332.0,2023-12-04,756,D,0
-20.1315,29.5176,342.0,2023-12-04,756,D,0
-20.0759,28.8982,333.9,2023-12-04,756,D,0
-20.0842,28.9009,331.9,2023-12-04,756,D,0
-20.0947,28.9096,334.5,2023-12-04,756,D,0
-20.223,29.661,328.9,2023-12-04,756,D,0
-20.2961,29.3742,324.0,2023-12-04,756,D,0
-20.2975,29.3847,342.2,2023-12-04,756,D,0
-18.9582,27.5714,339.6,2023-12-04,756,D,0
-18.9576,27.5048,357.5,2023-12-04,756,D,0
-18.959,27.5141,342.4,2023-12-04,756,D,0
-18.9671,27.57,353.2,2023-12-04,756,D,0
-18.9685,27.5794,340.6,2023-12-04,756,D,0
-18.9696,27.5155,338.9,2023-12-04,756,D,0
-18.9709,27.5248,351.0,2023-12-04,756,D,0
-18.9763,27.5621,331.5,2023-12-04,756,D,0
-18.9798,27.5234,332.8,2023-12-04,756,D,0
-18.9812,27.5327,357.2,2023-12-04,756,D,0
-18.9825,27.5421,355.2,2023-12-04,756,D,0
-19.319,29.8407,328.4,2023-12-04,756,D,0
-19.7621,32.8173,324.4,2023-12-04,756,D,0
-19.7639,32.8332,368.9,2023-12-04,756,D,0
-20.1292,29.5094,329.2,2023-12-04,1144,D,0
-20.1282,29.4926,330.3,2023-12-04,1144,D,0
-20.1414,29.494,328.8,2023-12-04,1144,D,0
-20.0953,30.5886,328.7,2023-12-04,1144,D,0
-20.0884,30.5947,330.2,2023-12-04,1144,D,0
-20.2979,29.3855,326.5,2023-12-04,1144,D,0
-19.924,32.7248,333.0,2023-12-04,1144,D,0
-19.9204,32.7298,333.2,2023-12-04,1144,D,0
-18.9487,27.5844,348.0,2023-12-04,1144,D,0
-18.9389,27.5313,346.0,2023-12-04,1144,D,0
-18.9511,27.5623,356.5,2023-12-04,1144,D,0
-18.9483,27.5914,338.6,2023-12-04,1144,D,0
-18.6049,31.4906,343.0,2023-12-04,1144,D,0
-18.6058,31.4959,337.8,2023-12-04,1144,D,0
-18.7569,31.2805,333.0,2023-12-04,1144,D,0
-18.7551,31.2957,332.2,2023-12-04,1144,D,0
-19.9022,30.2538,338.2,2023-12-04,1144,D,0
-19.9146,30.2553,344.6,2023-12-04,1144,D,0
-19.9125,30.274,330.5,2023-12-04,1144,D,0
-20.0919,28.897,333.9,2023-12-04,1144,D,0
-20.1013,28.8804,331.1,2023-12-04,1144,D,0
-20.0989,28.9046,333.6,2023-12-04,1144,D,0
-18.9517,27.5553,348.0,2023-12-04,1144,D,0
-18.9367,27.5537,339.8,2023-12-04,1144,D,0
-18.9397,27.5244,341.2,2023-12-04,1144,D,0
-18.9217,27.552,379.0,2023-12-04,1144,D,0
-18.9247,27.5228,365.0,2023-12-04,1144,D,0
-18.4759,31.2404,332.5,2023-12-04,1144,D,0
-18.8103,27.4685,331.5,2023-12-04,1144,D,0
-16.021,30.126,328.4,2023-12-04,1145,D,0
-16.4095,29.9854,328.2,2023-12-04,1145,D,0
-17.1338,30.537,338.0,2023-12-04,1145,D,0
-18.0231,30.0953,305.0,2023-12-04,2006,N,0
-18.5835,30.7585,311.0,2023-12-04,2006,N,0
-18.5924,30.7599,313.6,2023-12-04,2006,N,0
-17.6314,31.4851,304.7,2023-12-04,2006,N,0
-17.6299,31.4947,305.7,2023-12-04,2006,N,0
-16.5935,31.0211,305.1,2023-12-04,2007,N,0
-16.6931,29.7331,307.3,2023-12-04,2007,N,0
-16.3766,30.0245,308.2,2023-12-04,2007,N,0
-16.3206,29.8309,309.9,2023-12-04,2007,N,0
-18.9693,27.5014,306.3,2023-12-05,15,N,0
-18.9805,27.4999,305.8,2023-12-05,15,N,0
-18.9996,27.6472,341.0,2023-12-05,836,D,0
-18.9082,27.577,332.0,2023-12-05,836,D,0
-18.925,27.5753,333.5,2023-12-05,836,D,0
-18.9453,27.6125,355.6,2023-12-05,836,D,0
-18.9621,27.6109,350.2,2023-12-05,836,D,0
-18.979,27.6095,361.1,2023-12-05,836,D,0
-18.9922,27.5693,350.4,2023-12-05,836,D,0
-18.9958,27.608,392.4,2023-12-05,836,D,0
-18.9328,27.6068,340.2,2023-12-05,836,D,0
-18.9497,27.6053,351.4,2023-12-05,836,D,0
-18.9665,27.6037,350.9,2023-12-05,836,D,0
-18.9834,27.6021,357.1,2023-12-05,836,D,0
-18.9868,27.6411,334.8,2023-12-05,836,D,0
-18.9968,27.5619,346.5,2023-12-05,836,D,0
-19.0002,27.6006,381.5,2023-12-05,836,D,0
-19.0037,27.6398,350.7,2023-12-05,836,D,0
-19.0067,27.4838,340.0,2023-12-05,836,D,0
-19.0234,27.4823,352.0,2023-12-05,836,D,0
-19.0269,27.5204,335.1,2023-12-05,836,D,0
-19.012,27.4782,350.4,2023-12-05,836,D,0
-19.0287,27.4766,334.1,2023-12-05,836,D,0
-19.032,27.5147,337.7,2023-12-05,836,D,0
-20.1867,28.2595,329.0,2023-12-05,837,D,0
-20.1863,28.2547,329.5,2023-12-05,837,D,0
-20.1832,28.2307,343.4,2023-12-05,1225,D,0
-20.1816,28.2412,350.3,2023-12-05,1225,D,0
-20.092,28.9198,355.7,2023-12-05,1225,D,0
-20.0902,28.9311,367.4,2023-12-05,1225,D,0
-20.1054,28.899,359.3,2023-12-05,1225,D,0
-20.1035,28.9103,345.9,2023-12-05,1225,D,0
-20.1017,28.9216,338.0,2023-12-05,1225,D,0
-20.0315,29.4141,332.9,2023-12-05,1225,D,0
-19.9155,30.8482,336.4,2023-12-05,1225,D,0
-19.9163,30.8552,341.6,2023-12-05,1225,D,0
-20.4416,28.8589,336.0,2023-12-05,1225,D,0
-20.4398,28.8701,339.0,2023-12-05,1225,D,0
-20.333,29.6996,339.1,2023-12-05,1225,D,0
-20.6114,28.4366,334.3,2023-12-05,1225,D,0
-20.6097,28.4471,333.6,2023-12-05,1225,D,0
-21.1519,29.5916,333.8,2023-12-05,1225,D,0
-21.1505,29.5969,334.2,2023-12-05,1225,D,0
-21.1499,29.6035,333.0,2023-12-05,1225,D,0
-21.1604,29.5989,350.0,2023-12-05,1225,D,0
-18.9229,27.6185,443.6,2023-12-05,1226,D,0
-18.9137,27.6169,357.4,2023-12-05,1226,D,0
-18.9153,27.6068,360.6,2023-12-05,1226,D,0
-18.9076,27.5951,371.0,2023-12-05,1226,D,0
-16.3242,29.8413,333.5,2023-12-05,1226,D,0
-16.3658,30.0093,339.0,2023-12-05,1226,D,0
-16.9338,29.224,336.2,2023-12-05,1226,D,0
-17.0561,28.7165,335.4,2023-12-05,1226,D,0
-17.4208,31.397,331.8,2023-12-05,1226,D,0
-17.4285,31.3872,333.3,2023-12-05,1226,D,0
-18.6241,27.6423,339.2,2023-12-05,1226,D,0
-18.8793,27.5532,337.5,2023-12-05,1226,D,0
-18.9,27.5833,357.1,2023-12-05,1226,D,0
-18.9108,27.5748,343.0,2023-12-05,1226,D,0
-18.9092,27.585,370.6,2023-12-05,1226,D,0
-19.3978,27.2916,366.9,2023-12-05,1226,D,0
-19.3993,27.2818,339.3,2023-12-05,1226,D,0
-18.5333,32.27,331.5,2023-12-05,1226,D,0
-18.5314,32.2088,334.5,2023-12-05,1226,D,0
-18.5349,32.1893,340.1,2023-12-05,1226,D,0
-19.0325,27.6338,356.9,2023-12-05,1226,D,0
-19.0248,27.622,351.9,2023-12-05,1226,D,0
-19.0264,27.6119,373.3,2023-12-05,1226,D,0
-19.028,27.6017,344.1,2023-12-05,1226,D,0
-18.9846,27.4638,360.7,2023-12-05,1226,D,0
-18.9861,27.4538,408.8,2023-12-05,1226,D,0
-18.9877,27.4438,351.1,2023-12-05,1226,D,0
-18.9754,27.4622,345.5,2023-12-05,1226,D,0
-18.9632,27.4806,338.2,2023-12-05,1226,D,0
-18.9647,27.4706,341.7,2023-12-05,1226,D,0
-18.9322,27.6202,363.7,2023-12-05,1226,D,0
-18.9214,27.6287,346.8,2023-12-05,1226,D,0
-18.9245,27.6084,355.5,2023-12-05,1226,D,0
-19.0456,27.6238,307.2,2023-12-05,2047,N,0
-19.0023,27.656,306.2,2023-12-05,2047,N,0
-17.8502,31.0387,304.0,2023-12-05,2318,N,2
-19.037,27.3208,303.2,2023-12-05,2319,N,0
-16.638,30.9918,332.5,2023-12-06,738,D,0
-16.9152,30.8107,327.2,2023-12-06,738,D,0
-16.0073,30.0867,329.4,2023-12-06,738,D,0
-16.0168,30.0851,333.3,2023-12-06,738,D,0
-16.3238,29.8419,328.2,2023-12-06,738,D,0
-16.4815,30.5726,326.8,2023-12-06,738,D,0
-17.2536,30.1942,324.5,2023-12-06,739,D,0
-17.7853,31.4411,340.4,2023-12-06,739,D,0
-17.7867,31.4504,326.8,2023-12-06,739,D,0
-17.8001,30.6836,323.5,2023-12-06,739,D,0
-17.8525,31.0293,333.0,2023-12-06,739,D,2
-17.8615,31.0278,329.2,2023-12-06,739,D,2
-18.0251,30.5279,327.9,2023-12-06,739,D,0
-17.7424,27.8094,332.0,2023-12-06,739,D,0
-17.7446,27.8228,335.7,2023-12-06,739,D,0
-19.0521,27.2874,364.6,2023-12-06,739,D,0
-19.0572,27.295,368.2,2023-12-06,739,D,0
-19.0437,27.3036,354.5,2023-12-06,739,D,0
-19.1683,30.2736,331.6,2023-12-06,739,D,0
-19.0414,27.2894,341.8,2023-12-06,739,D,0
-20.5686,30.7488,324.3,2023-12-06,739,D,0
-20.0931,28.9389,329.1,2023-12-06,739,D,0
-21.7607,29.6112,335.0,2023-12-06,740,D,0
-18.2228,32.0011,330.1,2023-12-06,1129,D,0
-17.6275,30.0556,325.9,2023-12-06,1129,D,0
-18.2255,31.9756,334.4,2023-12-06,1129,D,0
-17.618,30.0588,327.2,2023-12-06,1129,D,0
-17.8555,31.0289,310.9,2023-12-06,1949,N,2
-18.9219,27.6534,307.3,2023-12-06,1949,N,0
-18.9265,27.6485,307.0,2023-12-06,1949,N,0
-17.857,31.0165,305.0,2023-12-06,1949,N,2
-17.8551,31.0333,304.0,2023-12-06,2359,N,2
-18.914,27.6531,306.0,2023-12-07,0,N,0
-18.9231,27.6517,304.3,2023-12-07,0,N,0
-18.4264,26.4209,327.1,2023-12-07,819,D,0
-18.401,31.4245,322.2,2023-12-07,819,D,0
-19.2822,30.1674,332.2,2023-12-07,1210,D,0
-19.2116,31.3684,334.0,2023-12-07,1210,D,0
-19.4315,30.4662,333.9,2023-12-07,1210,D,0
-19.5724,29.8194,334.6,2023-12-07,1210,D,0
-19.5711,29.8288,333.1,2023-12-07,1210,D,0
-19.6659,30.8672,333.9,2023-12-07,1210,D,0
-20.3711,30.9589,337.6,2023-12-07,1210,D,0
-20.5333,32.6371,332.9,2023-12-07,1210,D,0
-18.9198,27.649,342.6,2023-12-07,1210,D,0
-18.9184,27.6593,342.0,2023-12-07,1210,D,0
-18.3985,32.629,327.9,2023-12-07,1210,D,0
-19.1354,30.5927,337.7,2023-12-07,1210,D,0
-18.032,31.9602,333.1,2023-12-07,1211,D,0
-16.4092,29.9033,332.2,2023-12-07,1211,D,0
-16.5713,30.3557,334.3,2023-12-07,1211,D,0
-16.5359,31.3146,333.1,2023-12-07,1211,D,0
-16.7195,31.0744,332.6,2023-12-07,1211,D,0
-16.8464,31.5653,329.9,2023-12-07,1211,D,0
-17.0113,31.4051,339.7,2023-12-07,1211,D,0
-17.3907,29.4937,334.2,2023-12-07,1211,D,0
-17.19,31.7265,330.7,2023-12-07,1211,D,0
-17.8536,29.6719,332.3,2023-12-07,1211,D,0
-18.0303,31.9711,333.5,2023-12-07,1211,D,0
-18.7044,26.0534,302.6,2023-12-07,2030,N,0
-18.7059,26.0436,307.5,2023-12-07,2030,N,0
-18.7074,26.0337,315.5,2023-12-07,2030,N,0
-18.7165,26.0352,327.2,2023-12-07,2030,N,0
-18.9759,27.6724,328.6,2023-12-08,722,D,0
-18.9903,27.6692,327.5,2023-12-08,722,D,0
-19.7627,32.8164,322.2,2023-12-08,722,D,0
-18.9746,27.6799,325.9,2023-12-08,722,D,0
-18.989,27.6768,329.2,2023-12-08,722,D,0
-19.7647,32.8283,327.6,2023-12-08,722,D,0
-18.7393,26.0728,329.3,2023-12-08,1252,D,0
-18.7432,26.0518,343.4,2023-12-08,1252,D,0
-19.8048,33.0184,310.6,2023-12-08,1932,N,0
-16.1472,29.6772,306.9,2023-12-08,2344,N,0
-16.2648,29.9568,309.5,2023-12-08,2344,N,0
-19.3059,30.7461,302.5,2023-12-08,2345,N,0
-19.9423,32.6049,339.6,2023-12-08,2345,N,0
-19.9437,32.6157,365.9,2023-12-08,2345,N,0
-17.7934,31.9618,333.6,2023-12-09,802,D,0
-17.9579,30.9002,323.3,2023-12-09,802,D,0
-17.7228,27.8635,334.6,2023-12-09,802,D,0
-17.7955,31.9801,331.7,2023-12-09,802,D,0
-17.8013,31.9672,337.1,2023-12-09,802,D,0
-17.7892,31.9688,333.4,2023-12-09,802,D,0
-17.2379,29.1102,327.4,2023-12-09,802,D,0
-16.8275,31.6615,332.8,2023-12-09,802,D,0
-16.2831,29.8419,332.0,2023-12-09,802,D,0
-16.2605,29.908,327.2,2023-12-09,802,D,0
-16.2626,29.914,325.8,2023-12-09,802,D,0
-16.1396,29.6747,325.6,2023-12-09,802,D,0
-16.1184,29.6713,325.5,2023-12-09,802,D,0
-19.9411,32.6164,323.2,2023-12-09,803,D,0
-19.9441,32.6221,323.7,2023-12-09,803,D,0
-21.2843,29.125,343.0,2023-12-09,803,D,0
-21.2827,29.1119,344.5,2023-12-09,803,D,0
-21.2909,29.1176,343.4,2023-12-09,803,D,0
-18.2657,32.2208,342.3,2023-12-09,1155,D,0
-19.1058,32.7269,330.5,2023-12-09,1155,D,0
-17.7234,31.8866,331.2,2023-12-09,1155,D,0
-19.9582,32.6104,327.7,2023-12-09,1155,D,0
-18.7129,26.0692,339.5,2023-12-09,1155,D,0
-17.3592,31.7266,331.4,2023-12-09,1155,D,0
-20.534,32.6364,330.6,2023-12-09,1155,D,0
-19.9491,32.609,332.9,2023-12-09,1155,D,0
-18.7196,26.075,341.5,2023-12-09,1155,D,0
-16.8793,31.7422,334.5,2023-12-09,1156,D,0
-16.9378,31.8458,339.5,2023-12-09,1156,D,0
-16.9392,31.836,339.1,2023-12-09,1156,D,0
-17.0142,31.2868,338.5,2023-12-09,1156,D,0
-16.9301,31.8346,343.2,2023-12-09,1156,D,0
-16.878,31.7519,336.5,2023-12-09,1156,D,0
-16.7041,31.4753,334.6,2023-12-09,1156,D,0
-16.2869,29.842,333.6,2023-12-09,1156,D,0
-16.2625,29.9537,332.8,2023-12-09,1156,D,0
-16.2683,29.9088,331.3,2023-12-09,1156,D,0
-16.0644,30.2191,335.0,2023-12-09,1156,D,0
-16.0579,30.1177,339.7,2023-12-09,1156,D,0
-16.0593,30.1065,335.4,2023-12-09,1156,D,0
-16.0566,30.1119,337.9,2023-12-09,1156,D,0
-19.8075,33.0254,304.6,2023-12-09,2012,N,0
-17.7237,30.4773,306.8,2023-12-09,2013,N,0
-16.9415,31.842,317.4,2023-12-09,2013,N,0
-16.9434,31.83,310.7,2023-12-09,2013,N,0
-18.7325,27.0533,357.2,2023-12-10,1237,D,0
-17.184,30.8268,344.2,2023-12-10,1237,D,0
-18.7272,26.0821,345.6,2023-12-10,1237,D,0
-18.608,32.5112,304.7,2023-12-10,2329,N,0
-17.7506,30.4904,327.0,2023-12-11,745,D,0
-16.0716,30.1067,327.7,2023-12-11,745,D,0
-16.0703,30.0974,325.8,2023-12-11,745,D,0
-16.8935,31.4391,321.3,2023-12-11,1140,D,0
-16.3964,30.3464,323.5,2023-12-11,1141,D,0
-18.1173,30.135,301.7,2023-12-11,1956,N,0
-16.1973,29.908,317.6,2023-12-11,1957,N,0
-16.2016,29.9034,318.0,2023-12-11,1957,N,0
-16.5947,30.1512,333.8,2023-12-14,1207,D,0
-16.7379,29.6894,328.4,2023-12-16,752,D,0
-17.6332,30.3683,327.6,2023-12-16,752,D,0
-17.0965,30.3554,321.0,2023-12-16,752,D,0
-16.7469,29.6881,336.9,2023-12-16,752,D,0
-20.0205,32.6898,322.0,2023-12-21,1201,D,0
-21.1495,31.3421,323.7,2023-12-23,743,D,0
-20.038,27.3607,329.0,2023-12-23,743,D,0
-19.9598,32.9524,317.9,2023-12-23,1146,D,0
-18.3362,32.7837,315.3,2023-12-25,725,D,0
