latitude,longitude,brightness,acq_date,acq_time,daynight,type
28.3403,84.8504,300.8,2007-01-02,727,D,0
28.3387,84.8403,302.6,2007-01-02,727,D,0
28.2405,84.7899,303.1,2007-01-03,459,D,0
28.4983,83.7131,304.1,2007-01-03,810,D,0
29.1918,82.8444,318.8,2007-01-03,811,D,0
29.6966,81.1284,309.5,2007-01-03,811,D,0
29.1946,82.8381,324.2,2007-01-03,811,D,0
29.2037,82.8411,318.5,2007-01-03,811,D,0
28.45,83.7632,300.9,2007-01-04,542,D,0
28.4087,84.5007,306.1,2007-01-04,715,D,0
28.9558,83.7752,313.2,2007-01-04,715,D,0
28.9585,83.7889,331.8,2007-01-04,715,D,0
28.4353,83.4251,303.7,2007-01-04,715,D,0
28.9387,82.5962,300.7,2007-01-04,1641,N,0
29.7459,81.3108,306.8,2007-01-04,1641,N,0
28.2294,84.814,314.1,2007-01-05,447,D,0
28.2286,84.8205,316.1,2007-01-05,447,D,0
28.8896,80.1315,305.7,2007-01-05,758,D,0
29.6579,82.3082,322.0,2007-01-05,758,D,0
29.6594,82.3211,321.2,2007-01-05,758,D,0
29.7324,81.7359,309.5,2007-01-05,759,D,0
29.6875,81.2268,306.8,2007-01-05,759,D,0
29.7337,81.7465,316.3,2007-01-05,759,D,0
28.9748,82.4815,307.0,2007-01-06,529,D,0
29.6752,81.1963,307.4,2007-01-06,529,D,0
29.6646,81.2117,303.7,2007-01-06,529,D,0
28.8796,80.1387,301.6,2007-01-06,529,D,0
29.7416,81.7082,301.9,2007-01-06,529,D,0
29.6663,81.2005,305.0,2007-01-06,529,D,0
28.8123,80.1465,311.8,2007-01-06,841,D,0
28.8614,80.0983,323.1,2007-01-06,841,D,0
28.8648,80.1375,324.5,2007-01-06,841,D,0
28.8642,80.1425,320.8,2007-01-06,841,D,0
29.5082,81.7238,305.9,2007-01-06,1629,N,0
26.6228,86.9697,311.4,2007-01-07,745,D,0
26.6244,86.9829,308.7,2007-01-07,745,D,0
28.8394,80.1183,309.3,2007-01-07,746,D,0
28.501,83.7134,324.1,2007-01-07,746,D,0
28.4998,83.7037,304.0,2007-01-07,746,D,0
28.8055,80.2369,305.1,2007-01-07,746,D,0
28.8375,80.1069,308.8,2007-01-07,746,D,0
28.4425,83.8872,304.5,2007-01-07,746,D,0
28.3888,84.8707,309.6,2007-01-07,746,D,0
29.7263,81.2749,311.0,2007-01-07,746,D,0
29.7247,81.2648,340.7,2007-01-07,746,D,0
28.7965,80.1212,325.0,2007-01-07,746,D,0
28.3813,84.8863,310.6,2007-01-07,746,D,0
29.5508,81.9033,302.5,2007-01-08,517,D,0
29.3393,81.5719,308.4,2007-01-08,517,D,0
29.9032,80.8721,302.1,2007-01-08,517,D,0
27.6424,87.0657,338.4,2007-01-09,422,D,0
27.6423,87.0607,339.5,2007-01-09,422,D,0
27.6445,87.0381,310.7,2007-01-09,422,D,0
27.6349,87.0569,320.5,2007-01-09,733,D,0
27.6452,87.0652,324.8,2007-01-09,733,D,0
28.3431,84.5615,317.0,2007-01-09,734,D,0
28.8143,80.2414,307.4,2007-01-10,817,D,0
28.25,85.2948,306.7,2007-01-11,721,D,0
28.3372,84.0882,305.2,2007-01-11,721,D,0
29.6888,81.1459,306.3,2007-01-12,453,D,0
28.027,85.7186,300.8,2007-01-12,804,D,0
28.8543,80.2416,308.3,2007-01-12,805,D,0
29.1701,82.305,305.1,2007-01-12,805,D,0
29.6875,81.161,312.1,2007-01-12,805,D,0
29.8878,81.8434,309.8,2007-01-12,805,D,0
29.6863,81.1507,314.8,2007-01-12,805,D,0
29.886,81.8274,309.9,2007-01-12,805,D,0
29.6871,81.1571,319.3,2007-01-12,805,D,0
28.7991,80.2218,305.8,2007-01-12,805,D,0
28.8557,80.2529,307.0,2007-01-12,805,D,0
29.7638,81.6519,303.0,2007-01-12,805,D,0
28.8063,80.1291,305.9,2007-01-12,805,D,0
29.7649,81.3034,308.1,2007-01-12,805,D,0
29.7622,81.6377,306.5,2007-01-12,805,D,0
29.7149,82.0265,301.1,2007-01-13,535,D,0
29.1079,82.0401,313.7,2007-01-13,710,D,0
29.1098,82.046,307.2,2007-01-13,710,D,0
28.9788,81.7596,302.9,2007-01-14,752,D,0
28.3045,84.9172,307.4,2007-01-14,752,D,0
28.9774,81.7491,306.6,2007-01-14,752,D,0
27.8838,84.4505,302.2,2007-01-14,752,D,0
28.5762,82.9306,317.6,2007-01-14,752,D,0
30.1287,81.4139,305.2,2007-01-15,523,D,0
30.1302,81.4037,313.4,2007-01-15,523,D,0
29.7739,81.0246,301.5,2007-01-15,836,D,0
29.7847,80.9947,302.3,2007-01-15,836,D,0
27.5665,84.4597,307.2,2007-01-16,740,D,0
27.5097,82.966,307.4,2007-01-16,740,D,0
26.7165,87.0331,310.8,2007-01-18,727,D,0
28.3358,82.928,302.6,2007-01-18,728,D,0
28.2733,84.8606,301.9,2007-01-19,459,D,0
26.6734,87.0663,302.4,2007-01-19,459,D,0
26.6579,87.0727,303.6,2007-01-19,810,D,0
26.665,87.0672,308.4,2007-01-19,810,D,0
29.1582,81.6501,314.2,2007-01-19,811,D,0
26.6707,87.0565,310.8,2007-01-20,715,D,0
28.7921,80.1783,301.7,2007-01-20,716,D,0
28.7845,80.1442,324.8,2007-01-20,716,D,0
28.7944,80.1377,323.5,2007-01-20,716,D,0
28.2077,85.3569,307.9,2007-01-21,758,D,0
28.8494,80.2524,306.5,2007-01-21,759,D,0
29.2702,82.4672,318.0,2007-01-21,759,D,0
28.7801,80.1496,307.7,2007-01-21,759,D,0
28.7787,80.1394,306.7,2007-01-21,759,D,0
28.8056,80.1345,307.0,2007-01-21,759,D,0
29.8223,80.6182,306.9,2007-01-22,529,D,0
29.7279,81.2803,302.8,2007-01-22,529,D,0
28.407,81.5984,307.0,2007-01-22,530,D,0
29.0116,82.5861,317.8,2007-01-22,530,D,0
28.7947,80.1459,305.7,2007-01-22,842,D,0
28.7943,80.15,304.2,2007-01-22,842,D,0
27.6685,86.8076,308.5,2007-01-23,435,D,0
27.5625,84.6438,302.5,2007-01-23,746,D,0
29.0751,82.4691,313.5,2007-01-23,746,D,0
29.7272,81.2689,307.9,2007-01-23,747,D,0
29.84,80.8008,301.4,2007-01-23,747,D,0
29.6974,81.3158,314.2,2007-01-23,747,D,0
29.1463,82.352,303.1,2007-01-23,1712,N,0
29.0689,81.6789,300.1,2007-01-24,517,D,0
26.9617,85.4021,310.0,2007-01-25,733,D,0
28.4473,81.0112,305.9,2007-01-25,734,D,0
27.6068,86.4868,309.6,2007-01-25,734,D,0
28.8635,82.9014,300.4,2007-01-25,734,D,0
27.4746,87.3321,315.1,2007-01-25,734,D,0
27.0737,85.2859,310.0,2007-01-25,734,D,0
29.1369,81.133,304.2,2007-01-26,505,D,0
27.987,85.7731,301.9,2007-01-26,505,D,0
27.6048,86.5757,306.7,2007-01-26,505,D,0
28.9373,82.4029,324.8,2007-01-26,505,D,0
28.9361,82.4127,345.8,2007-01-26,505,D,0
29.0097,81.6342,309.3,2007-01-26,505,D,0
29.2597,81.5699,312.6,2007-01-26,505,D,0
28.4748,81.2338,304.9,2007-01-26,817,D,0
28.6706,83.0009,309.6,2007-01-26,817,D,0
28.4913,81.2141,305.2,2007-01-27,548,D,0
27.6463,86.1633,309.2,2007-01-27,721,D,0
28.6067,83.2708,302.5,2007-01-27,722,D,0
28.2477,84.8006,303.2,2007-01-27,722,D,0
28.932,82.4132,306.6,2007-01-27,722,D,0
28.5674,81.9138,302.9,2007-01-27,722,D,0
26.6337,87.868,316.4,2007-01-28,453,D,0
28.5985,83.2491,311.0,2007-01-28,453,D,0
28.5458,83.6685,311.1,2007-01-28,805,D,0
28.6074,83.2659,309.5,2007-01-28,805,D,0
28.2619,85.1413,322.0,2007-01-28,805,D,0
28.5446,83.6562,309.5,2007-01-28,805,D,0
29.5447,81.9773,302.2,2007-01-29,536,D,0
29.7932,80.5231,306.4,2007-01-29,536,D,0
29.6051,81.8075,313.1,2007-01-29,536,D,0
29.6065,81.8025,311.5,2007-01-29,536,D,0
28.2592,85.1304,301.0,2007-01-29,709,D,0
27.6248,87.8019,311.1,2007-01-30,441,D,0
27.6149,87.7991,319.4,2007-01-30,441,D,0
29.1594,81.1033,305.0,2007-01-31,524,D,0
28.4172,81.5558,315.0,2007-01-31,835,D,0
28.4141,81.51,306.3,2007-01-31,835,D,0
28.4185,81.5502,317.1,2007-01-31,835,D,0
28.9142,82.994,322.0,2007-02-01,740,D,0
27.5483,84.4275,321.1,2007-02-01,740,D,0
27.5497,84.4375,331.0,2007-02-01,740,D,0
27.5494,84.2361,310.1,2007-02-01,740,D,0
28.76,80.1983,305.4,2007-02-01,740,D,0
27.5372,84.2242,312.3,2007-02-01,740,D,0
27.5468,84.4175,308.5,2007-02-01,740,D,0
27.5479,84.2261,366.1,2007-02-01,740,D,0
29.0231,81.9113,306.7,2007-02-01,740,D,0
28.3684,84.4265,311.7,2007-02-01,740,D,0
28.9408,82.6272,314.6,2007-02-01,740,D,0
29.555,81.8265,324.5,2007-02-01,741,D,0
28.4779,80.8927,309.8,2007-02-03,728,D,0
27.1013,85.4765,311.0,2007-02-03,728,D,0
28.1529,81.7549,301.8,2007-02-08,746,D,0
27.3558,86.252,302.2,2007-02-08,746,D,0
28.6574,82.7132,318.0,2007-02-17,740,D,0
27.5575,82.8294,307.5,2007-02-17,740,D,0
28.6416,80.9005,301.5,2007-02-17,740,D,0
28.5329,81.2372,321.8,2007-02-17,740,D,0
28.5349,81.2491,336.5,2007-02-17,740,D,0
28.6591,82.7247,314.3,2007-02-17,740,D,0
27.3116,84.7768,302.3,2007-02-17,740,D,0
27.5399,84.2445,319.4,2007-02-17,740,D,0
28.8458,80.1486,312.5,2007-02-18,823,D,0
27.5447,84.2234,320.9,2007-02-18,823,D,0
27.5352,84.2161,317.4,2007-02-18,823,D,0
27.5358,84.051,305.4,2007-02-19,728,D,0
27.5468,84.1776,310.8,2007-02-19,728,D,0
28.3879,81.058,314.2,2007-02-19,728,D,0
29.8089,80.9106,311.2,2007-02-20,811,D,0
27.5448,84.456,343.6,2007-02-20,811,D,0
28.7809,80.2077,308.1,2007-02-20,811,D,0
28.7793,80.1943,309.0,2007-02-20,811,D,0
27.5426,84.4314,320.0,2007-02-20,811,D,0
27.0557,85.2176,309.6,2007-02-21,715,D,0
27.0538,85.2113,310.1,2007-02-21,715,D,0
27.0757,85.0124,306.7,2007-02-21,715,D,0
29.3575,81.8416,313.2,2007-02-22,759,D,0
27.5461,84.4175,334.9,2007-02-22,759,D,0
27.5444,84.4024,318.9,2007-02-22,759,D,0
29.3589,81.8526,313.0,2007-02-22,759,D,0
28.3893,83.6107,333.4,2007-02-22,759,D,0
28.7661,80.2067,311.9,2007-02-22,759,D,0
28.6826,80.3024,322.4,2007-02-23,530,D,0
27.5639,84.136,313.9,2007-02-24,746,D,0
29.3611,81.8597,310.8,2007-02-24,747,D,0
29.9639,81.9038,314.3,2007-02-27,505,D,0
29.3078,80.6498,311.7,2007-02-27,818,D,0
27.541,84.064,317.1,2007-03-03,752,D,0
27.5392,84.2088,318.5,2007-03-03,752,D,0
27.5962,83.0617,311.5,2007-03-03,752,D,0
27.5519,84.478,326.9,2007-03-03,752,D,0
27.5504,84.4657,320.5,2007-03-03,752,D,0
27.9823,82.2661,305.6,2007-03-04,524,D,0
28.6821,80.3197,311.1,2007-03-04,524,D,0
26.4926,87.8756,313.5,2007-03-04,657,D,0
27.0093,85.7061,312.6,2007-03-05,740,D,0
27.5623,84.4526,309.7,2007-03-05,740,D,0
27.4581,84.3645,315.5,2007-03-05,740,D,0
29.205,82.3715,303.2,2007-03-06,511,D,0
29.597,82.113,309.6,2007-03-06,511,D,0
28.8417,80.2324,326.2,2007-03-06,512,D,0
28.8361,80.2175,311.1,2007-03-06,824,D,0
28.8145,80.1833,322.6,2007-03-07,554,D,0
28.8137,80.1764,324.1,2007-03-07,554,D,0
27.5458,84.4455,333.6,2007-03-07,728,D,0
28.5712,83.6338,321.0,2007-03-07,728,D,0
27.5937,84.1762,314.9,2007-03-07,728,D,0
27.5874,84.1391,313.3,2007-03-07,728,D,0
28.5726,83.6392,313.6,2007-03-07,728,D,0
27.5412,84.6218,336.5,2007-03-08,459,D,0
28.2208,84.8485,332.3,2007-03-08,459,D,0
27.5427,84.6107,310.5,2007-03-08,459,D,0
27.5419,84.5424,311.5,2007-03-08,500,D,0
27.5358,84.5467,307.4,2007-03-08,500,D,0
27.5373,84.5356,306.4,2007-03-08,500,D,0
27.5393,84.0983,310.9,2007-03-08,811,D,0
27.6661,82.8408,310.2,2007-03-15,506,D,0
27.0562,87.5235,316.7,2007-03-16,722,D,0
27.5775,84.1484,312.2,2007-03-17,805,D,0
26.5804,87.0835,314.1,2007-03-18,709,D,0
27.524,84.2106,324.4,2007-03-19,752,D,0
27.5398,84.1,335.7,2007-03-19,752,D,0
27.5384,84.0883,324.4,2007-03-19,752,D,0
27.5267,84.6579,311.6,2007-03-20,524,D,0
28.704,80.4196,313.0,2007-03-20,524,D,0
27.5239,84.6383,315.0,2007-03-20,657,D,0
28.7947,80.183,339.9,2007-03-21,741,D,0
29.8321,82.1027,314.7,2007-03-22,511,D,0
28.1895,85.0686,310.0,2007-03-22,512,D,0
27.2739,84.9803,317.9,2007-03-23,728,D,0
27.2779,84.8242,317.4,2007-03-23,728,D,0
28.4657,81.4925,314.8,2007-03-23,728,D,0
28.4028,84.4103,319.2,2007-03-24,459,D,0
28.404,84.4002,312.7,2007-03-24,459,D,0
28.8976,80.1449,320.1,2007-03-24,811,D,0
28.2341,85.3766,306.3,2007-03-25,542,D,0
27.7552,82.7175,309.2,2007-03-25,542,D,0
28.2335,85.3725,308.8,2007-03-25,542,D,0
28.2263,85.3547,308.9,2007-03-25,716,D,0
28.2294,85.3709,316.0,2007-03-25,716,D,0
28.2257,85.359,316.7,2007-03-25,716,D,0
27.7394,84.6959,325.0,2007-03-26,447,D,0
27.7404,84.6862,326.0,2007-03-26,447,D,0
27.7387,84.702,314.3,2007-03-26,447,D,0
27.7412,84.6805,314.8,2007-03-26,447,D,0
28.5061,84.3542,311.2,2007-03-26,447,D,0
27.4094,83.8007,324.7,2007-03-26,759,D,0
28.9072,80.1671,318.4,2007-03-26,759,D,0
27.5409,84.6414,330.1,2007-03-26,759,D,0
27.5392,84.626,323.9,2007-03-26,759,D,0
28.9058,80.1569,324.2,2007-03-26,759,D,0
30.0966,80.8107,320.9,2007-03-27,530,D,0
28.8849,80.1617,318.5,2007-03-27,530,D,0
28.8865,80.1845,328.3,2007-03-27,842,D,0
28.8837,80.1396,320.9,2007-03-27,842,D,0
28.8691,80.1858,331.6,2007-03-27,842,D,0
28.8718,80.1765,337.7,2007-03-27,842,D,0
27.3848,87.9704,305.0,2007-03-28,435,D,0
27.211,84.9408,318.3,2007-03-28,746,D,0
27.2589,85.0374,328.8,2007-03-28,746,D,0
27.1224,85.3322,323.9,2007-03-28,746,D,0
27.5293,84.4267,316.8,2007-03-28,746,D,0
27.2803,85.0561,333.0,2007-03-28,746,D,0
27.5212,84.7213,338.5,2007-03-28,746,D,0
27.5357,84.1309,347.7,2007-03-28,746,D,0
27.512,84.7228,316.7,2007-03-28,746,D,0
27.1238,85.3434,319.4,2007-03-28,746,D,0
27.2789,85.0451,332.6,2007-03-28,746,D,0
27.5134,84.7336,318.5,2007-03-28,746,D,0
27.2203,84.9392,320.1,2007-03-28,746,D,0
27.6969,83.827,319.3,2007-03-28,746,D,0
26.6705,87.0547,323.6,2007-03-28,746,D,0
27.2696,85.0467,325.2,2007-03-28,746,D,0
29.7848,81.2556,318.1,2007-03-29,517,D,0
28.2661,84.8373,307.1,2007-03-29,518,D,0
27.2509,84.9361,321.5,2007-03-29,518,D,0
27.2681,84.9516,331.3,2007-03-29,518,D,0
27.2705,84.9579,328.7,2007-03-29,518,D,0
27.2725,84.9463,338.5,2007-03-29,518,D,0
27.5093,84.6103,317.7,2007-03-29,518,D,0
27.2274,84.967,320.7,2007-03-30,734,D,0
27.9652,82.9824,319.5,2007-03-30,734,D,0
27.513,84.6006,326.9,2007-03-30,734,D,0
27.2691,84.943,323.1,2007-03-30,734,D,0
27.2797,84.9516,328.1,2007-03-30,734,D,0
27.2782,84.9413,333.7,2007-03-30,734,D,0
27.5146,84.611,323.3,2007-03-30,734,D,0
27.5162,84.6214,321.9,2007-03-30,734,D,0
27.5214,84.7165,333.9,2007-03-30,734,D,0
27.0818,85.6606,331.2,2007-03-30,734,D,0
27.6795,87.3698,317.2,2007-03-30,734,D,0
27.2362,84.9703,329.6,2007-03-30,734,D,0
27.229,84.9772,323.3,2007-03-30,734,D,0
28.1243,85.2887,316.1,2007-03-30,734,D,0
27.115,85.2668,327.8,2007-03-30,734,D,0
27.5071,84.6232,336.5,2007-03-30,734,D,0
27.7432,84.18,319.8,2007-03-30,734,D,0
27.2499,84.9993,326.2,2007-03-30,734,D,0
27.7266,84.7298,315.1,2007-03-30,734,D,0
26.9794,85.8455,321.9,2007-03-30,734,D,0
26.8496,87.0136,318.9,2007-03-30,734,D,0
27.2088,84.8437,320.6,2007-03-30,734,D,0
26.9327,86.0277,323.7,2007-03-30,734,D,0
27.1643,85.2263,328.7,2007-03-30,734,D,0
27.0369,85.7371,324.2,2007-03-30,734,D,0
27.0473,85.7454,332.0,2007-03-30,734,D,0
27.064,85.6639,330.4,2007-03-30,734,D,0
27.1627,85.2162,328.6,2007-03-30,734,D,0
27.0773,85.6922,328.7,2007-03-30,734,D,0
27.2143,85.064,321.7,2007-03-30,734,D,0
27.1581,84.9381,323.5,2007-03-30,734,D,0
27.2212,84.7509,324.6,2007-03-30,734,D,0
28.9288,80.1737,317.9,2007-03-30,735,D,0
28.9268,80.1637,317.6,2007-03-30,735,D,0
29.7251,81.7101,317.7,2007-03-30,735,D,0
27.493,87.7891,316.7,2007-03-31,505,D,0
27.5023,87.7917,314.2,2007-03-31,505,D,0
27.6505,87.3346,310.0,2007-03-31,505,D,0
27.2843,84.9767,316.8,2007-03-31,506,D,0
27.2517,85.0117,318.8,2007-03-31,506,D,0
27.6613,84.7922,316.3,2007-03-31,506,D,0
27.1573,85.275,316.0,2007-03-31,506,D,0
27.1588,85.265,332.3,2007-03-31,506,D,0
27.715,84.0535,325.4,2007-03-31,817,D,0
27.7121,84.0202,320.7,2007-03-31,817,D,0
27.7147,84.0478,328.6,2007-03-31,817,D,0
29.7965,80.8234,315.4,2007-03-31,818,D,0
27.2606,84.9881,314.6,2007-04-01,548,D,0
27.7532,83.8209,311.5,2007-04-01,548,D,0
28.3813,81.343,319.2,2007-04-01,548,D,0
28.3789,81.3359,316.5,2007-04-01,548,D,0
27.5121,84.7482,321.5,2007-04-01,722,D,0
27.2537,84.984,337.8,2007-04-01,722,D,0
27.2513,84.9702,326.6,2007-04-01,722,D,0
27.3228,84.7878,320.9,2007-04-01,722,D,0
27.33,84.8668,317.7,2007-04-01,722,D,0
27.1581,85.13,319.6,2007-04-01,722,D,0
27.1475,85.313,321.4,2007-04-01,722,D,0
27.1014,85.3967,321.9,2007-04-01,722,D,0
27.2565,84.9743,353.9,2007-04-01,722,D,0
27.0765,85.6763,323.8,2007-04-01,722,D,0
27.1498,85.3262,331.7,2007-04-01,722,D,0
27.2589,84.9881,348.9,2007-04-01,722,D,0
27.2358,84.9787,322.9,2007-04-01,722,D,0
27.4271,84.6726,327.8,2007-04-01,722,D,0
27.2592,84.9542,327.3,2007-04-01,722,D,0
27.2616,84.968,332.2,2007-04-01,722,D,0
27.2641,84.9818,347.8,2007-04-01,722,D,0
27.2421,85.0769,321.1,2007-04-01,722,D,0
27.3358,84.7997,329.4,2007-04-01,722,D,0
27.7354,82.675,315.7,2007-04-01,1647,N,0
27.5129,84.6982,323.1,2007-04-02,453,D,0
28.279,82.3327,314.5,2007-04-02,453,D,0
27.4979,84.7362,316.6,2007-04-02,453,D,0
27.5027,84.6969,325.5,2007-04-02,453,D,0
27.4251,87.8371,313.3,2007-04-02,453,D,0
27.7262,82.646,335.9,2007-04-02,805,D,0
28.8701,80.2,338.5,2007-04-02,805,D,0
28.8715,80.2112,347.9,2007-04-02,805,D,0
27.9057,81.9157,329.2,2007-04-02,805,D,0
27.9073,81.9289,327.5,2007-04-02,805,D,0
27.8971,81.9305,325.7,2007-04-02,805,D,0
28.5437,80.8753,328.7,2007-04-02,805,D,0
28.5851,80.8619,325.9,2007-04-02,805,D,0
27.251,84.9509,321.2,2007-04-02,805,D,0
28.7697,80.2118,324.4,2007-04-02,805,D,0
28.7218,80.4809,326.4,2007-04-02,805,D,0
29.1758,81.6559,316.5,2007-04-02,805,D,0
28.754,80.4287,324.0,2007-04-02,805,D,0
27.7229,82.6164,326.7,2007-04-02,805,D,0
28.5452,80.8872,333.7,2007-04-02,805,D,0
27.93,81.8585,328.9,2007-04-02,805,D,0
28.9054,80.2518,321.8,2007-04-02,805,D,0
28.8772,80.2565,342.3,2007-04-02,805,D,0
27.723,82.4288,336.9,2007-04-02,805,D,0
28.5223,80.7819,324.9,2007-04-02,805,D,0
28.506,80.8085,333.0,2007-04-02,805,D,0
28.5075,80.8204,331.9,2007-04-02,805,D,0
28.6971,80.4799,324.0,2007-04-02,805,D,0
28.7313,80.4793,328.8,2007-04-02,805,D,0
28.9464,80.1587,322.4,2007-04-02,805,D,0
28.0802,82.0249,323.8,2007-04-02,805,D,0
28.0903,82.0219,320.6,2007-04-02,805,D,0
28.7626,80.4977,337.1,2007-04-02,805,D,0
28.7612,80.4862,334.2,2007-04-02,805,D,0
29.6977,82.0358,322.0,2007-04-02,805,D,0
28.8576,80.9328,316.1,2007-04-02,805,D,0
28.2917,82.3316,318.4,2007-04-02,805,D,0
28.2902,82.3185,322.0,2007-04-02,805,D,0
28.5837,80.85,324.1,2007-04-02,805,D,0
28.2964,82.3256,319.8,2007-04-02,805,D,0
27.5893,83.0581,330.6,2007-04-02,805,D,0
27.5876,83.0429,327.7,2007-04-02,805,D,0
27.6317,82.9443,326.8,2007-04-02,805,D,0
27.8638,82.8744,322.4,2007-04-02,805,D,0
28.3799,81.7027,321.2,2007-04-02,805,D,0
27.7326,82.9019,329.1,2007-04-02,805,D,0
27.3416,84.8315,318.4,2007-04-02,805,D,0
27.5222,84.6971,371.1,2007-04-02,805,D,0
27.9775,82.3587,324.5,2007-04-02,805,D,0
27.5099,84.6983,350.3,2007-04-02,805,D,0
27.7279,82.6613,329.1,2007-04-02,805,D,0
28.8041,80.3332,323.3,2007-04-02,805,D,0
28.8078,80.2862,329.0,2007-04-02,805,D,0
28.8238,80.2605,330.6,2007-04-02,805,D,0
28.8786,80.2678,326.0,2007-04-02,805,D,0
27.1297,85.3117,319.6,2007-04-02,805,D,0
27.9417,81.87,329.7,2007-04-02,805,D,0
28.8055,80.3446,323.5,2007-04-02,805,D,0
27.4209,84.3158,305.0,2007-04-02,2011,N,0
27.8623,82.2206,307.9,2007-04-02,2011,N,0
27.3122,84.8854,305.1,2007-04-02,2011,N,0
27.3004,84.9038,305.4,2007-04-02,2011,N,0
27.3018,84.8938,313.5,2007-04-02,2011,N,0
27.7349,83.0786,317.0,2007-04-03,536,D,0
27.7233,84.0943,313.0,2007-04-03,536,D,0
27.7283,84.1102,313.0,2007-04-03,536,D,0
27.2168,84.9602,316.2,2007-04-03,536,D,0
27.7461,83.0812,316.9,2007-04-03,536,D,0
27.737,83.0728,318.6,2007-04-03,536,D,0
28.6533,82.6453,314.6,2007-04-03,536,D,0
27.7339,83.0895,319.5,2007-04-03,536,D,0
27.2805,84.84,319.1,2007-04-03,536,D,0
27.2825,84.8349,317.0,2007-04-03,536,D,0
28.8861,80.2158,324.6,2007-04-03,536,D,0
28.8798,80.2201,323.2,2007-04-03,536,D,0
28.7409,80.5032,327.6,2007-04-03,536,D,0
28.8499,80.2255,322.3,2007-04-03,536,D,0
28.9439,80.1582,315.8,2007-04-03,536,D,0
28.564,80.8887,319.7,2007-04-03,536,D,0
27.2118,85.3239,321.5,2007-04-03,709,D,0
27.0689,85.6941,325.1,2007-04-03,709,D,0
27.2416,84.8074,322.7,2007-04-03,709,D,0
26.9958,85.7115,319.8,2007-04-03,709,D,0
27.2853,84.8921,318.2,2007-04-03,709,D,0
27.0717,85.6864,323.2,2007-04-03,709,D,0
26.9881,85.8212,320.2,2007-04-03,709,D,0
27.2461,84.8301,321.7,2007-04-03,709,D,0
27.3174,84.8536,324.1,2007-04-03,709,D,0
27.3128,84.8309,315.7,2007-04-03,709,D,0
27.7831,84.5214,313.5,2007-04-03,710,D,0
29.6696,81.6716,331.2,2007-04-03,710,D,0
27.7408,83.0883,315.6,2007-04-03,710,D,0
27.826,84.4231,315.2,2007-04-03,710,D,0
27.8299,84.4247,314.5,2007-04-03,710,D,0
27.7794,84.5129,313.1,2007-04-03,710,D,0
29.664,81.6465,326.3,2007-04-03,710,D,0
27.729,84.2013,314.5,2007-04-03,710,D,0
27.5338,84.3595,320.7,2007-04-03,710,D,0
27.7245,84.6927,315.2,2007-04-03,710,D,0
27.7216,84.6884,315.2,2007-04-03,710,D,0
27.5256,84.3694,345.0,2007-04-03,710,D,0
27.5221,84.4208,321.5,2007-04-03,710,D,0
27.5269,84.4441,338.4,2007-04-03,710,D,0
27.5139,84.4484,321.0,2007-04-03,710,D,0
27.5198,84.5448,312.8,2007-04-03,710,D,0
27.5111,84.5521,315.0,2007-04-03,710,D,0
27.5866,83.8979,317.1,2007-04-03,710,D,0
29.6604,81.6442,319.1,2007-04-03,710,D,0
29.6661,81.6691,334.4,2007-04-03,710,D,0
27.3382,84.8876,305.0,2007-04-03,1634,N,0
27.4894,84.3969,307.7,2007-04-03,1634,N,0
27.4529,84.7891,307.3,2007-04-03,1634,N,0
27.4693,84.7759,305.0,2007-04-03,1634,N,0
27.2539,84.8784,316.6,2007-04-03,1634,N,0
27.4986,84.3336,305.9,2007-04-03,1634,N,0
27.3894,84.5342,310.9,2007-04-03,1634,N,0
27.2952,84.9119,306.0,2007-04-03,1634,N,0
27.2947,84.9736,309.2,2007-04-03,1634,N,0
27.2525,84.8684,309.2,2007-04-03,1634,N,0
27.3387,84.826,306.6,2007-04-03,1634,N,0
27.2459,84.9516,306.4,2007-04-03,1634,N,0
27.2807,84.8735,309.9,2007-04-03,1634,N,0
27.2821,84.8835,311.3,2007-04-03,1634,N,0
27.7114,82.7279,308.2,2007-04-03,1635,N,0
27.757,83.0866,308.2,2007-04-03,1635,N,0
27.7119,82.6229,313.8,2007-04-03,1635,N,0
27.7103,82.6122,311.6,2007-04-03,1635,N,0
27.793,82.3114,308.5,2007-04-03,1635,N,0
28.9017,80.1945,303.1,2007-04-03,1635,N,0
27.2682,84.9208,323.5,2007-04-04,441,D,0
27.2275,84.9552,318.0,2007-04-04,441,D,0
27.4228,84.5313,323.8,2007-04-04,441,D,0
27.113,85.3205,316.5,2007-04-04,441,D,0
27.0973,85.4056,317.0,2007-04-04,441,D,0
27.2368,84.9495,317.5,2007-04-04,441,D,0
27.0918,85.4109,317.8,2007-04-04,441,D,0
27.4208,84.5525,325.0,2007-04-04,441,D,0
26.484,87.9557,319.7,2007-04-04,441,D,0
27.1072,85.3138,318.3,2007-04-04,441,D,0
27.5267,84.3946,320.5,2007-04-04,441,D,0
27.2658,84.8183,316.1,2007-04-04,441,D,0
27.3485,84.8565,322.8,2007-04-04,752,D,0
27.4976,84.3332,321.6,2007-04-04,752,D,0
27.6175,84.0613,317.1,2007-04-04,752,D,0
27.619,84.0731,317.6,2007-04-04,752,D,0
27.7437,82.968,324.4,2007-04-04,752,D,0
27.7345,82.9696,321.9,2007-04-04,752,D,0
27.5266,84.383,320.8,2007-04-04,752,D,0
27.5281,84.395,323.6,2007-04-04,752,D,0
27.5361,84.7265,318.2,2007-04-04,752,D,0
27.3052,84.7487,323.2,2007-04-04,752,D,0
27.3151,84.7472,320.1,2007-04-04,752,D,0
27.3692,84.6808,323.3,2007-04-04,752,D,0
27.3677,84.6684,327.3,2007-04-04,752,D,0
27.7485,83.0762,318.2,2007-04-04,752,D,0
27.1791,85.1442,340.1,2007-04-04,752,D,0
27.2235,85.0844,322.7,2007-04-04,752,D,0
27.4961,84.3214,323.2,2007-04-04,752,D,0
27.5,84.326,325.4,2007-04-04,752,D,0
27.5277,84.3096,331.3,2007-04-04,752,D,0
27.5262,84.2977,337.4,2007-04-04,752,D,0
27.5316,84.2606,321.3,2007-04-04,752,D,0
27.5412,84.2591,338.3,2007-04-04,752,D,0
27.4661,84.399,337.6,2007-04-04,752,D,0
27.4767,84.8243,318.1,2007-04-04,752,D,0
27.0173,85.5065,327.8,2007-04-04,752,D,0
27.2231,84.9076,324.2,2007-04-04,752,D,0
27.3494,84.78,319.5,2007-04-04,752,D,0
27.8077,84.9516,318.6,2007-04-04,752,D,0
27.7979,85.0447,318.1,2007-04-04,752,D,0
27.7129,82.7359,323.1,2007-04-04,752,D,0
27.7032,82.6628,331.0,2007-04-04,752,D,0
27.1147,85.2799,325.6,2007-04-04,752,D,0
27.5158,84.4584,320.1,2007-04-04,752,D,0
27.5125,84.4533,319.5,2007-04-04,752,D,0
27.6067,83.8979,317.7,2007-04-04,752,D,0
27.7333,84.0928,328.8,2007-04-04,752,D,0
27.0112,85.9692,320.9,2007-04-04,752,D,0
27.3219,84.9769,321.3,2007-04-04,752,D,0
27.3395,85.0396,319.3,2007-04-04,752,D,0
27.5092,84.7559,323.7,2007-04-04,752,D,0
27.1639,85.0147,323.6,2007-04-04,752,D,0
27.4426,84.4518,319.0,2007-04-04,752,D,0
27.3991,84.513,322.7,2007-04-04,752,D,0
27.4021,84.5372,324.9,2007-04-04,752,D,0
27.2861,84.9233,332.4,2007-04-04,752,D,0
27.2361,84.9314,341.1,2007-04-04,752,D,0
27.2376,84.9441,350.9,2007-04-04,752,D,0
27.2391,84.9569,339.6,2007-04-04,752,D,0
27.2246,84.9203,328.0,2007-04-04,752,D,0
27.2261,84.933,331.5,2007-04-04,752,D,0
27.2276,84.9457,333.4,2007-04-04,752,D,0
27.2291,84.9585,340.2,2007-04-04,752,D,0
27.2683,85.0308,323.1,2007-04-04,752,D,0
27.2739,84.8226,329.1,2007-04-04,752,D,0
27.2724,84.8101,325.7,2007-04-04,752,D,0
27.653,83.1978,320.6,2007-04-04,752,D,0
27.3426,84.6417,321.1,2007-04-04,752,D,0
27.3854,84.565,324.6,2007-04-04,752,D,0
27.2867,85.707,318.1,2007-04-04,752,D,0
27.2351,85.0097,325.4,2007-04-04,752,D,0
28.8198,80.2747,322.2,2007-04-04,753,D,0
29.107,81.1677,316.4,2007-04-04,753,D,0
28.8175,80.7005,318.5,2007-04-04,753,D,0
27.9083,81.9473,323.1,2007-04-04,753,D,0
28.9754,80.3334,320.0,2007-04-04,753,D,0
29.0934,81.1458,318.4,2007-04-04,753,D,0
27.9116,81.9053,326.4,2007-04-04,753,D,0
28.8543,80.3206,318.0,2007-04-04,753,D,0
28.8377,80.2712,336.2,2007-04-04,753,D,0
29.8367,82.1268,327.5,2007-04-04,753,D,0
29.8353,82.1166,327.1,2007-04-04,753,D,0
28.3727,81.7125,318.3,2007-04-04,753,D,0
28.8288,80.273,321.0,2007-04-04,753,D,0
27.8893,82.0755,326.8,2007-04-04,753,D,0
29.0991,81.1862,317.4,2007-04-04,753,D,0
28.9739,80.3232,317.9,2007-04-04,753,D,0
29.7838,82.0073,331.1,2007-04-04,753,D,0
26.8829,86.5071,304.2,2007-04-04,1959,N,0
27.2393,84.9277,326.5,2007-04-05,524,D,0
27.2343,85.0749,317.1,2007-04-05,524,D,0
27.3675,84.7532,314.3,2007-04-05,524,D,0
27.2143,84.9748,320.9,2007-04-05,524,D,0
27.7514,82.3866,324.0,2007-04-05,524,D,0
28.0369,82.1576,316.8,2007-04-05,524,D,0
27.5208,84.4034,317.8,2007-04-05,524,D,0
27.2828,84.8066,356.7,2007-04-05,524,D,0
27.2649,84.8107,324.4,2007-04-05,524,D,0
29.1091,81.1848,315.9,2007-04-05,524,D,0
27.3644,84.7099,324.1,2007-04-05,524,D,0
27.417,84.5165,316.2,2007-04-05,524,D,0
28.855,80.2057,340.5,2007-04-05,524,D,0
27.2373,84.9062,324.5,2007-04-05,524,D,0
27.2653,84.904,331.3,2007-04-05,524,D,0
27.5189,84.6435,314.2,2007-04-05,524,D,0
28.8455,81.5287,312.0,2007-04-05,524,D,0
29.1106,81.1747,311.5,2007-04-05,524,D,0
27.2774,84.7769,322.7,2007-04-05,524,D,0
27.3219,84.8291,320.0,2007-04-05,524,D,0
27.3115,84.827,323.4,2007-04-05,524,D,0
27.2804,84.8204,340.1,2007-04-05,524,D,0
27.4695,84.8005,312.8,2007-04-05,524,D,0
26.9926,85.7569,320.3,2007-04-05,524,D,0
27.2725,84.8044,362.6,2007-04-05,524,D,0
27.6978,82.4858,317.3,2007-04-05,524,D,0
27.5306,84.3987,321.1,2007-04-05,524,D,0
27.5055,84.5681,328.9,2007-04-05,657,D,0
27.2714,84.7713,323.3,2007-04-05,657,D,0
27.2799,84.8086,323.0,2007-04-05,657,D,0
27.2957,84.8044,321.6,2007-04-05,657,D,0
27.3116,84.8002,330.2,2007-04-05,657,D,0
27.3032,84.7948,321.8,2007-04-05,657,D,0
27.5137,84.6044,317.5,2007-04-05,657,D,0
27.5222,84.6414,318.2,2007-04-05,657,D,0
27.0698,86.015,302.7,2007-04-05,1622,N,0
27.2923,84.8704,303.4,2007-04-05,1622,N,0
27.5214,84.3348,303.3,2007-04-05,1622,N,0
27.0096,86.4086,309.1,2007-04-05,1622,N,0
27.6473,83.9199,304.9,2007-04-05,1622,N,0
27.2891,85.2999,303.5,2007-04-05,1622,N,0
27.3647,84.5066,305.9,2007-04-05,1622,N,0
27.4748,84.4914,305.5,2007-04-05,1622,N,0
26.9008,86.361,303.7,2007-04-05,1622,N,0
26.7047,86.6492,305.4,2007-04-05,1622,N,0
27.17,85.7752,304.0,2007-04-05,1622,N,0
27.2615,84.8041,305.3,2007-04-05,1622,N,0
27.3037,84.9401,304.3,2007-04-05,1622,N,0
27.298,84.9651,306.7,2007-04-05,1622,N,0
26.9382,86.3003,305.2,2007-04-05,1622,N,0
26.8104,86.8625,301.3,2007-04-05,1622,N,0
27.7535,84.2443,301.7,2007-04-05,1622,N,0
26.9811,86.2219,303.5,2007-04-05,1622,N,0
28.8519,80.197,303.2,2007-04-05,1623,N,0
27.1738,85.1116,318.7,2007-04-06,740,D,0
27.2604,85.0687,321.6,2007-04-06,740,D,0
27.5221,84.3199,336.7,2007-04-06,740,D,0
27.5864,83.749,326.2,2007-04-06,740,D,0
27.5879,83.7591,321.1,2007-04-06,740,D,0
27.2475,84.9116,325.9,2007-04-06,740,D,0
27.0534,85.4999,322.8,2007-04-06,740,D,0
27.2591,84.7353,331.7,2007-04-06,740,D,0
28.031,82.1531,321.5,2007-04-06,740,D,0
27.246,84.9016,332.1,2007-04-06,740,D,0
27.2446,84.8916,326.5,2007-04-06,740,D,0
27.255,84.9,323.6,2007-04-06,740,D,0
27.5488,84.633,319.9,2007-04-06,740,D,0
27.6103,83.0537,324.1,2007-04-06,740,D,0
27.5156,84.4647,319.9,2007-04-06,740,D,0
27.5262,84.4115,322.1,2007-04-06,740,D,0
27.5248,84.4015,326.7,2007-04-06,740,D,0
27.7408,84.3029,320.9,2007-04-06,740,D,0
27.7394,84.2929,334.9,2007-04-06,740,D,0
27.7379,84.2829,334.9,2007-04-06,740,D,0
27.7365,84.2729,339.9,2007-04-06,740,D,0
27.4535,84.4146,319.6,2007-04-06,740,D,0
27.4521,84.4046,320.6,2007-04-06,740,D,0
27.7497,84.3012,330.6,2007-04-06,740,D,0
26.7588,86.7984,321.3,2007-04-06,740,D,0
26.7646,86.803,323.4,2007-04-06,740,D,0
27.7483,84.2912,323.9,2007-04-06,740,D,0
27.7514,84.2496,320.2,2007-04-06,740,D,0
27.7499,84.2396,328.0,2007-04-06,740,D,0
28.1956,82.0274,317.4,2007-04-06,740,D,0
27.7706,84.2564,353.6,2007-04-06,740,D,0
27.7692,84.2464,345.0,2007-04-06,740,D,0
27.7781,84.2448,318.6,2007-04-06,740,D,0
27.8095,84.2628,316.2,2007-04-06,740,D,0
27.1002,85.3053,322.4,2007-04-06,740,D,0
27.8449,84.3179,327.7,2007-04-06,740,D,0
27.1321,85.2735,322.4,2007-04-06,740,D,0
27.5144,84.3931,318.8,2007-04-06,740,D,0
27.7215,82.7597,325.3,2007-04-06,740,D,0
28.3849,81.6953,316.1,2007-04-06,740,D,0
27.0338,85.6975,324.4,2007-04-06,740,D,0
27.2119,85.3143,325.8,2007-04-06,740,D,0
27.6144,84.4514,316.7,2007-04-06,740,D,0
27.6101,84.4214,323.6,2007-04-06,740,D,0
27.4084,84.7473,324.6,2007-04-06,740,D,0
27.3542,84.7523,324.9,2007-04-06,740,D,0
27.3528,84.7423,322.8,2007-04-06,740,D,0
27.6308,83.1886,327.0,2007-04-06,740,D,0
27.7141,82.7721,323.0,2007-04-06,740,D,0
27.6218,83.1904,320.6,2007-04-06,740,D,0
27.8434,84.3079,316.6,2007-04-06,740,D,0
27.284,84.782,326.0,2007-04-06,740,D,0
27.2751,84.7836,322.3,2007-04-06,740,D,0
27.2266,85.0234,322.8,2007-04-06,740,D,0
27.3,84.8304,324.8,2007-04-06,740,D,0
27.2986,84.8204,332.5,2007-04-06,740,D,0
27.2929,84.7804,327.2,2007-04-06,740,D,0
27.7232,82.7703,322.7,2007-04-06,740,D,0
27.8578,84.408,327.1,2007-04-06,740,D,0
27.342,84.7955,338.8,2007-04-06,740,D,0
27.3406,84.7855,324.0,2007-04-06,740,D,0
27.232,84.8017,328.5,2007-04-06,740,D,0
27.2305,84.7917,320.4,2007-04-06,740,D,0
27.4426,84.4746,330.4,2007-04-06,740,D,0
27.4234,84.4679,322.7,2007-04-06,740,D,0
27.9208,81.8689,336.3,2007-04-06,740,D,0
27.9737,81.8346,327.3,2007-04-06,740,D,0
27.1277,85.1095,321.7,2007-04-06,740,D,0
27.4113,84.5111,321.0,2007-04-06,740,D,0
27.4127,84.521,319.5,2007-04-06,740,D,0
27.178,85.1417,320.9,2007-04-06,740,D,0
27.1766,85.1316,319.2,2007-04-06,740,D,0
27.6792,84.0056,323.4,2007-04-06,740,D,0
27.7096,84.4682,318.6,2007-04-06,740,D,0
27.5236,84.3298,322.5,2007-04-06,740,D,0
27.2036,84.9249,320.5,2007-04-06,740,D,0
27.5147,84.3315,333.7,2007-04-06,740,D,0
27.5161,84.3415,355.0,2007-04-06,740,D,0
28.3426,81.3763,320.3,2007-04-06,740,D,0
27.7111,84.4782,318.9,2007-04-06,740,D,0
28.8237,80.6839,320.4,2007-04-06,741,D,0
28.8354,80.2146,324.6,2007-04-06,741,D,0
28.8189,80.2943,319.3,2007-04-06,741,D,0
28.8681,80.221,323.5,2007-04-06,741,D,0
29.0842,81.126,318.1,2007-04-06,741,D,0
28.7702,80.488,321.9,2007-04-06,741,D,0
28.6582,80.5603,320.5,2007-04-06,741,D,0
29.7968,80.8367,316.2,2007-04-06,741,D,0
27.3451,84.7436,326.7,2007-04-07,512,D,0
26.7741,86.6478,322.8,2007-04-07,512,D,0
27.6741,83.4748,317.3,2007-04-07,512,D,0
27.0346,86.0587,320.3,2007-04-07,512,D,0
27.4434,84.4653,316.1,2007-04-07,512,D,0
27.9004,82.0592,320.7,2007-04-07,512,D,0
27.4585,84.4267,318.0,2007-04-07,512,D,0
27.4569,84.4367,323.2,2007-04-07,512,D,0
27.5051,84.301,328.8,2007-04-07,512,D,0
27.1593,85.2232,326.0,2007-04-07,512,D,0
27.2348,84.8004,318.9,2007-04-07,512,D,0
27.2438,84.8021,328.0,2007-04-07,512,D,0
27.2454,84.7918,324.7,2007-04-07,512,D,0
27.6212,84.0199,315.6,2007-04-07,512,D,0
27.6257,83.9899,321.8,2007-04-07,512,D,0
27.5279,84.3299,319.0,2007-04-07,823,D,0
27.4772,84.4438,304.0,2007-04-07,1610,N,0
27.5107,84.2937,303.1,2007-04-07,1610,N,0
27.9586,82.0993,310.4,2007-04-07,2030,N,0
28.7317,80.5207,322.1,2007-04-08,554,D,0
28.7331,80.5145,322.1,2007-04-08,554,D,0
26.6811,86.9245,326.7,2007-04-08,727,D,0
27.589,84.4121,323.8,2007-04-08,728,D,0
27.3493,84.766,319.4,2007-04-08,728,D,0
27.6826,83.0419,322.1,2007-04-08,728,D,0
27.4133,84.7101,323.0,2007-04-08,728,D,0
27.3512,84.7778,321.6,2007-04-08,728,D,0
27.6831,83.9287,318.9,2007-04-08,728,D,0
27.5276,84.2861,323.0,2007-04-08,728,D,0
28.8295,80.6687,313.6,2007-04-09,459,D,0
27.3388,84.6965,322.2,2007-04-09,459,D,0
27.5108,84.4191,320.7,2007-04-09,459,D,0
28.995,81.1257,316.2,2007-04-09,459,D,0
28.6273,80.877,320.0,2007-04-09,811,D,0
28.73,80.4482,324.9,2007-04-09,811,D,0
28.8284,80.1538,320.7,2007-04-09,811,D,0
28.7284,80.4345,332.2,2007-04-09,811,D,0
28.2199,81.8446,321.9,2007-04-09,811,D,0
28.5477,81.2888,320.6,2007-04-09,811,D,0
28.8675,80.3113,321.0,2007-04-09,811,D,0
27.7278,84.3012,332.0,2007-04-09,811,D,0
28.2185,81.8398,321.3,2007-04-09,811,D,0
27.7226,84.2971,328.7,2007-04-09,811,D,0
28.5493,81.3042,327.1,2007-04-09,811,D,0
28.1437,82.0983,324.4,2007-04-09,811,D,0
28.7124,80.4788,326.7,2007-04-09,811,D,0
28.1239,81.9073,306.1,2007-04-09,2017,N,0
28.3349,81.5563,306.2,2007-04-09,2017,N,0
27.3649,84.4439,310.3,2007-04-09,2017,N,0
27.6415,83.705,306.2,2007-04-09,2017,N,0
28.4046,81.4222,306.5,2007-04-09,2017,N,0
27.4977,84.4815,302.6,2007-04-09,2017,N,0
27.3605,84.4122,305.8,2007-04-09,2017,N,0
27.6765,83.9645,305.9,2007-04-09,2017,N,0
27.4451,84.5798,304.0,2007-04-09,2017,N,0
27.5003,83.9711,303.8,2007-04-09,2017,N,0
28.0316,82.5158,301.0,2007-04-09,2017,N,0
27.9505,81.8971,319.1,2007-04-10,542,D,0
28.8024,80.7437,316.5,2007-04-10,542,D,0
28.4499,81.3516,314.6,2007-04-10,542,D,0
28.447,81.367,317.8,2007-04-10,542,D,0
28.2279,81.9063,313.7,2007-04-10,542,D,0
27.6233,83.2054,321.2,2007-04-10,542,D,0
27.6189,83.227,317.6,2007-04-10,542,D,0
27.624,83.2001,316.3,2007-04-10,542,D,0
27.6197,83.2217,320.9,2007-04-10,542,D,0
28.5184,81.4212,319.5,2007-04-10,542,D,0
28.5155,81.4367,315.6,2007-04-10,542,D,0
28.5151,81.4311,322.6,2007-04-10,542,D,0
27.7493,82.9772,318.8,2007-04-10,542,D,0
27.7487,82.9704,317.0,2007-04-10,542,D,0
28.5528,80.9159,325.5,2007-04-10,542,D,0
28.2422,82.0185,314.4,2007-04-10,542,D,0
28.8739,80.1609,349.3,2007-04-10,542,D,0
28.8716,80.1741,343.0,2007-04-10,542,D,0
29.0161,80.287,316.4,2007-04-10,542,D,0
28.5555,80.9011,323.7,2007-04-10,542,D,0
27.0189,86.1083,322.9,2007-04-10,715,D,0
26.7501,86.8074,323.2,2007-04-10,715,D,0
28.8699,80.1505,314.8,2007-04-10,716,D,0
27.7485,82.9765,315.6,2007-04-10,716,D,0
27.6543,83.5038,315.6,2007-04-10,716,D,0
27.7176,83.8253,324.0,2007-04-10,716,D,0
29.7013,81.3064,307.6,2007-04-10,716,D,0
28.8749,80.1561,315.9,2007-04-10,716,D,0
27.6238,84.014,321.1,2007-04-10,716,D,0
27.6819,83.5945,315.1,2007-04-10,1641,N,0
27.6881,83.5727,308.8,2007-04-10,1641,N,0
28.2234,81.9087,305.6,2007-04-10,1641,N,0
28.2201,81.825,308.5,2007-04-10,1641,N,0
27.6441,83.6532,307.9,2007-04-10,1641,N,0
27.6965,83.5652,306.5,2007-04-10,1641,N,0
28.1707,82.0504,303.2,2007-04-10,1641,N,0
27.7434,82.7881,305.6,2007-04-10,1641,N,0
27.7801,82.3427,306.0,2007-04-10,1641,N,0
27.7036,83.8193,303.6,2007-04-10,1641,N,0
27.0188,85.8158,321.2,2007-04-11,758,D,0
27.0095,85.7273,321.5,2007-04-11,758,D,0
27.3561,84.7315,319.5,2007-04-11,758,D,0
27.3544,84.7163,328.3,2007-04-11,758,D,0
28.7968,80.7287,319.2,2007-04-11,759,D,0
27.9537,82.5441,321.5,2007-04-11,759,D,0
28.9119,80.2931,324.3,2007-04-11,759,D,0
29.0576,80.1492,321.4,2007-04-11,759,D,0
28.7304,80.8541,321.7,2007-04-11,759,D,0
28.9104,80.2828,322.7,2007-04-11,759,D,0
29.0459,81.1484,319.6,2007-04-11,759,D,0
29.7896,80.8085,329.3,2007-04-11,759,D,0
28.7788,80.8711,323.1,2007-04-11,759,D,0
28.6732,80.8426,322.9,2007-04-11,759,D,0
28.3411,81.5179,328.1,2007-04-11,759,D,0
27.6973,82.6889,323.4,2007-04-11,759,D,0
28.9087,81.4555,316.5,2007-04-11,759,D,0
28.7633,80.4164,327.6,2007-04-11,759,D,0
28.7279,80.3596,320.1,2007-04-11,759,D,0
28.9282,80.1482,323.2,2007-04-11,759,D,0
28.1575,81.886,324.6,2007-04-11,759,D,0
28.8835,80.2877,322.4,2007-04-11,759,D,0
28.459,82.1031,323.8,2007-04-11,759,D,0
28.1588,81.8969,322.0,2007-04-11,759,D,0
29.0693,81.2033,316.5,2007-04-11,759,D,0
29.0999,81.0791,324.7,2007-04-11,759,D,0
29.4326,82.1736,330.1,2007-04-11,759,D,0
27.7466,84.0603,312.7,2007-04-12,530,D,0
28.3499,81.5273,317.1,2007-04-12,530,D,0
28.3202,81.5903,319.6,2007-04-12,530,D,0
28.0258,82.1813,318.7,2007-04-12,530,D,0
27.9204,82.0025,319.9,2007-04-12,530,D,0
27.7494,84.0452,323.0,2007-04-12,530,D,0
28.362,84.8774,301.0,2007-04-12,530,D,0
27.9184,82.0142,318.9,2007-04-12,530,D,0
28.5986,80.8492,319.1,2007-04-12,530,D,0
27.8954,82.5764,316.5,2007-04-12,530,D,0
28.2526,81.7916,318.1,2007-04-12,530,D,0
27.7272,84.0955,318.7,2007-04-12,703,D,0
27.6874,83.9052,327.8,2007-04-12,703,D,0
27.6834,83.8974,327.9,2007-04-12,703,D,0
27.5801,87.3098,316.7,2007-04-12,703,D,0
27.7295,84.1021,323.6,2007-04-12,703,D,0
28.2022,85.3429,311.6,2007-04-13,435,D,0
26.7494,86.7975,323.7,2007-04-13,746,D,0
27.6365,83.1953,323.6,2007-04-13,746,D,0
27.5927,83.6005,330.0,2007-04-13,746,D,0
28.3195,81.6245,318.6,2007-04-13,746,D,0
27.8147,84.2201,325.8,2007-04-13,746,D,0
27.7183,84.0529,329.5,2007-04-13,746,D,0
27.2265,84.8337,328.8,2007-04-13,746,D,0
27.732,84.2946,321.8,2007-04-13,746,D,0
27.232,84.8271,324.4,2007-04-13,746,D,0
27.203,84.8705,322.7,2007-04-13,746,D,0
27.8671,84.4047,343.6,2007-04-13,746,D,0
27.6554,83.0619,325.0,2007-04-13,746,D,0
27.6775,83.0887,321.7,2007-04-13,746,D,0
27.6379,83.2053,331.1,2007-04-13,746,D,0
28.873,80.2698,319.4,2007-04-13,747,D,0
29.6188,81.3623,315.8,2007-04-13,747,D,0
28.8748,80.2811,317.3,2007-04-13,747,D,0
28.7696,80.4771,323.5,2007-04-13,747,D,0
27.5955,83.9872,320.1,2007-04-14,518,D,0
28.8326,82.3055,318.5,2007-04-14,518,D,0
28.698,80.6372,318.9,2007-04-14,518,D,0
27.6046,83.989,316.8,2007-04-14,518,D,0
28.4743,84.8928,328.6,2007-04-15,734,D,0
27.8669,84.4203,319.0,2007-04-15,734,D,0
27.8983,84.3814,318.5,2007-04-15,734,D,0
27.5266,84.6081,330.4,2007-04-15,734,D,0
27.2282,84.7658,324.0,2007-04-15,734,D,0
27.1678,85.1012,327.8,2007-04-15,734,D,0
27.7031,83.7938,319.5,2007-04-15,734,D,0
26.9841,86.1081,323.7,2007-04-15,734,D,0
27.6058,83.9832,322.3,2007-04-15,734,D,0
27.6041,83.9723,324.3,2007-04-15,734,D,0
27.3174,84.8709,324.9,2007-04-15,734,D,0
27.319,84.8812,319.3,2007-04-15,734,D,0
27.2137,84.8537,324.6,2007-04-15,734,D,0
27.0863,85.4824,327.9,2007-04-15,734,D,0
26.7496,86.8523,335.7,2007-04-15,734,D,0
27.6898,83.9265,343.0,2007-04-15,734,D,0
27.2645,84.7588,325.0,2007-04-15,734,D,0
27.6319,87.2723,309.6,2007-04-16,505,D,0
27.6731,87.3544,314.9,2007-04-16,505,D,0
27.6751,87.3417,337.0,2007-04-16,505,D,0
26.8392,86.1454,326.4,2007-04-16,506,D,0
26.8376,86.1555,324.6,2007-04-16,506,D,0
28.828,82.3224,325.6,2007-04-17,548,D,0
27.9189,85.1681,318.9,2007-04-17,722,D,0
27.2363,84.7864,325.7,2007-04-17,722,D,0
27.2692,84.7593,321.0,2007-04-17,722,D,0
29.6066,82.4535,317.4,2007-04-17,722,D,0
26.4591,87.1844,324.8,2007-04-18,453,D,0
26.4605,87.1743,330.7,2007-04-18,453,D,0
27.5934,84.4468,321.9,2007-04-18,805,D,0
27.6959,83.904,338.5,2007-04-18,805,D,0
27.6943,83.8882,327.5,2007-04-18,805,D,0
27.5953,84.4657,321.3,2007-04-18,805,D,0
27.7186,83.0747,325.8,2007-04-20,752,D,0
28.3695,81.3778,323.3,2007-04-20,753,D,0
28.4671,81.3475,323.2,2007-04-20,753,D,0
27.7859,84.0136,313.5,2007-04-21,657,D,0
27.7825,84.0198,315.2,2007-04-21,657,D,0
28.6523,80.8615,323.4,2007-04-22,740,D,0
28.66,80.8468,337.6,2007-04-22,740,D,0
27.7081,84.0189,319.1,2007-04-22,740,D,0
28.6622,80.8593,323.7,2007-04-22,740,D,0
28.6467,80.8886,325.3,2007-04-22,740,D,0
28.5369,81.2792,325.6,2007-04-22,740,D,0
28.5561,81.275,327.3,2007-04-22,740,D,0
27.7096,84.0289,321.4,2007-04-22,740,D,0
28.5581,81.287,324.1,2007-04-22,740,D,0
28.4974,80.9207,325.8,2007-04-22,740,D,0
28.7126,80.6414,327.5,2007-04-23,511,D,0
27.11,86.715,320.5,2007-04-23,512,D,0
27.7743,83.4995,318.5,2007-04-23,512,D,0
27.3473,84.5655,324.4,2007-04-23,512,D,0
28.7119,80.6493,324.9,2007-04-23,823,D,0
27.9074,82.4975,306.5,2007-04-23,2029,N,0
27.9057,82.5086,311.6,2007-04-23,2029,N,0
28.3408,82.3163,315.7,2007-04-24,554,D,0
27.7141,83.8131,317.2,2007-04-24,728,D,0
27.5947,84.4515,317.1,2007-04-24,728,D,0
28.5484,81.6897,322.7,2007-04-24,728,D,0
28.3389,82.3188,328.6,2007-04-24,728,D,0
27.2474,84.7718,323.8,2007-04-24,728,D,0
28.5509,81.274,319.7,2007-04-24,728,D,0
28.5473,81.2557,319.3,2007-04-24,728,D,0
28.3429,82.3262,326.1,2007-04-24,728,D,0
28.3416,82.3337,316.5,2007-04-24,728,D,0
28.7182,80.6379,323.8,2007-04-24,728,D,0
27.7373,84.0077,324.7,2007-04-24,728,D,0
27.7205,83.9699,324.7,2007-04-24,728,D,0
27.6883,83.9032,320.4,2007-04-24,728,D,0
29.0279,80.2406,309.6,2007-04-24,1653,N,0
28.9629,81.1211,306.4,2007-04-24,1653,N,0
28.9615,81.1102,306.6,2007-04-24,1653,N,0
27.7884,84.0429,318.3,2007-04-25,811,D,0
27.7849,84.0373,316.0,2007-04-25,811,D,0
29.075,80.1156,322.1,2007-04-25,2017,N,0
28.5333,81.2716,324.2,2007-04-26,542,D,0
28.7826,80.4584,323.3,2007-04-26,542,D,0
28.3428,81.361,319.7,2007-04-26,542,D,0
28.343,81.3676,320.2,2007-04-26,542,D,0
28.7889,80.4656,323.7,2007-04-26,542,D,0
28.5225,81.2691,321.8,2007-04-26,542,D,0
27.8009,84.2822,320.1,2007-04-26,716,D,0
29.1918,80.4894,316.7,2007-04-27,447,D,0
28.8455,82.3888,322.6,2007-04-27,447,D,0
29.1963,80.4841,319.3,2007-04-27,447,D,0
27.7053,82.4536,323.7,2007-04-27,758,D,0
28.7087,80.7804,336.5,2007-04-27,759,D,0
28.1089,81.874,325.9,2007-04-27,759,D,0
28.1103,81.885,331.0,2007-04-27,759,D,0
28.6975,80.6972,330.0,2007-04-27,759,D,0
28.5773,81.313,321.5,2007-04-27,759,D,0
28.2412,81.772,324.6,2007-04-27,759,D,0
28.2133,81.7767,328.0,2007-04-27,759,D,0
29.0997,82.1086,321.0,2007-04-27,759,D,0
28.7073,80.77,343.7,2007-04-27,759,D,0
28.1836,82.0362,322.8,2007-04-27,759,D,0
28.6997,80.782,328.0,2007-04-27,759,D,0
28.5979,81.1936,322.4,2007-04-27,759,D,0
29.0764,81.2762,317.1,2007-04-27,759,D,0
28.6433,80.8453,327.4,2007-04-27,759,D,0
28.5878,81.3221,322.5,2007-04-27,759,D,0
28.8487,82.3901,327.3,2007-04-27,759,D,0
28.6131,81.3108,321.5,2007-04-27,759,D,0
28.6198,80.8571,333.6,2007-04-28,530,D,0
28.841,82.3889,319.4,2007-04-28,530,D,0
29.0939,82.8988,320.5,2007-04-28,530,D,0
28.6129,81.1958,320.2,2007-04-28,530,D,0
27.6106,87.3599,341.0,2007-04-29,746,D,0
27.9368,82.5245,325.2,2007-04-29,746,D,0
27.7953,84.2133,317.9,2007-04-29,746,D,0
27.9596,81.9949,323.9,2007-04-29,746,D,0
28.6862,80.6502,324.8,2007-04-29,747,D,0
29.2268,80.3383,316.3,2007-04-29,747,D,0
28.8278,80.4375,323.2,2007-04-29,747,D,0
28.6844,80.6393,328.6,2007-04-29,747,D,0
29.0466,81.3604,326.6,2007-04-30,517,D,0
27.5282,87.7817,302.2,2007-04-30,651,D,0
27.7002,87.3586,301.6,2007-04-30,651,D,0
27.6984,87.3544,301.2,2007-04-30,651,D,0
27.7022,87.3531,323.1,2007-05-01,734,D,0
27.7255,82.7977,327.3,2007-05-01,734,D,0
27.6935,82.8612,328.6,2007-05-01,734,D,0
27.8906,82.9338,320.8,2007-05-01,734,D,0
27.3377,84.5602,329.0,2007-05-01,734,D,0
27.3361,84.5497,336.6,2007-05-01,734,D,0
27.7037,87.3645,322.1,2007-05-01,734,D,0
27.5371,87.7791,313.3,2007-05-01,734,D,0
28.4916,81.6852,319.1,2007-05-01,734,D,0
28.8232,81.2769,322.2,2007-05-01,734,D,0
27.8125,83.874,332.4,2007-05-02,505,D,0
28.607,81.2867,322.4,2007-05-02,505,D,0
28.4404,81.0065,321.0,2007-05-02,505,D,0
27.7084,87.35,323.3,2007-05-02,505,D,0
27.7063,87.3625,319.9,2007-05-02,505,D,0
28.4422,80.9917,323.2,2007-05-02,505,D,0
28.6485,81.4781,324.0,2007-05-03,548,D,0
28.6517,81.4828,328.3,2007-05-03,548,D,0
26.8026,87.4379,321.7,2007-05-03,721,D,0
27.6824,83.6159,309.0,2007-05-03,1647,N,0
27.1201,86.504,306.6,2007-05-05,1634,N,0
27.8111,84.2214,304.7,2007-05-05,1634,N,0
27.1215,86.5149,306.0,2007-05-05,1634,N,0
27.1287,86.5146,324.9,2007-05-06,441,D,0
27.1274,86.5088,326.1,2007-05-06,441,D,0
28.7027,81.3058,322.1,2007-05-06,753,D,0
29.1045,81.1543,326.4,2007-05-06,753,D,0
28.5683,81.2704,322.0,2007-05-06,753,D,0
28.7479,81.4324,322.0,2007-05-06,753,D,0
28.8084,81.2691,327.2,2007-05-06,753,D,0
28.807,81.259,327.9,2007-05-06,753,D,0
27.622,83.0286,329.8,2007-05-08,740,D,0
27.7949,84.2066,315.0,2007-05-10,728,D,0
28.4665,80.9293,323.2,2007-05-12,542,D,0
28.4378,81.7579,307.8,2007-05-12,1641,N,0
28.8186,81.2022,322.9,2007-05-13,759,D,0
28.82,81.2127,322.6,2007-05-13,759,D,0
28.4392,81.7529,327.7,2007-05-13,759,D,0
28.4407,81.7641,326.2,2007-05-13,759,D,0
28.8455,81.4851,322.9,2007-05-13,759,D,0
29.1983,82.6853,315.6,2007-05-15,747,D,0
29.1997,82.6954,320.2,2007-05-15,747,D,0
27.8,84.1483,311.5,2007-05-21,710,D,0
28.6293,81.941,323.7,2007-05-22,753,D,0
28.7343,81.9549,325.0,2007-05-23,523,D,0
29.4311,81.4411,321.8,2007-05-23,523,D,0
28.7358,81.9446,320.5,2007-05-23,523,D,0
28.582,81.4988,318.8,2007-05-23,523,D,0
28.3922,82.0813,302.1,2007-05-23,1622,N,0
28.359,82.0809,328.0,2007-05-24,740,D,0
28.214,85.3613,336.6,2007-05-24,740,D,0
28.3684,82.0798,329.8,2007-05-24,740,D,0
27.807,84.2219,319.9,2007-05-24,740,D,0
28.4327,81.7491,329.9,2007-05-24,740,D,0
28.4754,81.3839,321.5,2007-05-24,740,D,0
29.0715,80.4651,323.5,2007-05-24,740,D,0
28.6639,81.3444,320.4,2007-05-24,740,D,0
28.9388,80.7739,327.4,2007-05-24,740,D,0
28.3839,82.178,324.6,2007-05-24,740,D,0
28.3936,81.7759,323.8,2007-05-24,740,D,0
28.733,82.0641,302.2,2007-05-24,1705,N,0
29.208,80.3815,305.8,2007-05-24,1705,N,0
28.6281,81.933,303.3,2007-05-24,1705,N,0
28.7166,82.5005,316.6,2007-05-25,511,D,0
28.6266,81.9197,322.9,2007-05-25,511,D,0
28.6252,81.9308,322.0,2007-05-25,511,D,0
28.3952,82.0894,325.2,2007-05-25,511,D,0
28.3358,81.8463,321.6,2007-05-25,511,D,0
27.1224,86.5149,331.2,2007-05-26,727,D,0
28.68,81.8009,302.5,2007-05-26,1653,N,0
27.2427,86.0773,328.7,2007-05-27,459,D,0
29.3057,80.3086,314.2,2007-05-28,542,D,0
27.225,86.1957,326.1,2007-05-28,715,D,0
29.3106,80.3023,306.4,2007-05-28,1641,N,0
28.6804,81.7987,332.5,2007-05-29,759,D,0
28.6685,82.678,331.8,2007-05-29,759,D,0
28.3554,81.8621,324.9,2007-05-29,759,D,0
27.8654,84.9044,303.4,2007-05-29,2005,N,0
28.1803,85.3387,320.2,2007-05-30,529,D,0
28.1821,85.35,341.4,2007-05-30,529,D,0
28.1774,85.3536,351.3,2007-05-30,529,D,0
28.1798,85.3621,322.3,2007-05-30,529,D,0
27.1497,86.4886,305.8,2007-05-30,1628,N,0
27.138,86.4703,312.1,2007-05-30,1628,N,0
27.8526,84.9115,302.7,2007-05-30,2048,N,0
28.8446,81.0525,328.3,2007-05-31,746,D,0
27.161,86.3476,324.6,2007-05-31,746,D,0
28.1196,85.2855,323.5,2007-05-31,746,D,0
27.9639,84.8619,322.9,2007-05-31,746,D,0
28.0268,82.8155,328.6,2007-05-31,746,D,0
28.8222,81.0898,326.6,2007-05-31,746,D,0
28.3594,81.4507,326.3,2007-05-31,746,D,0
29.0482,80.7635,316.8,2007-05-31,747,D,0
29.634,81.6955,321.9,2007-05-31,747,D,0
29.6355,81.7052,322.9,2007-05-31,747,D,0
29.0943,81.0607,320.6,2007-05-31,747,D,0
28.9566,81.0063,320.9,2007-05-31,747,D,0
29.058,80.7053,326.5,2007-05-31,747,D,0
29.351,80.8036,325.9,2007-05-31,747,D,0
29.3534,80.6536,317.9,2007-05-31,747,D,0
28.4814,80.9632,338.9,2007-06-01,517,D,0
27.9987,82.9126,324.1,2007-06-01,517,D,0
29.0416,81.1744,321.6,2007-06-01,517,D,0
29.1189,80.6527,320.8,2007-06-01,517,D,0
29.0385,81.4608,326.4,2007-06-01,517,D,0
28.743,81.6657,320.3,2007-06-01,517,D,0
28.6417,81.9249,321.4,2007-06-01,517,D,0
28.1466,82.9736,319.9,2007-06-01,517,D,0
28.4828,80.9526,335.2,2007-06-01,517,D,0
29.0906,81.4784,309.3,2007-06-01,1616,N,0
29.0917,81.4847,308.2,2007-06-01,1616,N,0
28.6646,81.9417,306.3,2007-06-01,1616,N,0
29.0993,81.4812,304.6,2007-06-01,2035,N,0
28.8408,81.1217,325.1,2007-06-02,734,D,0
29.0957,81.4547,322.0,2007-06-02,734,D,0
29.4438,80.5959,318.1,2007-06-02,734,D,0
27.6883,86.1279,321.3,2007-06-02,734,D,0
28.8423,81.1326,310.2,2007-06-02,1659,N,0
29.0862,81.4776,304.6,2007-06-02,1659,N,0
29.1643,81.6283,316.2,2007-06-02,1659,N,0
28.0698,85.2136,316.1,2007-06-03,505,D,0
28.7281,81.6673,324.0,2007-06-03,505,D,0
28.8553,81.145,307.5,2007-06-03,2023,N,0
28.0025,82.9243,318.1,2007-06-04,548,D,0
27.996,82.9178,319.4,2007-06-04,722,D,0
28.8617,81.1363,307.2,2007-06-04,1647,N,0
28.3947,82.2123,302.8,2007-06-04,1647,N,0
29.2052,80.3301,303.4,2007-06-04,1647,N,0
28.5613,81.318,333.8,2007-06-05,805,D,0
29.2799,80.3047,327.6,2007-06-05,805,D,0
28.7878,80.1856,334.8,2007-06-05,805,D,0
29.6561,81.6848,315.3,2007-06-06,535,D,0
28.5498,81.3156,322.6,2007-06-07,752,D,0
29.317,80.3752,325.4,2007-06-07,753,D,0
27.9664,81.986,326.8,2007-06-09,740,D,0
27.5608,84.3845,322.0,2007-07-04,733,D,0
26.622,86.9912,311.8,2007-08-09,709,D,0
27.1108,86.4604,312.4,2007-10-09,505,D,0
28.2964,81.8292,307.5,2007-10-10,721,D,0
28.9542,82.9972,307.8,2007-10-28,535,D,0
29.0746,82.2878,307.5,2007-10-28,535,D,0
29.2391,81.7937,307.8,2007-10-30,523,D,0
29.6362,82.218,309.1,2007-10-31,740,D,0
29.4308,82.2601,311.9,2007-11-01,511,D,0
28.9447,82.7565,308.3,2007-11-02,727,D,0
29.466,82.3522,318.6,2007-11-02,727,D,0
29.4605,82.3432,313.0,2007-11-02,727,D,0
29.4629,82.3568,319.7,2007-11-02,727,D,0
30.0319,82.0349,301.7,2007-11-02,727,D,0
28.6535,84.6332,324.1,2007-11-03,459,D,0
26.6756,87.018,313.2,2007-11-07,745,D,0
28.5692,84.2275,300.6,2007-11-07,745,D,0
27.7494,84.954,300.5,2007-11-08,517,D,0
28.9655,82.0848,313.8,2007-11-16,739,D,0
28.9726,82.0903,300.2,2007-11-16,739,D,0
27.2436,85.7954,304.1,2007-11-17,511,D,0
29.0795,82.2223,307.6,2007-11-18,727,D,0
29.1502,82.2259,304.3,2007-11-19,458,D,0
29.0518,82.2616,300.3,2007-11-20,541,D,0
27.7211,87.5804,309.8,2007-11-20,714,D,0
28.3851,84.9364,311.0,2007-11-21,446,D,0
26.6673,87.0074,311.6,2007-11-21,757,D,0
29.546,81.5672,305.2,2007-11-21,758,D,0
29.2106,82.2548,311.3,2007-11-21,758,D,0
29.8768,82.2219,301.2,2007-11-22,529,D,0
28.1735,85.157,301.5,2007-11-23,434,D,0
27.6654,86.5958,304.9,2007-11-23,434,D,0
28.9403,82.5735,302.0,2007-11-23,745,D,0
29.3088,81.5035,308.8,2007-11-23,746,D,0
29.7725,81.7607,305.1,2007-11-23,746,D,0
29.7935,81.23,303.0,2007-11-23,746,D,0
29.7053,81.4354,306.1,2007-11-23,746,D,0
29.5324,81.5738,309.2,2007-11-24,517,D,0
29.5414,81.5722,317.4,2007-11-24,517,D,0
29.9016,81.6253,321.6,2007-11-24,829,D,0
29.9053,81.5924,320.1,2007-11-24,829,D,0
28.2868,84.6083,300.3,2007-11-25,733,D,0
28.2891,84.9607,329.0,2007-11-26,505,D,0
29.7059,81.181,308.1,2007-11-26,505,D,0
29.0641,82.4094,307.6,2007-11-26,505,D,0
26.6332,86.9997,320.8,2007-11-28,453,D,0
28.3852,84.846,328.4,2007-11-28,453,D,0
28.9684,82.1506,309.7,2007-11-28,453,D,0
26.6514,87.0028,325.1,2007-11-28,453,D,0
27.7466,86.5214,316.4,2007-11-28,453,D,0
26.6423,87.0012,352.8,2007-11-28,453,D,0
26.6437,86.991,320.0,2007-11-28,453,D,0
28.3669,84.9234,304.1,2007-11-28,453,D,0
28.384,84.8563,319.0,2007-11-28,453,D,0
26.6367,86.9897,309.2,2007-11-28,803,D,0
29.2839,81.4844,321.2,2007-11-28,804,D,0
29.2854,81.4974,308.0,2007-11-28,804,D,0
29.6003,81.576,320.7,2007-11-28,804,D,0
29.5987,81.562,322.4,2007-11-28,804,D,0
28.8899,82.8607,315.7,2007-11-28,804,D,0
28.888,82.8425,313.8,2007-11-28,804,D,0
28.5432,83.027,319.2,2007-11-28,804,D,0
28.5667,83.5771,303.8,2007-11-29,535,D,0
27.1063,86.4627,302.8,2007-11-29,708,D,0
26.6278,86.9832,311.2,2007-11-30,751,D,0
26.6261,86.9666,311.2,2007-11-30,751,D,0
27.1477,84.7882,310.8,2007-11-30,751,D,0
29.8874,82.2127,306.9,2007-12-01,523,D,0
29.889,82.2025,300.2,2007-12-01,523,D,0
29.0065,82.1133,313.0,2007-12-01,523,D,0
27.7685,86.4858,312.0,2007-12-01,523,D,0
27.7719,86.4679,302.9,2007-12-01,523,D,0
29.6762,82.264,311.6,2007-12-01,523,D,0
29.6746,82.2746,306.9,2007-12-01,523,D,0
27.773,86.4656,327.6,2007-12-01,656,D,0
27.7757,86.462,323.0,2007-12-01,656,D,0
27.142,84.8318,310.6,2007-12-02,739,D,0
28.4613,83.7609,308.3,2007-12-02,739,D,0
29.0445,81.9165,305.5,2007-12-02,739,D,0
29.0521,81.9044,307.8,2007-12-02,739,D,0
29.7694,81.6665,326.1,2007-12-04,727,D,0
29.7574,81.6636,307.4,2007-12-04,727,D,0
29.8355,81.651,300.3,2007-12-04,727,D,0
29.7665,81.6508,302.5,2007-12-04,727,D,0
29.34,82.2501,315.2,2007-12-05,459,D,0
29.3542,82.4694,307.2,2007-12-05,810,D,0
29.361,82.481,305.8,2007-12-05,810,D,0
28.8184,80.1792,349.8,2007-12-05,810,D,0
27.1297,84.8831,310.0,2007-12-09,745,D,0
28.4384,83.7409,301.7,2007-12-09,745,D,0
26.6815,87.0305,312.4,2007-12-11,732,D,0
26.6296,86.9834,309.0,2007-12-11,732,D,0
26.6483,86.9746,305.3,2007-12-12,815,D,0
26.6494,86.9792,305.9,2007-12-12,815,D,0
28.4514,84.8586,305.9,2007-12-15,536,D,0
28.4458,84.8866,300.4,2007-12-15,536,D,0
28.1922,84.8011,300.2,2007-12-16,441,D,0
28.352,84.9047,315.4,2007-12-16,751,D,0
26.637,86.9737,312.7,2007-12-16,751,D,0
26.6388,86.9903,315.1,2007-12-16,751,D,0
27.5516,84.5055,310.5,2007-12-16,751,D,0
29.0487,81.911,302.5,2007-12-17,523,D,0
28.5384,83.7035,300.9,2007-12-17,523,D,0
26.6152,86.9612,312.3,2007-12-18,739,D,0
26.6166,86.9723,309.9,2007-12-18,739,D,0
26.6253,87.8616,311.3,2007-12-18,739,D,0
28.4511,83.7698,314.4,2007-12-19,511,D,0
28.0095,85.7435,316.5,2007-12-19,511,D,0
28.455,80.9359,304.0,2007-12-19,511,D,0
28.0114,85.7319,324.0,2007-12-19,511,D,0
27.6345,87.6727,314.5,2007-12-19,511,D,0
28.4135,83.4561,307.4,2007-12-19,511,D,0
27.6371,87.6585,302.9,2007-12-19,511,D,0
26.678,87.0219,311.8,2007-12-20,726,D,0
29.0267,82.5446,314.5,2007-12-20,727,D,0
28.333,84.823,324.7,2007-12-20,727,D,0
27.629,87.6624,301.2,2007-12-20,727,D,0
28.5826,83.4498,304.7,2007-12-21,459,D,0
28.1768,85.054,308.0,2007-12-21,459,D,0
28.4658,82.9633,310.6,2007-12-21,810,D,0
28.5771,83.4348,310.9,2007-12-21,810,D,0
28.5789,83.4539,313.7,2007-12-21,810,D,0
26.673,86.9909,307.0,2007-12-22,714,D,0
27.6296,87.6582,302.7,2007-12-22,714,D,0
27.4632,86.9031,304.0,2007-12-23,447,D,0
27.4616,86.9159,308.7,2007-12-23,447,D,0
28.2874,84.9308,320.3,2007-12-23,757,D,0
29.0337,81.6925,314.3,2007-12-23,758,D,0
28.997,82.4903,314.6,2007-12-24,529,D,0
29.0254,81.7063,303.8,2007-12-24,530,D,0
28.5742,83.671,300.3,2007-12-24,530,D,0
28.0663,85.674,300.6,2007-12-24,530,D,0
28.3298,84.8969,311.0,2007-12-24,702,D,0
28.3335,84.8936,307.1,2007-12-24,702,D,0
26.667,86.9871,316.0,2007-12-25,745,D,0
28.4997,81.2578,310.3,2007-12-25,745,D,0
28.4681,83.7039,305.8,2007-12-25,745,D,0
28.498,81.2473,314.6,2007-12-25,745,D,0
26.6677,86.9804,312.9,2007-12-25,745,D,0
27.8925,85.6598,301.4,2007-12-25,745,D,0
28.9701,82.7483,304.7,2007-12-25,745,D,0
28.7863,82.0935,308.1,2007-12-26,517,D,0
27.5488,87.8087,309.0,2007-12-27,733,D,0
28.2665,84.8,310.6,2007-12-27,733,D,0
28.4124,84.4838,310.6,2007-12-27,733,D,0
28.4108,84.4739,329.8,2007-12-27,733,D,0
28.2906,83.2996,305.2,2007-12-27,733,D,0
28.6994,82.7112,317.0,2007-12-27,733,D,0
28.6974,82.6992,328.9,2007-12-27,733,D,0
29.0032,81.898,312.3,2007-12-27,733,D,0
28.5641,83.6725,308.2,2007-12-27,733,D,0
28.9575,81.9855,311.7,2007-12-28,505,D,0
29.0078,81.8983,308.9,2007-12-28,505,D,0
28.9662,82.165,301.3,2007-12-28,505,D,0
29.0084,81.9042,304.9,2007-12-28,505,D,0
28.714,82.714,312.1,2007-12-28,505,D,0
29.0485,82.2175,311.3,2007-12-28,816,D,0
29.0463,82.1924,313.8,2007-12-28,816,D,0
28.2168,84.9563,303.6,2007-12-28,816,D,0
29.6665,81.0748,306.4,2007-12-29,548,D,0
27.1631,87.6875,305.6,2007-12-29,720,D,0
28.2134,85.0395,320.5,2007-12-29,721,D,0
28.3458,84.4517,301.7,2007-12-29,721,D,0
28.089,85.7601,304.4,2007-12-29,721,D,0
28.2573,84.9429,311.6,2007-12-29,721,D,0
28.4248,84.4328,323.5,2007-12-29,721,D,0
28.4287,84.4549,327.7,2007-12-29,721,D,0
28.5986,83.1634,302.5,2007-12-29,721,D,0
28.3433,84.4378,306.1,2007-12-29,721,D,0
28.3584,84.8656,303.1,2007-12-29,721,D,0
29.1263,81.5591,306.1,2007-12-29,721,D,0
28.5792,83.3739,311.8,2007-12-29,721,D,0
29.026,81.6519,310.7,2007-12-29,721,D,0
28.5401,82.979,301.4,2007-12-29,721,D,0
28.2272,85.148,300.7,2007-12-29,1647,N,0
28.4365,84.7754,326.6,2007-12-30,453,D,0
28.3144,83.6449,307.3,2007-12-30,453,D,0
28.2502,84.7166,310.1,2007-12-30,453,D,0
28.4451,84.7903,325.8,2007-12-30,453,D,0
28.9782,81.9134,305.4,2007-12-30,453,D,0
28.3039,83.6392,315.3,2007-12-30,453,D,0
28.4465,84.7786,366.6,2007-12-30,453,D,0
28.9768,81.9062,304.9,2007-12-30,453,D,0
27.817,86.3069,310.8,2007-12-30,803,D,0
28.29,84.9331,308.1,2007-12-30,804,D,0
28.4599,84.4166,384.1,2007-12-30,804,D,0
28.4481,84.421,335.2,2007-12-30,804,D,0
28.2335,84.7714,314.3,2007-12-30,804,D,0
28.2321,84.7563,307.2,2007-12-30,804,D,0
29.3086,82.3752,312.8,2007-12-30,804,D,0
28.3025,83.6476,304.3,2007-12-30,804,D,0
28.4309,84.4317,308.6,2007-12-30,804,D,0
28.8656,82.5404,312.6,2007-12-30,804,D,0
28.8704,82.5484,314.2,2007-12-30,804,D,0
28.3011,83.6332,306.5,2007-12-30,804,D,0
28.2876,84.9389,312.2,2007-12-30,804,D,0
28.2914,84.9479,316.7,2007-12-30,804,D,0
28.4591,84.4114,318.3,2007-12-31,536,D,0
28.4552,84.4314,349.6,2007-12-31,536,D,0
28.1693,85.1793,300.9,2007-12-31,708,D,0
28.1703,85.1742,302.7,2007-12-31,708,D,0
28.4641,84.392,314.3,2007-12-31,709,D,0
28.4564,84.4207,313.7,2007-12-31,709,D,0
28.4675,84.4017,302.9,2007-12-31,709,D,0
28.4536,84.3998,325.2,2007-12-31,709,D,0
28.4594,84.4293,305.3,2007-12-31,709,D,0
